# Created by Octave 8.4.0, Thu Dec 11 09:16:06 2025 IST <gamana@Samsung>
# name: iq
# type: matrix
# rows: 2048
# columns: 1
 0.99706007033948296
 0.8958330830115131
 0.40749676511192734
 -0.26757933088703667
 -0.72295709950342013
 -0.97467563508643473
 -0.89379434027545168
 -0.40332217000396425
 0.12174574039319934
 0.61251750219373202
 0.9307412043625467
 0.95041478686084535
 0.5345505649007124
 0.026779638075654512
 -0.6161208997466926
 -0.93240144544834269
 -0.98602164326815445
 -0.7618765189682617
 -0.17471292102219657
 0.35375141607369498
 0.86850088041626661
 0.99982764492782827
 0.84949989429398942
 0.31878331613078459
 -0.2111462234393818
 -0.78539783471713998
 -0.99152754231630602
 -0.91834089914126482
 -0.58645480711822251
 0.06387260574650877
 0.6849297096298741
 0.99211040285063745
 0.91652386521001739
 0.58274974275466684
 0.084813229831986955
 -0.56931784686309095
 -0.96255289322519511
 -0.96570177215863195
 -0.57903252519821957
 -0.080262094262641887
 0.57306627895981621
 0.96378086250028872
 0.91283249357463192
 0.4435688105502032
 -0.22896505360363265
 -0.69484718481991314
 -0.9649887322131383
 -0.96328999306189333
 -0.69022950739697697
 -0.22272925180653891
 0.44929670050794807
 0.84318003849283296
 0.99953697267526553
 0.7898948670650332
 0.36482469394694789
 -0.1630177147739201
 -0.64493753308863866
 -0.98397524954642002
 -0.87209571834185651
 -0.49885389310436667
 0.16752163237433296
 0.64842084563481195
 0.94665791726123827
 0.93501460739056352
 0.49489079104069511
 -0.019482646357389975
 -0.65189063542320946
 -0.94811962245698522
 -0.93338546174226766
 -0.49091736807458636
 0.024048282052691987
 0.65534683009168626
 0.98632564038788906
 0.8653101111236956
 0.34775691095553296
 -0.3291596362235587
 -0.85523523768182264
 -0.99997112992048121
 -0.86301208685108277
 -0.34347161125692577
 0.18550142810862433
 0.76893472152711884
 0.98778974619014315
 0.86069606453987113
 0.33917914848910674
 -0.18998693966562338
 -0.66563312401798547
 -0.98849090621939795
 -0.92667456830169237
 -0.60381116136497703
 -0.1108522977199087
 0.54761443469753268
 0.89865934540983339
 0.97216437610049722
 0.60016461899422868
 -0.046867033747573464
 -0.67242136389076779
 -0.95647358368258695
 -0.9232030263304648
 -0.46686474663636957
 0.051428232491258427
 0.6757944842168484
 0.95779626121622063
 0.92143835717186395
 0.59283406142640771
 -0.055988358703845706
 -0.55902603440189202
 -0.95909896399592787
 -0.96886329631413692
 -0.70569586549307994
 -0.24373174421850885
 0.28689235719527861
 0.73669800137329189
 0.9789735583027539
 0.88459937535560251
 0.38484800857883378
 -0.29126409986974627
 -0.83390129996400719
 -0.99887378497716794
 -0.80022448225587572
 -0.38062901780274139
 0.29562976825788428
 0.74284342228831535
 0.98079580514366582
 0.94245500051237052
 0.51354214370764828
 -0.15070692720004675
 -0.6353613396672978
 -0.9816762563472855
 -0.9409183725946465
 -0.5096182613695085
 0.15521990264824989
 0.74892687579832318
 0.98253623478184693
 0.93936212190982626
 0.5056837509888833
 -0.15972964099951256
 -0.7519452059868672
 -0.98337572251258365
 -0.93778628091338123
 -0.5017386946196043
 0.16423604820363752
 0.7549478544265199
 0.98419470203205239
 0.87149073500076379
 0.35941675965785358
 -0.31736381384729234
 -0.75793475849732128
 -0.98499315626050998
 -0.86924208047228424
 -0.35515146651018259
 0.32169112912610048
 0.85111530279515479
 0.99050672924155281
 0.67598778716342178
 0.051690166626058617
 -0.46663278619843457
 -0.8535038514756933
 -0.99994026315875784
 -0.77778605465602391
 -0.34659874936696677
 0.33032554306011602
 0.85587460041102437
 0.99997975150891727
 0.77490763686045938
 0.1947257580520656
 -0.33463246164541943
 -0.769723690212191
 -0.99999838537229402
 -0.77201305843660495
 -0.33801711923289846
 0.33893240150115228
 0.7726309446768147
 0.98867698022951811
 0.85772783948271503
 0.47383495062976799
 -0.043538697587652483
 -0.5486473611136512
 -0.95549601106452198
 -0.92447833088141018
 -0.59917633153129735
 0.04810061880376932
 0.55245965203411107
 0.90118910628606363
 0.97078868493983261
 0.7112699746563621
 0.25138433026619494
 -0.42275288344574552
 -0.90315903864523062
 -0.9696828445732264
 -0.59183905123294156
 0.057221356716363872
 0.56004959012291766
 0.90511013570477716
 0.96855678155907665
 0.70482032713478615
 0.24253382409876054
 -0.43101227257150254
 -0.90704235677475153
 -0.99474101974739715
 -0.80221808549423934
 -0.38370785527361939
 0.14289405503088268
 0.74060881724670391
 0.98014054811671381
 0.94356367941495367
 0.64118202727612839
 0.005446466656266781
 -0.50703949142794102
 -0.87669086913002936
 -0.99937573922465328
 -0.74788412868125476
 -0.15366656742847584
 0.3736261111647376
 0.79566716792130066
 0.99356634228954255
 0.9115748296758901
 0.57278989074160702
 -0.080598222732407257
 -0.69705133323988455
 -0.99407316861236728
 -0.83555027623656908
 -0.43671209054113685
 0.08514923093521945
 0.58302375281096053
 0.96696348238648455
 0.96121189540502372
 0.56527940041679248
 -0.089698463358592009
 -0.58672791667811064
 -0.91847431573064442
 -0.95994232489362474
 -0.68134843078258478
 -0.05897792840350171
 0.4601648393334698
 0.84967775999932593
 0.99983384877874237
 0.86833367476890355
 0.49222124044383364
 -0.022551427497307118
 -0.65421517251090366
 -0.98607777404705177
 -0.86605962344102483
 -0.34916032984535117
 0.32774544257114785
 0.76504373808146187
 0.9999586319136059
 0.77663172110021084
 0.19740496596936324
 -0.3320564935482308
 -0.85682192344726693
 -0.98893948579507385
 -0.77374680424103814
 -0.34058727400126604
 0.18851673627980456
 0.66451500356302839
 0.95331735554538732
 0.92723629695034715
 0.47623922634562982
 -0.040808889991026519
 -0.66792065896118524
 -0.95468642402066628
 -0.92551650307139577
 -0.47221868416594392
 0.19747842878373487
 0.77667892647719483
 0.98961727890937345
 0.9237774076299472
 0.59770660638150441
 -0.049932895571018494
 -0.67469011074952911
 -0.99026332165106024
 -0.85203770817596947
 -0.464148139626821
 0.054493383907177437
 0.55778395400348058
 0.9039450729211691
 0.96923292646253989
 0.59035936055186145
 0.094171220419915477
 -0.56156844030411857
 -0.90588859223877527
 -0.96809874646541105
 -0.58666723142977939
 0.063610856130871932
 0.5653412151459779
 0.90781321933218118
 0.96694437685696777
 0.70026499464550118
 0.23631881496075158
 -0.29419909994775784
 -0.74184022576927944
 -0.98050268395307083
 -0.94295452778891731
 -0.51482631406600432
 0.1492265986468464
 0.6342044204286742
 0.98138984345368674
 0.87884280898254086
 0.51090593409880236
 -0.00095470993008341055
 -0.51254640924252104
 -0.87975221252868729
 -0.98102139639313612
 -0.74361952882577431
 -0.29673775849055872
 0.37955604050049663
 0.79952826721899239
 0.9942709280307731
 0.90892441789562195
 0.43506105404562229
 -0.086976906331164811
 -0.7016268198592065
 -0.99474869226751583
 -0.83201627094256037
 -0.28800343928546723
 0.38799006792188778
 0.88618295094858357
 0.97827295958773519
 0.73439005846064775
 0.28362722468448237
 -0.24703426848143711
 -0.80768168619747682
 -0.99564197502935825
 -0.90312686476827797
 -0.55619814582020222
 -0.052586702724156269
 0.5955741004690619
 0.92275658720024012
 0.98999571220944627
 0.77835000768533547
 0.20008270023350191
 -0.46987465789359312
 -0.85540995045046719
 -0.99997363548384233
 -0.8628416793842707
 -0.34315488624227353
 0.18583278572983522
 0.66247079180869495
 0.95248874330969102
 0.9741876934915108
 0.72145498151342724
 0.2654861877484091
 -0.40947901636436274
 -0.89679605440828325
 -0.99689131497651151
 -0.71828519146551872
 -0.11051714876850045
 0.41364104130242635
 0.82127528094718671
 0.99652111377909025
 0.71510042164526089
 0.2566695505195406
 -0.27406592047488221
 -0.82387216943413188
 -0.99613013022446173
 -0.71190073847071889
 -0.10143517182540703
 0.42193912522092825
 0.90277326207257647
 0.96990183591888457
 0.5925624553559925
 0.096890962859445942
 -0.42607501114555518
 -0.90472806512921378
 -0.96877974656918697
 -0.70545689928489297
