# Created by Octave 8.4.0, Thu Dec 11 09:16:06 2025 IST <gamana@Samsung>
# name: iq
# type: matrix
# rows: 2048
# columns: 1
 0.99706007033948296
 0.71979445629436789
 0.2631763561998442
 -0.41166286191191009
 -0.82003431881388944
 -0.99669975492155383
 -0.81477298767905471
 -0.40332217000396425
 0.12174574039319934
 0.72610466550790553
 0.9977183133033527
 0.89173695753970295
 0.5345505649007124
 0.026779638075654512
 -0.6161208997466926
 -0.93240144544834269
 -0.98602164326815445
 -0.7618765189682617
 -0.17471292102219657
 0.49251475324559779
 0.86850088041626661
 0.99982764492782827
 0.84949989429398942
 0.31878331613078459
 -0.35801914740060525
 -0.78539783471713998
 -0.99973243577145421
 -0.7559288889967074
 -0.31445154230134043
 0.21560776862847272
 0.78821639611625471
 0.99211040285063745
 0.84464582685674738
 0.31011321061357677
 -0.36653212183670031
 -0.79101851933410983
 -0.99267257301273648
 -0.84219234522037123
 -0.44765705097149988
 0.072984607991762596
 0.57306627895981621
 0.91171342092136254
 0.99352809498320716
 0.69352673492061989
 0.07570928483461975
 -0.44521220012329865
 -0.91358003901312201
 -0.99299901827171977
 -0.69022950739697697
 -0.22272925180653891
 0.3075145173729773
 0.84318003849283296
 0.99244923265600671
 0.7898948670650332
 0.36482469394694789
 -0.31185672933426212
 -0.84562645019083471
 -0.99966550404728993
 -0.87209571834185651
 -0.36056893869878703
 0.31619243755180926
 0.8480552264261183
 0.99977318748613397
 0.78426098528443078
 0.20935274634661827
 -0.32052155160483159
 -0.76010394507765244
 -0.98556272514868337
 -0.86759008943263682
 -0.49091736807458636
 0.024048282052691987
 0.65534683009168626
 0.94956155470422277
 0.93173685042504906
 0.48693370707140277
 -0.028613416223251562
 -0.65878935756162205
 -0.95098368393158716
 -0.97528298882685538
 -0.72484208350577484
 -0.27021093937455071
 0.40500014806224366
 0.81583521236402634
 0.99726570321822938
 0.72168845298289652
 0.11538970234524717
 -0.40917133979595066
 -0.8184675601388407
 -0.99719895765191047
 -0.89501634929027651
 -0.40582081906933309
 0.26934646894041164
 0.72422331303918408
 0.97508422786670002
 0.89297011361220469
 0.40164283463597866
 -0.27374159579893415
 -0.82368099394745231
 -0.99784048800762737
 -0.89090525512361429
 -0.5329992784866211
 0.12809678987676251
 0.61756479500956363
 0.93306290263883518
 0.94840464974003225
 0.52912975935153383
 -0.13262453776289626
 -0.62115016073397611
 -0.97803180066825379
 -0.94694682925076201
 -0.64910403070761957
 -0.16840663519935209
 0.35973142613265052
 0.7865320410317943
 0.99176416681488366
 0.91761328397652675
 0.58496792371446682
 -0.065703233495606125
 -0.56706950284859436
 -0.90869055342431926
 -0.99433068714871142
 -0.69876661142307306
 -0.23428092150626556
 0.43866472620209418
 0.91058754221140992
 0.99383473207418238
 0.69549253346794615
 0.22983886917435997
 -0.30056110973383704
 -0.83923346343101557
 -0.99928825965359569
 -0.8778404872174177
 -0.50910235623141731
 0.0030514704809131319
 0.63934227975830582
 0.94276776507499982
 0.93915636712574746
 0.50516645672498361
 -0.0076181230326295875
 -0.51825665415879041
 -0.94428070266461939
 -0.9797075795596828
 -0.62755292141098928
 -0.14074430265655777
 0.38571241797353167
 0.80351276705697883
 0.99859754065805273
 0.83085125981047836
 0.28599488377344656
 -0.38992172563436439
 -0.80622289134105818
 -0.99834535313919615
 -0.82830124935140881
 -0.42492214231189135
 0.24906550352207987
 0.70958443255447734
 0.97021124986167029
 0.90222458413319573
 0.55445440839064575
 -0.10270246429071617
 -0.59725712225949523
 -0.97130746523665168
 -0.9002457090423186
 -0.55064815002270362
 -0.04593131769919901
 0.60091361986429004
 0.97238342408277312
 0.89824805940904495
 0.54683040793766702
 -0.11178320076887521
 -0.71917095471045989
 -0.99699087892641325
 -0.81792900324223472
 -0.26404235925702368
 0.41084453748590954
 0.81952018909452262
 0.99733448906692401
 0.81529316103758886
 0.2596349677644772
 -0.27111270055569336
 -0.82212859567070329
 -0.99765729988735974
 -0.81264031596820996
 -0.39996214760978954
 0.1253865848533969
 0.61541353166504653
 0.93207659845760404
 0.94926739928405801
 0.53144619835735418
 0.023111817585558577
 -0.61900661196690854
 -0.93372121977050349
 -0.98540369521650351
 -0.75949492640487548
 -0.17109921970155928
 0.35718075455367776
 0.8703136909681306
 0.99975279918023063
 0.84755847652366645
 0.31530363260875299
 -0.36144249425195224
 -0.78766360041144112
 -0.99964083922039459
 -0.84512607876462709
 -0.45253670899120069
 0.21918897986619457
 0.6875983345796387
 0.96230912882289399
 0.91505018734590982
 0.44845964973260072
 -0.22364234870074773
 -0.79325783399935179
 -0.99310923099183313
 -0.91319871065743574
 -0.44437323788879984
 0.22809105349444225
 0.69420127614731086
 0.9647528694319546
 0.96353061944121765
 0.57229837309841147
 0.072050349334576741
 -0.57979598706790159
 -0.96594457262267019
 -0.90943866226183856
 -0.56854749921864145
 -0.067494761286094856
 0.4525714579813136
 0.91689813430433831
 0.99199253296624257
 0.7876395915612161
 0.21469298093651523
 -0.45663899873170727
 -0.91871124287477057
 -0.99140542991536318
 -0.78481766561972999
 -0.35714435702152109
 0.31967102992783158
 0.75952027487028451
 0.99984459710808049
 0.78197937237721382
 0.35287510517200593
 -0.32399478073037791
 -0.76248292226100611
 -0.98617728521833581
 -0.86575975137549621
 -0.34859849414428834
 0.32831177465123523
 0.8547696394161699
 0.99996390521556577
 0.7762539210985151
 0.34431461312667594
 -0.33262192165991472
 -0.85713088116327518
 -0.99999227854816175
 -0.86115278299169851
 -0.34002355145909097
 0.33692513186863876
 0.8594742475238133
 0.98816003957529952
 0.77046371533771096
 0.33572539863128775
 -0.34122131553440338
 -0.86179968962706266
 -0.98744908124580055
 -0.66058930444052788
 -0.03100736960251144
 0.61278402605769577
 0.97576054698524961
 0.89158429610588674
 0.39882994629126045
 -0.12661172060870704
 -0.72946779440294807
 -0.97674975441813594
 -0.94887831184973592
 -0.53039965315243032
 -0.021877151972351568
 0.61997607397048027
 0.93416263098438557
 0.98519270874744136
 0.65024226875192148
 0.017311311182923683
 -0.62355274104028446
 -0.93578250779400085
 -0.94595587526113267
 -0.52263478249728768
 -0.012745109367646898
 0.62711640397435597
 0.93738286894452327
 0.94446504989139402
 0.64327632135886925
 0.16087467946475087
 -0.50468262234372585
 -0.93896368106054662
 -0.94295452778891731
 -0.51482631406600432
 0.1492265986468464
 0.74489481655070955
 0.98138984345368674
 0.94142434045552237
 0.51090593409880236
 -0.00095470993008341055
 -0.51254640924252104
 -0.94206652672674507
 -0.93987451980311765
 -0.50697489923478045
 0.1582514249800219
 0.64123953205676343
 0.94358849556734636
 0.98012568485461038
 0.74055846159663596
 0.29237364760094314
 -0.23817371995497297
 -0.7016268198592065
 -0.96742949194927785
 -0.90701080238006038
 -0.43094465135510163
 0.24260652398668919
 0.80498064877621045
 0.99846372804915795
 0.73439005846064775
 0.13377424106472693
 -0.39219498831718441
 -0.88828962711363857
 -0.99820027893006624
 -0.73128285119524605
 -0.27924509506351897
 0.39639172952169083
 0.81036587949062577
 0.99605747492512753
 0.90115662367122262
 0.41854186373866809
 -0.10515904404881884
 -0.5992363264894498
 -0.92450689724225354
 -0.98934103856410838
 -0.77547477392715181
 -0.34315488624227353
 0.18583278572983522
 0.76915027238281941
 0.98784222664825339
 0.92825599487008159
 0.47863994687511247
 -0.038078777750887242
 -0.66588474714962409
 -0.98854186490453733
 -0.92654776616293766
 -0.60354231895386923
 -0.11051714876850045
 0.41364104130242635
 0.89880721535633923
 0.99652111377909025
 0.81351195702580037
 0.2566695505195406
 -0.41779443979418884
 -0.90079963176166622
 -0.97100369805400089
 -0.59623486975544926
 0.051765004297932744
 0.55551415395589532
 0.90277326207257647
 0.99571837246654993
 0.70868620867103405
 0.24783150212176325
 -0.42607501114555518
 -0.82901434727097012
 -0.99528584909253059
