# Created by Octave 8.4.0, Thu Dec 11 09:16:06 2025 IST <gamana@Samsung>
# name: iq
# type: matrix
# rows: 2048
# columns: 1
 0.99706007033948296
 0.8958330830115131
 0.54224716769547932
 -0.11721173552297842
 -0.60890133064396568
 -0.92906155275357227
 -0.98750228500057424
 -0.76776059380909523
 -0.33173838777682652
 0.34519391021604329
 0.77684411094735351
 0.98965494219090344
 0.85428309712852479
 0.46795651702564361
 -0.20221001589228241
 -0.77971163284007661
 -0.99990200276958874
 -0.85190037886372305
 -0.32310844176316006
 0.20668027481499857
 0.78256289391760381
 0.99982764492782827
 0.75891061748844191
 0.31878331613078459
 -0.2111462234393818
 -0.68159522404935846
 -0.96003675884366646
 -0.91834089914126482
 -0.58645480711822251
 0.06387260574650877
 0.6849297096298741
 0.99211040285063745
 0.84464582685674738
 0.451735955545704
 -0.22006481733715735
 -0.68824991106358091
 -0.96255289322519511
 -0.9146877172569069
 -0.57903252519821957
 -0.080262094262641887
 0.57306627895981621
 0.96378086250028872
 0.96450593995209644
 0.69352673492061989
 0.07570928483461975
 -0.44521220012329865
 -0.84071604235180275
 -0.99299901827171977
 -0.79268712746483883
 -0.22272925180653891
 0.44929670050794807
 0.91542760447624616
 0.96205395684648265
 0.56780872985143183
 -0.086640958364850085
 -0.58423955633417979
 -0.91725607877992499
 -0.99187874960179634
 -0.68359193739244539
 -0.21381607161106853
 0.31619243755180926
 0.7571285669469523
 0.99977318748613397
 0.78426098528443078
 0.20935274634661827
 -0.32052155160483159
 -0.85046631654676685
 -0.99986002074606939
 -0.78141948139773487
 -0.20488505504967391
 0.46554015275120081
 0.92262657540312143
 0.95690944055429616
 0.67352883541892117
 0.048362596540172997
 -0.46957695504264702
 -0.92437830773569063
 -0.98939008741680945
 -0.77568764392683509
 -0.34347161125692577
 0.3334684266427943
 0.85759296924080952
 0.98871630425468959
 0.66674975226285726
 0.19145671714048751
 -0.47762109668853364
 -0.85993281577640979
 -0.9880219015039563
 -0.76989109921219223
 -0.33487961217098988
 0.34206505440574203
 0.77474182782419287
 0.98917145136069295
 0.92494844217390204
 0.60016461899422868
 -0.046867033747573464
 -0.67242136389076779
 -0.98983136742132305
 -0.9232030263304648
 -0.59650556024492263
 0.051428232491258427
 0.6757944842168484
 0.99047064063879786
 0.8512529665268137
 0.32193945930560336
 -0.35490626986012647
 -0.86911238135537339
 -0.99980395440413061
 -0.84884768600070171
 -0.458768420102943
 0.21235319707962388
 0.68249837391928281
 0.99168720564712287
 0.91785140651800046
 0.58545405011465856
 -0.065105013155937183
 -0.68582900348661102
 -0.99226447206662238
 -0.84398406755565658
 -0.30893888111699319
 0.22126935221527527
 0.68914533015244894
 0.96288695422024306
 0.9141878894328731
 0.57802520069364793
 -0.074216236599828955
 -0.69244728475509543
 -0.99335691254234948
 -0.91232751373217513
 -0.4424616353320619
 0.23016704923830103
 0.69573479843258723
 0.99387206381583204
 0.83655675988810607
 0.29588031770414369
 -0.2346087439461009
 -0.69900780262412576
 -0.99436648797780181
 -0.90854972200353745
 -0.56679171182125632
 0.087871226153273418
 0.70226622907149605
 0.99484017471709107
 0.90663238476110664
 0.4301343611309012
 -0.2434773626005656
 -0.80551296461297017
 -0.99841358164780036
 -0.82897243756720596
 -0.28276622004933655
 0.39302066094081484
 0.88870159436007923
 0.97712545794276662
 0.61777106458305009
 0.12835690768192648
 -0.5327773384036506
 -0.89078609838175804
 -0.99785768142665632
 -0.72754477087597536
 -0.12382663922268553
 0.53663638247872347
 0.95118000661973989
 0.92983515611251089
 0.61056324143078522
 0.11929378837014401
 -0.40558109087941591
 -0.89489933155118495
 -0.97412032261841397
 -0.72124842059896455
 -0.11475844965649423
 0.544320815873372
 0.89692797491782272
 0.99686777156496353
 0.81598685847420904
 0.40523994382358991
 -0.26995840372191243
 -0.8214454074650902
 -0.99649621282851231
 -0.71489190435477024
 -0.10568068703210141
 0.55195984246030783
 0.95665883394443718
 0.92295861919554401
 0.59599540255201799
 -0.052062855347068573
 -0.6762627494820509
 -0.99055796071614033
 -0.92119127378302013
 -0.46225799891092795
 0.056622824775336068
 0.55955282499801029
 0.90485507765582107
 0.99525687875389923
 0.70524548009537236
 0.092047750319764185
 -0.56333185165924482
 -0.90678977900899604
 -0.96756214780067518
 -0.70200049996152902
 -0.238683157476864
 0.43458867450450844
 0.83425185842333105
 0.9989037342578112
 0.88216136341728757
 0.38004130030372729
 -0.14681942614894028
 -0.63232066979907131
 -0.93969524074499333
 -0.9823547792959354
 -0.74828196255844681
 -0.15425892329711394
 0.3730699565266074
 0.87859241165578594
 0.99922771763834428
 0.83837750983358095
 0.29906123418645231
 -0.23136869382886627
 -0.79806397900131565
 -0.99903785701884862
 -0.74219188539576064
 -0.29470041031222721
 0.38152831590914027
 0.88291758535122433
 0.99882716155569551
 0.83336406185027223
 0.43313974907902392
 -0.089101359923037027
 -0.58624234246306972
 -0.91823705848225556
 -0.96011013199408302
 -0.56200240479872954
 -0.059576378176591699
 0.45963249696403663
 0.92003604147862239
 0.95882316854271554
 0.67843923510325732
 0.20693688761713588
 -0.4636834374954496
 -0.92181583720699822
 -0.99033620859227778
 -0.67507720063547971
 -0.050456800295622002
 0.59728597179663523
 0.97131601931168288
 0.95618928038653395
 0.55061812396139964
 -0.107279713530316
 -0.60094237098948822
 -0.92531771879083213
 -0.98902822624331277
 -0.66831096608754659
 -0.19351427197345175
 0.33579598627634649
 0.85886072213434583
 0.99999984205834835
 0.77122750954177499
 0.3368545744428309
 -0.19241132777952227
 -0.66747436862954301
 -0.95450783195983091
 -0.92574337325759704
 -0.47274705089475788
 0.19689069525206784
 0.67086792725114253
 0.9558596058549732
 0.92400680960145565
 0.5981871302220686
 -0.049334130498314532
 -0.55348863374498325
 -0.9571914453849667
 -0.97049162886470242
 -0.59452133364708126
 0.053894760962600277
 0.67761300134487346
 0.9908077913786828
 0.92047590867298401
 0.46063050324539889
 -0.058454267456547186
 -0.68096437614913996
 -0.99141523092163131
 -0.91868164503724958
 -0.58715262114053235
 -0.090220902426703026
 0.56484660844744916
 0.90756163939843948
 0.99461377204279167
 0.80148015353013036
 0.23690129582362218
 -0.43624013022962893
 -0.83526195740363451
 -0.99413005902736373
 -0.69742736225788915
 -0.081121071009057535
 0.57235982405592067
 0.96355067000154482
 0.964733146222856
 0.57600790846049943
 0.076568570188056032
 -0.57609856620207622
 -0.96476233464793859
 -0.9635209932503046
 -0.69085283187719815
 -0.22356930816004994
 0.30669437559828905
 0.84271640179536644
 0.99255456754202531
 0.79042305788477341
 0.36562694772596338
 -0.16216739538656585
 -0.64427868567325608
 -0.94489469349560051
 -0.93692582017353565
 -0.4996006065460008
 0.014054907842664553
 0.64776454196252897
 0.94637986330795709
 0.97839707357332473
 0.62252813840774579
 0.13436833251938127
 -0.39164344489493441
 -0.80732806228184006
 -0.99823605081354361
 -0.73169162602727844
 -0.27982070046704954
 0.39584126483067594
 0.89010471046960693
 0.99795451682541114
 0.8246774739692172
 0.27543350650641918
 -0.25529461712429846
 -0.8126839849710944
 -0.99765217058657929
 -0.72543551228183079
 -0.27104056840503038
 0.2597073351704795
 0.71729488562092358
 0.97281826606090593
 0.89742444567054214
 0.54526342836913111
 -0.11364173369556495
 -0.60604645730021167
 -0.97386563363520129
 -0.89540040259902232
 -0.54142963429734614
 0.11817767027670485
 0.72362878561645982
 0.97489269133026779
 0.89335768603351851
 0.53758454875979766
 0.030372194738322415
 -0.48539609972578496
 -0.9310964577822689
 -0.95011184358475875
 -0.53372825194534723
 -0.025807279212384109
 0.48938368325399473
 0.86671376067056971
 0.99988791254349441
 0.76124612228590061
 0.32218776733811588
 -0.35466104879522864
 -0.7831680959575561
 -0.9998091133022865
 -0.84898630942477415
 -0.31786121809897533
 0.21209688868416976
 0.78599955294768586
