# Created by Octave 8.4.0, Thu Dec 11 09:16:06 2025 IST <gamana@Samsung>
# name: iq
# type: matrix
# rows: 2048
# columns: 1
 0.99706007033948296
 0.81741217677477895
 0.40749676511192734
 -0.11721173552297842
 -0.72295709950342013
 -0.99739959216031482
 -0.81477298767905471
 -0.25876789299367536
 0.41582037352034329
 0.89985447880301794
 0.99631865342087256
 0.71342420240216764
 0.10359543274975808
 -0.41996921323270014
 -0.82522724334078956
 -0.99801622712169602
 -0.88966097771079677
 -0.53068550131166847
 0.13080603864129745
 0.61971144815431445
 0.93404224138678449
 0.94753482023462876
 0.52680937032475517
 0.017648480643128749
 -0.62328907253604104
 -0.97859770037839833
 -0.94606518067421075
 -0.5229222527763302
 0.13985542515412888
 0.73854284938133441
 0.97952724534565039
 0.94457581101048138
 0.64353447266247155
 0.1612074989385934
 -0.50439146910589572
 -0.9388476181633828
 -0.94306674230411036
 -0.51511538248430411
 -0.0039492221486906965
 0.50832944618280662
 0.8774101499200383
 0.98196046852828767
 0.63651683455885644
 -0.00061748905173052778
 -0.51225682209534928
 -0.94195336044907441
 -0.98108672759545423
 -0.6329880670983572
 -0.14767181956608888
 0.51617351493844721
 0.9434767811546485
 0.98019252618813468
 0.62944609872927793
 0.14315364154996899
 -0.38346563566337838
 -0.80206146680018797
 -0.99872344485238629
 -0.83220329738643806
 -0.28832635562389775
 0.24227936376794221
 0.80478052944019018
 0.995172673015283
 0.9052216213146459
 0.56026686158099936
 -0.095736315726760557
 -0.70786729603693477
 -0.96961871794042342
 -0.90327160727240496
 -0.55647836159153252
 -0.052923454120163547
 0.5953031768677769
 0.92262657540312143
 0.99004323693862828
 0.77856168107880996
 0.20041309089354509
 -0.46957695504264702
 -0.85523523768182264
 -0.99997112992048121
 -0.77568764392683509
 -0.34347161125692577
 0.18550142810862433
 0.76893472152711884
 0.98778974619014315
 0.92838136871562715
 0.47893600348116838
 -0.18998693966562338
 -0.77184632306809275
 -0.99999882230188708
 -0.76989109921219223
 -0.18697249432793983
 0.48162826828313782
 0.92951769366217263
 0.9514456324359305
 0.53736337067249562
 -0.1229714388149704
 -0.72695326304485031
 -0.9759566197678079
 -0.95003000237158464
 -0.53350643239463069
 -0.025545082696878618
 0.4896123951713961
 0.86684455914106351
 0.98581512268540761
 0.76107601527488455
 0.17349680460094399
 -0.35490626986012647
 -0.78333115921436058
 -0.99108925768113243
 -0.91965447150011992
 -0.458768420102943
 0.21235319707962388
 0.68249837391928281
 0.96038166485395848
 0.91785140651800046
 0.58545405011465856
 -0.065105013155937183
 -0.68582900348661102
 -0.99226447206662238
 -0.84398406755565658
 -0.4506338234743309
 0.22126935221527527
 0.79177346594786169
 0.99282104490079037
 0.9141878894328731
 0.44655238580789536
 -0.22572055441760619
 -0.79455462137295907
 -0.99927548207434191
 -0.74606759889611551
 -0.30023946390148659
 0.23016704923830103
 0.69573479843258723
 0.99387206381583204
 0.83655675988810607
 0.43836165735905963
 -0.2346087439461009
 -0.80006716347485207
 -0.99436648797780181
 -0.90854972200353745
 -0.56679171182125632
 -0.065366737446402923
 0.4544722474186727
 0.91774726849180999
 0.96045472696749501
 0.68269004969697578
 0.060809116983152368
 -0.58893824801691086
 -0.91955143387160576
 -0.95917317570695038
 -0.55924348713722538
 0.096965548000683841
 0.70873907722246843
 0.99572529684553057
 0.9027410274486326
 0.55545184092149236
 -0.10150972301813228
 -0.59629502905811249
 -0.97102161033957579
 -0.90076708853249832
 -0.55164861080812788
 -0.047129026907081685
 0.59995480435262905
 0.97210288979435833
 0.95520861010101676
 0.54783387611315026
 -0.11059162740069406
 -0.60360206764425894
 -0.92657595352213129
 -0.95384720949172808
 -0.66582883744112153
 -0.038003893997068453
 0.60723674286965779
 0.92828386484757086
 0.98783057403202179
 0.66241465481381889
 0.03344009110984917
 -0.6108587542280044
 -0.97522500136899581
 -0.95106475988945738
 -0.65898665758912811
 -0.18126999201027524
 0.48670460215319011
 0.93164157445709228
 0.9496437689242001
 0.6555449172576302
 0.02431048835748555
 -0.49068884864234602
 -0.86745963149813543
 -0.99986437470970757
 -0.85060425588363664
 -0.32076998583533983
 0.20909626830340569
 0.68005946213323143
 0.99125300021650498
 0.84819418306959704
 0.31644125325140804
 -0.36032428641518216
 -0.87196734401615261
 -0.98402198209493885
 -0.64513795681808295
 -0.010612519844126429
 0.62877621856052379
 0.98002148790987431
 0.88216136341728757
 0.38004130030372729
 -0.29623677868468345
 -0.74326870013664503
 -0.98091954833887085
 -0.88000148718019999
 -0.37581327393081404
 0.15133511286020959
 0.74631604385532435
 0.99928961588829657
 0.87782325859210852
 0.37157741000626143
 -0.1558476434914762
 -0.74934782322077675
 -0.99945129846568637
 -0.87562672307979927
 -0.50513541329369049
 0.0076540922221998405
 0.51828741647559129
 0.88291758535122433
 0.99882716155569551
 0.73912359746495881
 0.14070869037571973
 -0.385745604551474
 -0.88505257490451683
 -0.97877467785731409
 -0.62396275109292332
 0.01678682145707245
 0.64984365241436226
 0.98510263602475268
 0.9343496925360214
 0.6203875739834438
 0.13166037242984119
 -0.39415595998417602
 -0.80893734916154614
 -0.99583860518100376
 -0.90220907079050061
 -0.55442447309244725
 0.10273824425630476
 0.71282005550396421
 0.99624440493583688
 0.82312903420732286
 0.27280592502520762
 -0.40253343524152485
 -0.89340751673744401
 -0.99746133057868402
 -0.72355223348021303
 -0.26840959403777453
 0.2623448515520968
 0.81691543813106104
 0.99699366665647393
 0.89621572041045716
 0.54297105604711338
 0.036769779306858492
 -0.60821749558721294
 -0.92874241110959266
 -0.95208896010981581
 -0.66148898157258573
 -0.18454552741333063
 0.48379140646894586
 0.93042572176579064
 0.98691159380281812
 0.65805726073601745
 0.18005533533182599
 -0.48778306643467773
 -0.93208962847817134
 -0.94925608710775422
 -0.65461181617511821
 -0.17556138821270462
 0.35294522144878099
 0.86807338083099939
 0.99984327321874167
 0.84995424792359497
 0.31960002313600977
 -0.35721435179430017
 -0.87033140566819012
 -0.99975199877945442
 -0.75649278027463351
 -0.3152694969780277
 0.36147603246699667
 0.78768576136543023
 0.99963987460314707
 0.75349825716331365
 0.16205795421785563
 -0.50364715031830654
 -0.93855052796221816
 -0.98297245168622671
 -0.64069424203842407
 -0.0048110008146279
 0.63327693330856272
 0.98115889740638251
 0.94182799823717644
 0.63718126234391137
 0.00024429786608070703
 -0.63680461873801897
 -0.98203096550372526
 -0.94028332926573244
 -0.50800803243627723
 0.15706741244782543
 0.75016502521567563
 0.99949144189017325
 0.79079014877531362
 0.21970075948765599
 -0.4520688672583606
 -0.84484554682487667
 -0.99962664378184729
 -0.87280984823294372
 -0.50011984057062497
 0.16608081347385717
 0.64730769912003305
 0.94618601992062401
 0.97852083591811245
 0.62299719676952259
 0.13496237568132852
 -0.52712654000017511
 -0.88773830390172215
 -0.97756921547229858
 -0.61941851343682608
 0.022587388573213293
 0.65424237668371188
 0.98608375471180088
 0.86604163989372962
 0.48820953511299425
 -0.027152693583766686
 -0.65768928530242321
 -0.95053077758514126
 -0.93060467152328996
 -0.61222246792368618
 -0.12137531675140863
 0.53871892620914363
 0.95193942353251981
 0.97459211294156811
 0.72269921399082238
 0.26721972914681169
 -0.40783753743386086
 -0.81762709786077581
 -0.99708859626020208
 -0.81719714184640257
 -0.26281630249254145
 0.41200293591187848
 0.82024784439729825
 0.99666939121783504
 0.81455656209782656
 0.25840739482815506
 -0.27233582962657571
 -0.82285148473961667
 -0.99628659142962239
 -0.8118989948462213
 -0.39879696042893897
 0.12664740128936935
 0.61641480149779482
 0.97675746518097772
 0.94886695751352801
 0.53036915912153626
 0.02184119032878816
 -0.62000429656354117
 -0.93417546627170556
 -0.94741546272226673
 -0.52649212727969652
 0.13570189160566723
 0.73570905823678179
 0.97867442854773012
 0.94594420966769466
