# Created by Octave 8.4.0, Thu Dec 11 09:16:06 2025 IST <gamana@Samsung>
# name: iq
# type: matrix
# rows: 2048
# columns: 1
 0.99706007033948296
 0.81741217677477895
 0.40749676511192734
 -0.26757933088703667
 -0.82003431881388944
 -0.99739959216031482
 -0.81477298767905471
 -0.40332217000396425
 0.27197672523161615
 0.72610466550790553
 0.9756866937503218
 0.89173695753970295
 0.5345505649007124
 0.026779638075654512
 -0.48853519495787168
 -0.86622816469789188
 -0.99990200276958874
 -0.85190037886372305
 -0.32310844176316006
 0.20668027481499857
 0.78256289391760381
 0.99092400356524601
 0.84949989429398942
 0.31878331613078459
 -0.2111462234393818
 -0.78539783471713998
 -0.99152754231630602
 -0.84708169348121221
 -0.4558054392076315
 0.21560776862847272
 0.6849297096298741
 0.9613048499970458
 0.966877464742528
 0.58274974275466684
 0.084813229831986955
 -0.56931784686309095
 -0.96255289322519511
 -0.9146877172569069
 -0.44765705097149988
 0.072984607991762596
 0.57306627895981621
 0.91171342092136254
 0.96450593995209644
 0.57530323197111466
 0.07570928483461975
 -0.44521220012329865
 -0.84071604235180275
 -0.99299901827171977
 -0.69022950739697697
 -0.071154896496347181
 0.44929670050794807
 0.91542760447624616
 0.99244923265600671
 0.68691788519972474
 0.066599024229182319
 -0.58423955633417979
 -0.91725607877992499
 -0.96079785708328713
 -0.68359193739244539
 -0.062041763045416379
 0.45743750616528306
 0.91906542379149492
 0.99128758100646241
 0.68025173333747047
 0.057483207986331115
 -0.46149364166221007
 -0.92085560177722303
 -0.95822557211480941
 -0.55647836159153252
 0.10028104696026842
 0.71108558651626785
 0.99602750333649714
 0.90130275558293516
 0.4188481031914722
 -0.25554820013760671
 -0.81283679053972591
 -0.99763417391420772
 -0.82193656840597684
 -0.27078809389396219
 0.25996060960367884
 0.71747761179131575
 0.99679924583888657
 0.89730870389519868
 0.54504354703316671
 -0.11390231364833965
 -0.60625506401228335
 -0.92782390279400195
 -0.95284142018813345
 -0.54120910228613728
 0.11843811123967478
 0.60988050752199152
 0.97495106171121826
 0.89323979943204135
 0.53736337067249562
 0.030110031711012196
 -0.61349323202917039
 -0.93119209952337212
 -0.95003000237158464
 -0.65647701852210572
 -0.17799244441910247
 0.35063314737503665
 0.86684455914106351
 0.98581512268540761
 0.76107601527488455
 0.17349680460094399
 -0.49358918395682855
 -0.9344826169515198
 -0.98503839069289045
 -0.64955995649615195
 -0.016413681660202538
 0.49755567898470887
 0.87136207831000456
 0.98424111581431162
 0.75511982966047653
 0.31327897070961552
 -0.36343022125511892
 -0.78897579815913343
 -0.99226447206662238
 -0.91602919982827036
 -0.58174569153089484
 -0.083582637076471816
 0.43812590268212964
 0.83641303144195311
 0.99390102147704307
 0.6959231720412592
 0.23042228230537098
 -0.44222640802835655
 -0.91222008763525775
 -0.96417909475583619
 -0.69263648984203974
 -0.074477793700477926
 0.57781115293558072
 0.91408155714959471
 0.9629577125917067
 0.68933536277182117
 0.069922994692288284
 -0.58153233821740702
 -0.91592396357618688
 -0.96171624803204947
 -0.56679171182125632
 0.087871226153273418
 0.70226622907149605
 0.99484017471709107
 0.90663238476110664
 0.56302347038087841
 0.060809116983152368
 -0.45853535123706013
 -0.91955143387160576
 -0.95917317570695038
 -0.67934600227974873
 -0.056250228351296921
 0.59262281808500161
 0.92133642208986943
 0.99050672924155281
 0.78064825179414798
 0.35087876671096063
 -0.17773434348514575
 -0.6562791438151202
 -0.94994809580360839
 -0.93128767720556305
 -0.61370033579439642
 -0.12323172689716683
 0.40195163755402535
 0.89312185138248557
 0.97500936502297297
 0.72399073590500151
 0.1186985440550069
 -0.54098853304387418
 -0.89516671019734817
 -0.99717367862900375
 -0.72083302870849542
 -0.1141628857655048
 0.54482362820236752
 0.89719290039186705
 0.99682017986520099
 0.81564015632847064
 0.40469179829006041
 -0.12025948096078005
 -0.72507435890065097
 -0.99761610861221961
 -0.8129895401913837
 -0.40051154007206008
 0.12479178969424104
 0.72821175405807848
 0.97635482996805922
 0.89034366212641014
 0.53195393787215595
 0.023711157232476316
 -0.49121112914774684
 -0.93350642899691172
 -0.98550557398912264
 -0.7598847751608806
 -0.1716898524875731
 0.49518379281713676
 0.8700182802033074
 0.98472058781311855
 0.75690822893261911
 0.16718916734334063
 -0.36088345518522658
 -0.78729410116229492
 -0.99192158334645664
 -0.84544640193264708
 -0.45307123277109945
 0.21860401502443746
 0.79010162031504583
 0.99249053843869217
 0.91529182682589483
 0.44899540760658252
 -0.2230579892443621
 -0.69047347805072579
 -0.96338046964987745
 -0.96490022720293422
 -0.57652725677815253
 -0.0772021633450269
 0.57557902585817122
 0.91297014053824677
 0.9931747655467954
 0.79359901194327176
 0.22418865208546143
 -0.44795857031246838
 -0.84237411919693606
 -0.99949029421725744
 -0.87504698682238213
 -0.3662183487781972
 0.16154030008025003
 0.7531532776590677
 0.99962566030275579
 0.87282740331773245
 0.50015098889807286
 -0.16604534267755786
 -0.64728028114969927
 -0.98451791381517395
 -0.87058961707697269
 -0.49619128868304263
 0.17054692241431579
 0.650754512543403
 0.94764255991038049
 0.97757679069033354
 0.7321246402313728
 0.28043073238907928
 -0.39525761693508338
 -0.88981490952982212
 -0.97660494362994621
 -0.61585525207328862
 0.027116736590217863
 0.65766218888049544
 0.95051960352096865
 0.97561272956226286
 0.61225090867551668
 0.12141102097190457
 -0.53868862145428353
 -0.95192840572335036
 -0.97460016917982983
 -0.60863379684069807
 0.036245563027500163
 0.66451500356302839
 0.98826329219449338
 0.85912929147213657
 0.47623922634562982
 -0.19299959502625752
 -0.77379427491261488
 -0.9889505977893237
 -0.8567832820780219
 -0.47221868416594392
 0.19747842878373487
 0.77667892647719483
 0.99995794748120204
 0.85441940454648735
 0.46818829390851685
 -0.049932895571018494
 -0.67469011074952911
 -0.9573648031389832
 -0.97034689319511946
 -0.59403917778321069
 -0.09871664971980694
 0.55778395400348058
 0.9039450729211691
 0.99546209140484987
 0.70675590591426907
 0.24518357827358583
 -0.28545771561406558
 -0.83053919395180253
 -0.99501714838476762
 -0.70351778617963279
 -0.24075370706548865
 0.43266688414771959
 0.83307400675438814
 0.99880162570560704
 0.80112149333480798
 0.23631881496075158
 -0.43677950363603685
 -0.83559144587430434
 -0.99406501908017475
 -0.7983799583331106
 -0.231878994448591
 0.29856063441505654
 0.74489481655070955
 0.98138984345368674
 0.94142434045552237
 0.51090593409880236
 -0.00095470993008341055
 -0.51254640924252104
 -0.87975221252868729
 -0.9991291183794988
 -0.74361952882577431
 -0.14733828734210935
 0.51646230997311038
 0.88191419914391256
 0.99892815261664103
 0.74055846159663596
 0.14281988564772793
 -0.3837770560290073
 -0.88405779351868652
 -0.99870635429799859
 -0.83201627094256037
 -0.28800343928546723
 0.24260652398668919
 0.70487348511119874
 0.96857542285893772
 0.9594266923029664
 0.68000451891008395
 0.2090229862197191
 -0.46179277882615533
 -0.92098703315352426
 -0.99062973958423328
 -0.78120900902490753
 -0.35171930379742294
 0.17685080841905051
 0.65560150530830985
 0.94966724670251723
 0.9316143409800689
 0.48663913745476717
 -0.028950497499741039
 -0.65904302069962439
 -0.98712198703216847
 -0.8628416793842707
 -0.34315488624227353
 0.33378632655868862
 0.76915027238281941
 0.99999636910856871
 0.77258336771307723
 0.33886189807850309
 -0.33808764542683351
 -0.86010488691058218
 -0.99999824789995395
 -0.76967584934310729
 -0.33456184298063663
 0.34238191350790442
 0.8624254734116823
 0.99997927181881596
 0.85583584132014823
 0.33025481062593198
 -0.19927645160890187
 -0.672670926025842
 -0.9898792794040554
 -0.85346479989839097
 -0.32594089083721095
 0.35094893923134723
 0.86701264097890396
 0.99987875705686646
 0.85107595954585802
 0.32162017358082473
 -0.3552215182091768
 -0.78354073279034975
 -0.99979722047228137
 -0.75788587203879176
 -0.1686651663634062
