# Created by Octave 8.4.0, Thu Dec 11 09:16:06 2025 IST <gamana@Samsung>
# name: iq
# type: matrix
# rows: 2048
# columns: 1
 0.99706007033948296
 0.8958330830115131
 0.54224716769547932
 -0.11721173552297842
 -0.72295709950342013
 -0.99739959216031482
 -0.81477298767905471
 -0.25876789299367536
 0.27197672523161615
 0.72610466550790553
 0.9756866937503218
 0.89173695753970295
 0.5345505649007124
 -0.126277206267076
 -0.72923708866562187
 -0.99801622712169602
 -0.88966097771079677
 -0.53068550131166847
 -0.022214290997900961
 0.61971144815431445
 0.93404224138678449
 0.94753482023462876
 0.65049842763434806
 0.017648480643128749
 -0.62328907253604104
 -0.93566355795921996
 -0.98445874839776404
 -0.64702319695337762
 -0.013082302230897626
 0.50044297299076146
 0.93726536135324057
 0.98364649651042202
 0.75293139567673473
 0.1612074989385934
 -0.50439146910589572
 -0.8752101648306293
 -0.99947947189198894
 -0.74991820004097443
 -0.30576841154300655
 0.37077718740857579
 0.79380414593267479
 0.99932172244443662
 0.83972129973922371
 0.4435688105502032
 -0.22896505360363265
 -0.79657321781796253
 -0.99914313223323781
 -0.8372327419467338
 -0.43947131954170243
 0.23340805554780536
 0.79932567724122838
 0.99423482618450487
 0.90906497418168908
 0.43536466339879998
 -0.086640958364850085
 -0.70138649497904204
 -0.9673440726117527
 -0.90715275704229548
 -0.5640436772560169
 0.091189587921087126
 0.5879397169116356
 0.91906542379149492
 0.95952171996815627
 0.56026686158099936
 -0.095736315726760557
 -0.70786729603693477
 -0.96961871794042342
 -0.95822557211480941
 -0.55647836159153252
 0.10028104696026842
 0.5953031768677769
 0.92262657540312143
 0.99004323693862828
 0.67352883541892117
 0.048362596540172997
 -0.46957695504264702
 -0.85523523768182264
 -0.99997112992048121
 -0.77568764392683509
 -0.34347161125692577
 0.18550142810862433
 0.76893472152711884
 0.98778974619014315
 0.92838136871562715
 0.60744511130886403
 -0.037741799180791728
 -0.66563312401798547
 -0.98849090621939795
 -0.92667456830169237
 -0.60381116136497703
 -0.1108522977199087
 0.41333399829856854
 0.89865934540983339
 0.99654916134521687
 0.71533610577853302
 0.2569954597374593
 -0.4174880367582457
 -0.82368099394745231
 -0.99615971215125476
 -0.71213752157466126
 -0.25257945801771692
 0.2781310138013558
 0.73049112569938079
 0.977069646269493
 0.8888218168869445
 0.52912975935153383
 0.020380225184827103
 -0.62115016073397611
 -0.97803180066825379
 -0.94694682925076201
 -0.64910403070761957
 -0.015814255536007973
 0.62472257242825535
 0.93630935971701046
 0.984134927684575
 0.75472666710096414
 0.16390339698880679
 -0.50203036872450668
 -0.93790331511077729
 -0.98331443318542888
 -0.6421292465344145
 -0.0066814220535604723
 0.63182823598891091
 0.93947771061620244
 0.9824734317532009
 0.63862173069241412
 0.0021147486843296568
 -0.6353613396672978
 -0.9816762563472855
 -0.87812746374023176
 -0.37216731045212564
 0.15521990264824989
 0.63888119294273482
 0.94256769103511717
 0.98072997867282441
 0.74261762234268391
 0.14585720244600886
 -0.5177438501891326
 -0.94408321150734609
 -0.97982756338423382
 -0.7395514844487685
 -0.29094148332762448
 0.2396276262838915
 0.80315574545163138
 0.99490081834697564
 0.83118473117740399
 0.42959307273497971
 -0.24405878165923398
 -0.70593475145094076
 -0.96894673588189228
 -0.95900345199133619
 -0.67890595335821213
 -0.20755856471407064
 0.46312031316029723
 0.8514298767049846
 0.99042414088762409
 0.78027343914827174
 0.35031731564544222
 -0.32657842745172744
 -0.85381609152676541
 -0.99994663618800206
 -0.86438914550077395
 -0.48533058049533734
 0.18281592046248438
 0.66016837953679552
 0.95154938063428185
 0.9748760017603072
 0.72357706217531093
 0.26844424417016538
 -0.26231014103096068
 -0.71917095471045989
 -0.97343910396101097
 -0.95348647101915107
 -0.54300126175421182
 0.11632011949804706
 0.60818894308261728
 0.92872907541750638
 0.98764337777544187
 0.66151595720052903
 0.032241729992935481
 -0.61180761696994546
 -0.93041253877199881
 -0.95069359293406575
 -0.53530907675414618
 -0.027677062390549571
 0.48775166536439363
 0.93207659845760404
 0.98617082776227227
 0.76245770921753664
 0.17559679966514621
 -0.49173323310941108
 -0.86805552335169234
 -0.99984390938635448
 -0.84997319852775233
 -0.31963410662009878
 0.21026862166832103
 0.78484181438558576
 0.99141052713344413
 0.91869585264312459
 0.58718173781428495
 0.090256725912043756
 -0.56481692558811947
 -0.96105714236854078
 -0.91688258074593865
 -0.58347907170422131
 0.067533640132021358
 0.6875983345796387
 0.99256369226162755
 0.84267605597806827
 0.30662304814909491
 -0.22364234870074773
 -0.79325783399935179
 -0.99935437981401531
 -0.84020845925899235
 -0.44437323788879984
 0.076643287975348376
 0.57606916446769518
 0.913214589892828
 0.9931046635132702
 0.79323410647955839
 0.36990706793053491
 -0.15762392656564658
 -0.75053754313392529
 -0.99950925326379858
 -0.79044509135062824
 -0.21915095954309027
 0.4525714579813136
 0.84514690900176237
 0.99199253296624257
 0.7876395915612161
 0.36140616065792164
 -0.1666364945322362
 -0.64773713795558541
 -0.94636824229579519
 -0.93533258351264548
 -0.62255628822060993
 -0.13440397647307353
 0.39161034781150611
 0.88799758481421553
 0.97745037193131534
 0.73171614415609676
 0.12987730479379034
 -0.39580823242314994
 -0.89008831623897289
 -0.9764758499932793
 -0.72859580436412763
 -0.27546808524222111
 0.39999786249010028
 0.89216048495282396
 0.99765463335015114
 0.72546026977289535
 0.12081593015695125
 -0.40417915063802895
 -0.81531572463701174
 -0.99677535753715751
 -0.89744031401458657
 -0.54529358059925137
 -0.039535972514922295
 0.60601784512847734
 0.92771260755576646
 0.9880678821213793
 0.77008140280426618
 0.33516062963193965
 -0.19417592121335117
 -0.66881251930208108
 -0.9550425787210467
 -0.97223421355003958
 -0.60040315804615862
 0.046569106180985358
 0.55118099401715992
 0.95638650520719459
 0.97115542128678756
 0.71234687558984466
 0.10206734783196263
 -0.55498564052037891
 -0.95771048633973899
 -0.9700563756655316
 -0.70913440773828773
 -0.24844710145726659
 0.28222851556430723
 0.82865880535661951
 0.99838186347346725
 0.88685768751640215
 0.52550298001964912
 -0.13685407884127185
 -0.62448965457187522
 -0.97891267492501632
 -0.88473842691957716
 -0.52161218484139749
 0.14137639029589028
 0.73957771308504316
 0.97983535014433554
 0.88260071518332739
 0.51771051148844038
 -0.14589575335871732
 -0.74264371909676485
 -0.99906720821490014
 -0.88044459688942356
 -0.37667839090862759
 0.29970474152503535
 0.8387449507275484
 0.99342125967229156
 0.79489485001744931
 0.37244412229740381
 -0.15492525736894086
 -0.6386517167085527
 -0.9424680280053056
 -0.98078820422864343
 -0.63179803127131151
 -0.14615225955697406
 0.51748866088744994
 0.94398483325878868
 0.9798871241608289
 0.62825163875362622
 0.14163306672360618
 -0.52139094943325148
 -0.94548195179442662
 -0.97896560863614257
 -0.62469214410512397
 -0.13711092014551146
 0.5252823644182405
 0.94695935238992979
 0.93468202593693384
 0.4940766020351256
 -0.17294474200973087
 -0.65260068002494753
 -0.9857208902953204
 -0.93304888471162306
 -0.61753414561920106
 -0.12805814305056926
 0.39749223131036948
 0.81106782456602
 0.996163123205834
 0.82365889652021573
 0.4174526271245147
 -0.10635132811775407
 -0.71536333514686445
 -0.97217350550278869
 -0.89864225162887124
 -0.4132985147434502
 0.26144371444854286
 0.718546873497793
 0.99692088397066791
 0.8966295484428608
 0.54375491817133148
 0.03770285915753295
 -0.60747606534046084
 -0.92839584955559185
 -0.98778367454141991
 -0.7689098077917732
 -0.18546313653424795
 0.34350820807511068
 0.86303177205538983
 0.98706173852927093
 0.65876004054756543
 0.18097372375373816
 -0.48696774265868809
 -0.86532964254430378
 -0.99992552720899897
 -0.8528393229893716
 -0.46550566488899814
 0.052962367227616054
 0.67692602546791181
 0.99068104744861074
 0.85044581771036742
 0.32048463949455619
 -0.35634207383051281
 -0.7842851614967008
