# Created by Octave 8.4.0, Thu Dec 11 09:16:06 2025 IST <gamana@Samsung>
# name: iq
# type: matrix
# rows: 2048
# columns: 1
 0.99706007033948296
 0.8958330830115131
 0.54224716769547932
 -0.11721173552297842
 -0.72295709950342013
 -0.99739959216031482
 -0.81477298767905471
 -0.25876789299367536
 0.27197672523161615
 0.72610466550790553
 0.9977183133033527
 0.89173695753970295
 0.5345505649007124
 0.026779638075654512
 -0.48853519495787168
 -0.93240144544834269
 -0.98602164326815445
 -0.65396009222976592
 -0.022214290997900961
 0.49251475324559779
 0.93404224138678449
 0.985250469487432
 0.75891061748844191
 0.31878331613078459
 -0.35801914740060525
 -0.87075548362775734
 -0.98445874839776404
 -0.64702319695337762
 -0.013082302230897626
 0.62685369828083859
 0.97952724534565039
 0.94457581101048138
 0.64353447266247155
 0.1612074989385934
 -0.50439146910589572
 -0.9388476181633828
 -0.94306674230411036
 -0.51511538248430411
 -0.0039492221486906965
 0.63394365677250586
 0.98132503246572256
 0.94153800602658821
 0.63651683455885644
 0.15218691789985109
 -0.51225682209534928
 -0.94195336044907441
 -0.98108672759545423
 -0.74384495350793745
 -0.29705977382799137
 0.23340805554780536
 0.79932567724122838
 0.99894370498287544
 0.834726723741544
 0.43536466339879998
 -0.23784618978820501
 -0.80206146680018797
 -0.99872344485238629
 -0.73770965602296679
 -0.13863247807766196
 0.38767924157623307
 0.8860266541137356
 0.97834281697030223
 0.62232285500886353
 0.13410842343763146
 -0.52785867935254538
 -0.88813469650019505
 -0.97738734773531
 -0.73151281938767621
 -0.27956888546549696
 0.25113046123705945
 0.81016824749014416
 0.99793771528696562
 0.72839148523155783
 0.27518135912083291
 -0.25554820013760671
 -0.71428904737035315
 -0.99642376475119299
 -0.89931510730645936
 -0.54886662494658134
 -0.043800730362636646
 0.60261697710835183
 0.97287896944569174
 0.89730870389519868
 0.41053706793381189
 -0.11390231364833965
 -0.7206512132819296
 -0.99715393876895353
 -0.81670014042814298
 -0.2619847133958928
 0.26876907226385538
 0.820740489024255
 0.99748783614430614
 0.89323979943204135
 0.53736337067249562
 0.030110031711012196
 -0.48562539556399231
 -0.86455865896230799
 -0.98657129559318824
 -0.76403033079695037
 -0.17799244441910247
 0.35063314737503665
 0.78048430577675221
 0.99047064063879786
 0.92143835717186395
 0.59283406142640771
 -0.055988358703845706
 -0.67915351091042064
 -0.95909896399592787
 -0.91965447150011992
 -0.58915019910744659
 0.06054731728429652
 0.56280668962743263
 0.96038166485395848
 0.96772249425417678
 0.58545405011465856
 -0.065105013155937183
 -0.56657560757064096
 -0.90844011502318567
 -0.96656151042960048
 -0.58174569153089484
 -0.083582637076471816
 0.57033270963107596
 0.9103395938539478
 0.96538036905262048
 0.6959231720412592
 0.079031039481038554
 -0.57407791745470427
 -0.91222008763525775
 -0.99338706034829882
 -0.79471385035233399
 -0.37216731045212564
 0.15521990264824989
 0.63888119294273482
 0.94256769103511717
 0.93936212190982626
 0.5056837509888833
 -0.0070186351243288854
 -0.6423877224089799
 -0.98337572251258365
 -0.87372121466920871
 -0.3636745572016995
 0.16423604820363752
 0.7549478544265199
 0.99969668159732372
 0.78632374567415608
 0.21260949086681319
 -0.45853535123706013
 -0.84870900418237416
 -0.99979872672709624
 -0.86924208047228424
 -0.35515146651018259
 0.17323849331905522
 0.65282663806760977
 0.94851151593640592
 0.93294154673311502
 0.48984107340721511
 -0.17773434348514575
 -0.7638610846955558
 -0.98652842266602814
 -0.86469043479524876
 -0.34659874936696677
 0.33032554306011602
 0.85587460041102437
 0.98920991118715429
 0.66922913426856767
 0.1947257580520656
 -0.33463246164541943
 -0.769723690212191
 -0.98798139365844539
 -0.86006665733274223
 -0.33801711923289846
 0.19119927952835253
 0.66655425462834572
 0.95413885114572949
 0.92620967709367286
 0.47383495062976799
 -0.043538697587652483
 -0.66995158466004767
 -0.95549601106452198
 -0.97187427959669481
 -0.71447258176090922
 -0.25580176557114981
 0.27492919280489736
 0.72821175405807848
 0.99792084509802448
 0.81032196923136679
 0.39632292922231288
 -0.27931705123175316
 -0.73133396242559634
 -0.99820477003535257
 -0.80763749908038651
 -0.39212605309391713
 0.28369908452689208
 0.73444091888983309
 0.9782884930647664
 0.9465491972583544
 0.52419790220779638
 -0.13837272295586953
 -0.62568642452632262
 -0.97922473141210453
 -0.88402276669574964
 -0.52030344573097032
 0.14289405503088268
 0.74060881724670391
 0.99893161851503542
 0.79948325508046658
 0.23366308595342544
 -0.43923570699769482
 -0.9108500101553022
 -0.96505749357654713
 -0.69503578367345586
 -0.077799864163606514
 0.44333372670715848
 0.91272536305760776
 0.96385077902166005
 0.5732812025212044
 0.073246188974974799
 -0.44742250073204154
 -0.91458168115546734
 -0.96262396344641865
 -0.68844016679241615
 -0.068690986243704441
 0.58253657800469949
 0.91641892573554706
 0.9921432504235741
 0.78837777747453541
 0.36252386579059354
 -0.31420255319168883
 -0.84694227072087613
 -0.991561577885683
 -0.68178712078250292
 -0.059576378176591699
 0.58993588089067583
 0.96910367364021632
 0.95882316854271554
 0.55821925975154996
 0.055017162925071701
 -0.4636834374954496
 -0.85176299094723662
 -0.99989829655683926
 -0.86635918424039315
 -0.34972204005644508
 0.32717899269765544
 0.76465753306271111
 0.98672970031970908
 0.86406943966609229
 0.34544005915608184
 -0.18344064817265887
 -0.76759251303591824
 -0.99998684795731974
 -0.77412644792750684
 -0.19351427197345175
 0.47577790171621476
 0.85886072213434583
 0.99999984205834835
 0.85943593837696164
 0.47676629402108173
 -0.19241132777952227
 -0.77341438789128647
 -0.98886154633826362
 -0.92574337325759704
 -0.6018404516588296
 -0.10839722832228103
 0.41558182680600181
 0.82249020627722469
 0.99770057115957789
 0.89185562410311559
 0.39937963465958909
 -0.12601701851596336
 -0.61591429094295513
 -0.97662105565601998
 -0.88978071120295688
 -0.53090778593700405
 0.13054600469839833
 0.61950557935190098
 0.93394853159813018
 0.98529531704751827
 0.6506976111800985
 0.017910722171062571
 -0.49625634944937436
 -0.93557096785863769
 -0.98450477561973526
 -0.7561005675315795
 -0.31470050977912667
 0.36203493382883944
 0.78805496053472135
 0.99962360723391863
 0.84478620458292519
 0.3103625522847524
 -0.21980895658447358
 -0.68805960798840127
 -0.99264084583298418
 -0.91479369043480918
 -0.44789157041556454
 0.072723021987780773
 0.57285131597583161
 0.96371087967815416
 0.96457516552375233
 0.69371566783016436
 0.22743433812111521
 -0.30291594242750181
 -0.74793387261845989
 -0.99937838389625189
 -0.79284699542711268
 -0.36931659404445405
 0.30726493315548692
 0.84303899794670245
 0.99248136912938811
 0.68710847180785017
 0.21853088889063887
 -0.45313803679809933
 -0.845486420966024
 -0.99965868631257737
 -0.87222403267404025
 -0.49908119296237063
 0.16726305010571701
 0.64822115199523045
 0.94657336656161561
 0.97827295958773519
 0.73439005846064775
 0.28362722468448237
 -0.39219498831718441
 -0.88828962711363857
 -0.99820027893006624
 -0.73128285119524605
 -0.12924718682223069
 0.39639172952169083
 0.81036587949062577
 0.99791601243492889
 0.82433824438349557
 0.27485714181146442
 -0.40058020401269867
 -0.8924473602973515
 -0.99761093449210159
 -0.72502274927095844
 -0.27046345643873931
 0.26028622188069594
 0.71771247291264939
 0.97295691831292452
 0.8971598023399584
 0.54476078736602618
 0.038900987211602449
 -0.60652321135819354
 -0.97400162091040132
 -0.89513330545907011
 -0.4060605193418762
 0.26909386979366645
 0.82093309710364448
 0.99751166747468134
 0.8930881406545097
 0.40188301863227083
 -0.12330609336432669
 -0.61375950054506057
 -0.97603006659610958
 -0.9499246819238828
 -0.65622259989165388
 -0.025207970311606029
 0.61735848295232298
 0.93296852388111462
 0.98575846919369059
 0.76085722933077538
 0.32162017358082473
 -0.20821827182906286
 -0.78354073279034975
 -0.99113411896468162
 -0.84866937008156818
 -0.31729274896499249
