# Created by Octave 8.4.0, Thu Dec 11 09:16:06 2025 IST <gamana@Samsung>
# name: iq
# type: matrix
# rows: 2048
# columns: 1
 0.99706007033948296
 0.81741217677477895
 0.2631763561998442
 -0.26757933088703667
 -0.72295709950342013
 -0.97467563508643473
 -0.95182505386520067
 -0.6608424346775631
 -0.18369847411188231
 0.34519391021604329
 0.86393738386991581
 0.99995550774600939
 0.7648265315825612
 0.17920756624578818
 -0.48853519495787168
 -0.86622816469789188
 -0.99990200276958874
 -0.85190037886372305
 -0.32310844176316006
 0.35375141607369498
 0.78256289391760381
 0.99092400356524601
 0.92013878115657166
 0.59014764102010608
 -0.059314559022868391
 -0.56178544187468848
 -0.96003675884366646
 -0.96803299318482094
 -0.70333136332568646
 -0.24049913052813435
 0.43290333150358423
 0.83321906296188719
 0.99881442798605458
 0.88304070418597003
 0.38177074593872068
 -0.14496898751574733
 -0.63087051240796377
 -0.98055419032676894
 -0.94286717569706102
 -0.63957158486456334
 -0.15610671630739281
 0.50884562525527921
 0.94061398283979769
 0.94133585988494217
 0.63605434508605452
 -0.0012169927623786735
 -0.63793063058015309
 -0.98230569151471603
 -0.87652859772277325
 -0.36907284080929581
 0.3075145173729773
 0.75113050352384558
 0.99953697267526553
 0.7898948670650332
 0.36482469394694789
 -0.31185672933426212
 -0.84562645019083471
 -0.99966550404728993
 -0.78708613347960132
 -0.21381607161106853
 0.45743750616528306
 0.91906542379149492
 0.99128758100646241
 0.78426098528443078
 0.20935274634661827
 -0.46149364166221007
 -0.92085560177722303
 -0.99067573919877039
 -0.78141948139773487
 -0.3520349582153795
 0.32484398121003566
 0.85285967026973009
 0.99004323693862828
 0.77856168107880996
 0.20041309089354509
 -0.3291596362235587
 -0.76600708392244765
 -0.98706798589555911
 -0.86301208685108277
 -0.34347161125692577
 0.3334684266427943
 0.85759296924080952
 0.99999540351778604
 0.77279742987957578
 0.19145671714048751
 -0.47762109668853364
 -0.92782390279400195
 -0.9880219015039563
 -0.66333931775948618
 -0.034674352783172553
 0.60988050752199152
 0.97495106171121826
 0.9514456324359305
 0.53736337067249562
 -0.1229714388149704
 -0.61349323202917039
 -0.9759566197678079
 -0.95003000237158464
 -0.65647701852210572
 -0.17799244441910247
 0.4896123951713961
 0.9328470854580132
 0.94859455951793425
 0.52963836788862773
 -0.1320303058023965
 -0.73319467094717705
 -0.99836468747738893
 -0.80602334155402411
 -0.38961117419928509
 0.286318003155562
 0.8310388742053465
 0.99861533733890595
 0.80331197793003184
 0.23988225937810825
 -0.43347608615063532
 -0.8335702757343435
 -0.99884516116837307
 -0.88274230014638688
 -0.51796822483325666
 0.14559771938948285
 0.63136344189249582
 0.98067870320139328
 0.88058739468803771
 0.51405646439116126
 0.0027142508996653475
 -0.63489827957422962
 -0.94082952243764828
 -0.98172620227317298
 -0.74606759889611551
 -0.30023946390148659
 0.37615908234565687
 0.88017868087772855
 0.9808469264002444
 0.63203151200921293
 -0.0064191446934956159
 -0.51723086013975772
 -0.94388538104184005
 -0.93799426797162899
 -0.50225718689379151
 0.1636446553781746
 0.75455457317662888
 0.98408835915254311
 0.87178458229700406
 0.49830303575211032
 -0.16814809245020726
 -0.64890448980632387
 -0.98488950883147741
 -0.86953831103763324
 -0.4943384925459326
 0.020117995974901666
 0.65237239211708042
 0.94832145702324677
 0.93315721720895184
 0.61777106458305009
 -0.024683567584122105
 -0.5327773384036506
 -0.89078609838175804
 -0.99785768142665632
 -0.82382969408846374
 -0.2739938510167535
 0.25674197731389409
 0.81355553479764497
 0.99652735636496814
 0.82123252410635128
 0.4135728135876256
 -0.26115292972931092
 -0.71833732746926005
 -0.97316389613177423
 -0.95384720949172808
 -0.66582883744112153
 -0.19024443905519753
 0.47870574193700199
 0.92828386484757086
 0.95246591648562962
 0.66241465481381889
 0.03344009110984917
 -0.48271020548381566
 -0.92997241689742438
 -0.98710999648029529
 -0.76617566150442962
 -0.18126999201027524
 0.48670460215319011
 0.93164157445709228
 0.98636883283935706
 0.6555449172576302
 0.02431048835748555
 -0.49068884864234602
 -0.93329130271644045
 -0.94820297322449965
 -0.52859042667655221
 -0.019744878889376392
 0.49466286186017294
 0.869722556749563
 0.98482480954644724
 0.75729988143405402
 0.16778020311875363
 -0.36032428641518216
 -0.78692431895571124
 -0.99184535648545624
 -0.84576642124300172
 -0.45360559371491849
 0.21801897161530401
 0.78973399687906265
 0.99241702790969344
 0.91553313734541952
 0.58074075304553097
 0.082351916843145981
 -0.57134670254418518
 -0.96321954664810927
 -0.91368666731604986
 -0.57701699460184863
 -0.077799864163606514
 0.57508868038264338
 0.91272536305760776
 0.99324451062833596
 0.6917451883744351
 0.22477285582009482
 -0.44742250073204154
 -0.84205089924673893
 -0.99947097594890577
 -0.87533701225132698
 -0.50461792658281668
 0.1609486409301393
 0.75275876160493482
 0.99960907857219627
 0.87311982178659209
 0.50067003238648233
 -0.16545413114529683
 -0.75575715845970359
 -0.98441265345254958
 -0.93575608369329677
 -0.6234941541662522
 -0.13559200846936478
 0.52658641600492995
 0.94745094821337439
 0.93413588692046379
 0.61991727432530874
 0.13106606358576089
 -0.39470685938945244
 -0.88954118301675544
 -0.99803270539892408
 -0.82537535260802997
 -0.27662050554376355
 0.2541003676522241
 0.81196373785045661
 0.99629613438374887
 0.89996885312693931
 0.41605889162941456
 -0.25851453458985668
 -0.7164338434351224
 -0.99667842946555951
 -0.89796859424785269
 -0.54629825097485496
 0.1124146696063112
 0.71961235803183343
 0.99703993890935871
 0.89594960831540404
 0.54246752419775235
 -0.11695125643708382
 -0.72277586517827686
 -0.9973806551759018
 -0.81492502611226691
 -0.25902123359623186
 0.41558182680600181
 0.82249020627722469
 0.99634110391888031
 0.81226981941563969
 0.25460768126343408
 -0.27611637049686544
 -0.82507907730420516
 -0.99594041742242911
 -0.71040134292978407
 -0.099313207688725244
 0.42387175357822654
 0.90368853347506051
 0.96938031739622599
 0.59084313838376756
 -0.058454267456547186
 -0.68096437614913996
 -0.99141523092163131
 -0.91868164503724958
 -0.58715262114053235
 0.063012554892090303
 0.56484660844744916
 0.90756163939843948
 0.99461377204279167
 0.80148015353013036
 0.23690129582362218
 -0.29362607469684976
 -0.83526195740363451
 -0.99898792851145068
 -0.88129593516468974
 -0.51534017297971846
 0.14863378052513182
 0.6337407907534014
 0.98127454676752734
 0.94162633855895717
 0.63671910177639957
 0.15244614050682256
 -0.37477136626322854
 -0.79641462932165763
 -0.99370544782199999
 -0.83737614173914277
 -0.29731020684864817
 0.23315300908548614
 0.69793630702392573
 0.96610880593672932
 0.96212549010061099
 0.56802461131976778
 -0.086379658688501032
 -0.58402667228351934
 -0.91715158044517486
 -0.99191207448445484
 -0.6837833448964501
 -0.21407228166829007
 0.3159436001005983
 0.75695720037518566
 0.98473363488519361
 0.86998133186959403
 0.35655072077143918
 -0.17176367725145975
 -0.75993348705546881
 -0.99985559799969492
 -0.86772048768357102
 -0.35228043953203181
 0.32459591128292553
 0.76289392539196699
 0.98628238008474745
 0.86544154726569933
 0.34800281151606666
 -0.18075409140989987
 -0.65859201221444852
 -0.95090254255329998
 -0.97534090919269134
 -0.72502274927095844
 -0.27046345643873931
 0.26028622188069594
 0.71771247291264939
 0.996826148420485
 0.81913351355534125
 0.26606413057519801
 -0.26469280590935218
 -0.8183168365787411
 -0.99717930598945514
 -0.89513330545907011
 -0.4060605193418762
 0.26909386979366645
 0.72404242682852316
 0.99751166747468134
 0.8930881406545097
 0.40188301863227083
 -0.12330609336432669
 -0.61375950054506057
 -0.97603006659610958
 -0.89102435057797791
 -0.39769713668888385
 0.27787907011093738
 0.73031198170342548
 0.99811397490226272
 0.88894197826965471
 0.52935229899733338
 -0.13236456713272088
 -0.62094459040458649
 -0.93460261744058193
 -0.98498021969111815
 -0.75788587203879176
 -0.1686651663634062
