# Created by Octave 8.4.0, Thu Dec 11 09:16:06 2025 IST <gamana@Samsung>
# name: iq
# type: matrix
# rows: 2048
# columns: 1
 0.99706007033948296
 0.71979445629436789
 0.11267528621267162
 -0.41166286191191009
 -0.89785314323009247
 -0.97259255895290297
 -0.60163096747855127
 -0.10813648706951674
 0.54989853666459632
 0.89985447880301794
 0.99631865342087256
 0.71342420240216764
 0.10359543274975808
 -0.41996921323270014
 -0.9018370479926181
 -0.9704283499248888
 -0.59431041673833829
 -0.099052217956670074
 0.55750403353697353
 0.95857806179479299
 0.92037337700240041
 0.59063151170131145
 0.094506937438585861
 -0.56128938152206265
 -0.95986880079473902
 -0.96818318853898067
 -0.58694028909782114
 -0.08995968598691377
 0.43236283667164604
 0.83288742170822871
 0.99458655204620394
 0.80132327513146184
 0.3823247730738224
 -0.14437579056859726
 -0.74161405106639489
 -0.99899969140049327
 -0.79858297189933158
 -0.37810102247061
 0.29823877688491174
 0.7446697864578582
 0.98132503246572256
 0.94153800602658821
 0.51119579255227765
 -0.00061748905173052778
 -0.51225682209534928
 -0.87959183670055963
 -0.98108672759545423
 -0.74384495350793745
 -0.14767181956608888
 0.51617351493844721
 0.88175517967331396
 0.99894370498287544
 0.834726723741544
 0.43536466339879998
 -0.086640958364850085
 -0.70138649497904204
 -0.99471412193617259
 -0.90715275704229548
 -0.43124892776542673
 0.24227936376794221
 0.70463424304951916
 0.995172673015283
 0.9052216213146459
 0.42712419847488775
 -0.095736315726760557
 -0.59162761605977232
 -0.96961871794042342
 -0.90327160727240496
 -0.55647836159153252
 -0.052923454120163547
 0.5953031768677769
 0.97072572039354965
 0.90130275558293516
 0.4188481031914722
 -0.25554820013760671
 -0.71428904737035315
 -0.99642376475119299
 -0.82193656840597684
 -0.41469690979581653
 0.10936414063460427
 0.60261697710835183
 0.92611076224270938
 0.98871630425468959
 0.66674975226285726
 0.19145671714048751
 -0.47762109668853364
 -0.85993281577640979
 -0.99999882230188708
 -0.85836209249050632
 -0.33487961217098988
 0.19446848906226558
 0.66903422027829129
 0.98917145136069295
 0.92494844217390204
 0.60016461899422868
 0.10631258127998891
 -0.4174880367582457
 -0.82368099394745231
 -0.99615971215125476
 -0.71213752157466126
 -0.25257945801771692
 0.2781310138013558
 0.82626197125556577
 0.99813004161283114
 0.8888218168869445
 0.39326182440105123
 -0.13262453776289626
 -0.62115016073397611
 -0.97803180066825379
 -0.94694682925076201
 -0.52524920526344476
 -0.015814255536007973
 0.49807561849560866
 0.87165606265217788
 0.984134927684575
 0.75472666710096414
 0.31270958881960326
 -0.2173987400559155
 -0.78934400614948819
 -0.99956388649198535
 -0.84366236101593606
 -0.30836864826151417
 0.36823831622717579
 0.87609610931798187
 0.9824734317532009
 0.74870337284051514
 0.30402127670330764
 -0.37248028622255525
 -0.79491849299250317
 -0.99342572139859497
 -0.83872373119254717
 -0.29966756480902224
 0.37671448817543773
 0.79768089846240808
 0.99393815228930615
 0.83622815318000376
 0.43782274524140236
 -0.083918673314793177
 -0.58201994412750735
 -0.91616441098525458
 -0.9615517828446648
 -0.68558354763474372
 -0.064768503918316747
 0.45500618041280882
 0.91798520548608953
 0.96028763077360757
 0.56252791462795315
 0.060210711553703992
 -0.4590680336976013
 -0.91978685548894856
 -0.95900345199133619
 -0.67890595335821213
 -0.055651663500177161
 0.59310560008093594
 0.970065839412798
 0.90248296796936045
 0.42132756391753479
 -0.2529057306336317
 -0.71237422369576531
 -0.97116471230884116
 -0.90050656061068934
 -0.55114847945818168
 0.106647885100269
 0.60043432000801411
 0.92507656477813749
 0.98912190302467629
 0.77452856646619817
 0.34174815640461548
 -0.18730375783299533
 -0.66359162882274891
 -0.98807388314734257
 -0.92769806037374358
 -0.47732479867057148
 0.039574909776025805
 0.66700103896563889
 0.95431814982942342
 0.92598349239297739
 0.47330693411798463
 -0.044137625214724266
 -0.54914848010589656
 -0.95567269543164057
 -0.92424961311068343
 -0.59869625076160626
 -0.10448831771420683
 0.41915429501371138
 0.82471985682978322
 0.99795930465553018
 0.80997052335894038
 0.25080403281712832
 -0.27989264407547659
 -0.82729391853123047
 -0.99824049707315343
 -0.80728383888807087
 -0.39157449206599887
 0.28427390587818346
 0.82985072709325425
 0.99850087127598641
 0.88587025652170326
 0.52368727256847247
 -0.13896643493271216
 -0.73793727806691978
 -0.99874042183395029
 -0.88374237340992023
 -0.38315417169083399
 0.1434873811730655
 0.62970809852713572
 0.9802592560561354
 0.88159605993130463
 0.37893198159176017
 -0.14800533499711871
 -0.74407029360156574
 -0.99915703246642684
 -0.79636930825928232
 -0.22863677800280582
 0.44387101636617432
 0.91297014053824677
 0.96369087240910234
 0.69131213729148444
 0.22418865208546143
 -0.44795857031246838
 -0.91482395692723983
 -0.99263176838203893
 -0.68800522698678646
 -0.21973585073413712
 0.45203678212348919
 0.8448263018309673
 0.99962566030275579
 0.78800882612502365
 0.21527846681165561
 -0.31477163936862168
 -0.75614960898846761
 -0.98451791381517395
 -0.93554450172266268
 -0.62302533315261921
 0.017985648096398261
 0.52709597262535235
 0.88772174448364649
 0.99827357730354438
 0.82760868059582926
 0.28043073238907928
 -0.25026137315619335
 -0.71045408205694227
 -0.99594716016336071
 -0.82503673372531272
 -0.4196631483833223
 0.10393083342588144
 0.71366046350530787
 0.97160043594038459
 0.95583758460567037
 0.67081235308410769
 0.044697608200154511
 -0.60190029667792921
 -0.97267091294254582
 -0.95448548382986664
 -0.6674185654672885
 -0.19233778950696631
 0.47683216543617946
 0.92748864889265203
 0.95311347734608709
 0.54196379738289779
 -0.11754662535427075
 -0.60916879520417599
 -0.9291862464554993
 -0.95172159376741927
 -0.53812027829209996
 -0.03100736960251144
 0.61278402605769577
 0.93086446592366345
 0.9503098621214513
 0.5342655367518574
 0.026442536515764517
 -0.61638647735605456
 -0.97674975441813594
 -0.94887831184973592
 -0.53039965315243032
 -0.021877151972351568
 0.61997607397048027
 0.93416263098438557
 0.98519270874744136
 0.75869097778854966
 0.16988232258226452
 -0.35833399507441271
 -0.87092125115799168
 -0.9997245785693325
 -0.75570808304221859
 -0.31413140947528839
 0.36259370507354283
 0.78842387647310075
 0.99960698059496689
 0.84446525583110477
 0.30979259712026835
 -0.22039375891483476
 -0.68849451687399366
 -0.99271326475870159
 -0.91455137357013006
 -0.44735548072388992
 0.22484587561108255
 0.79400918965226941
 0.99930924739545157
 0.7466650879372424
 0.30109568094123251
 -0.37532710936530322
 -0.87975221252868729
 -0.98102139639313612
 -0.74361952882577431
 -0.29673775849055872
 0.37955604050049663
 0.79952826721899239
 0.9942709280307731
 0.90892441789562195
 0.43506105404562229
 -0.086976906331164811
 -0.5845132053407629
 -0.91739034106205852
 -0.99183580306267727
 -0.78687807629106243
 -0.21348663706973042
 0.45773735113543396
 0.91919827200598381
 0.9594266923029664
 0.55998750548639908
 0.057146541344009039
 -0.59189945380494535
 -0.92098703315352426
 -0.95812906786081409
 -0.55619814582020222
 -0.052586702724156269
 0.46583857587044308
 0.92275658720024012
 0.98999571220944627
 0.77835000768533547
 0.20008270023350191
 -0.32947804660705687
 -0.76622381684746443
 -0.99997363548384233
 -0.8628416793842707
 -0.34315488624227353
 0.33378632655868862
 0.76915027238281941
 0.99999636910856871
 0.86052432995207551
 0.47863994687511247
 -0.19031800790633269
 -0.77206068735916977
 -0.99999824789995395
 -0.85818903436324712
 -0.47462533683833424
 0.042641774270994789
 0.66928481552472607
 0.95523078406663564
 0.97208530999528753
 0.59989484973093987
 0.10597726537005564
 -0.55171111329001665
 -0.90079963176166622
 -0.97100369805400089
 -0.71190073847071889
 -0.2522531566789874
 0.42193912522092825
 0.90277326207257647
 0.96990183591888457
 0.70868620867103405
 0.24783150212176325
 -0.42607501114555518
 -0.82901434727097012
 -0.99841779827284749
 -0.80546855573193599
