# Created by Octave 8.4.0, Thu Dec 11 09:16:06 2025 IST <gamana@Samsung>
# name: iq
# type: matrix
# rows: 2048
# columns: 1
 0.99706007033948296
 0.8958330830115131
 0.54224716769547932
 -0.11721173552297842
 -0.72295709950342013
 -0.99739959216031482
 -0.89379434027545168
 -0.40332217000396425
 0.27197672523161615
 0.72610466550790553
 0.9756866937503218
 0.89173695753970295
 0.39913916364882279
 -0.27636844752632383
 -0.72923708866562187
 -0.99801622712169602
 -0.80944368883232731
 -0.24993486888935224
 0.28075440618218883
 0.73235430365016874
 0.97764774684509548
 0.94753482023462876
 0.65049842763434806
 0.017648480643128749
 -0.62328907253604104
 -0.93566355795921996
 -0.94606518067421075
 -0.5229222527763302
 0.13985542515412888
 0.62685369828083859
 0.97952724534565039
 0.88332189054261379
 0.3823247730738224
 -0.29387678624149521
 -0.74161405106639489
 -0.99899969140049327
 -0.88117195914959878
 -0.51511538248430411
 -0.0039492221486906965
 0.50832944618280662
 0.94041029539182541
 0.94153800602658821
 0.63651683455885644
 0.15218691789985109
 -0.51225682209534928
 -0.87959183670055963
 -0.99914313223323781
 -0.74384495350793745
 -0.14767181956608888
 0.37924403260955986
 0.79932567724122838
 0.99894370498287544
 0.74078502926765999
 0.14315364154996899
 -0.52007944302982734
 -0.94498052573775193
 -0.93683411263050442
 -0.62589100331904679
 -0.13863247807766196
 0.52397452491172358
 0.8860266541137356
 0.99848235643527605
 0.73461889791047752
 0.28395058142647778
 -0.24670748503358705
 -0.80748280845543519
 -0.99822044475942118
 -0.82710443109173448
 -0.27956888546549696
 0.39608211065021354
 0.89022421691831999
 0.97641149517605841
 0.72839148523155783
 0.27518135912083291
 -0.25554820013760671
 -0.81283679053972591
 -0.99642376475119299
 -0.89931510730645936
 -0.54886662494658134
 0.10936414063460427
 0.71747761179131575
 0.97287896944569174
 0.95421733651916474
 0.66674975226285726
 0.039237950724844595
 -0.60625506401228335
 -0.92782390279400195
 -0.95284142018813345
 -0.66333931775948618
 -0.18697249432793983
 0.48162826828313782
 0.92951769366217263
 0.9514456324359305
 0.6599150493749707
 0.18248437222101171
 -0.34635271246754379
 -0.86455865896230799
 -0.98657129559318824
 -0.65647701852210572
 -0.17799244441910247
 0.35063314737503665
 0.86684455914106351
 0.98581512268540761
 0.65302529690071753
 0.17349680460094399
 -0.35490626986012647
 -0.78333115921436058
 -0.99108925768113243
 -0.84884768600070171
 -0.31761252689779229
 0.21235319707962388
 0.78616167635188161
 0.99970310675110219
 0.75511982966047653
 0.164494764015997
 -0.50151179753412556
 -0.9376951805861069
 -0.98342331467676902
 -0.64258870869742002
 -0.007280911407297354
 0.50545745710063528
 0.87580690915030124
 0.99943886783086799
 0.74910065255297842
 0.30459234863209911
 -0.22572055441760619
 -0.79455462137295907
 -0.99335691254234948
 -0.91232751373217513
 -0.5742926551933929
 0.07876957415834368
 0.57781115293558072
 0.91408155714959471
 0.9629577125917067
 0.57054813287203821
 0.069922994692288284
 -0.58153233821740702
 -0.91592396357618688
 -0.96171624803204947
 -0.56679171182125632
 0.087871226153273418
 0.5852413956952025
 0.96765636088201856
 0.96045472696749501
 0.56302347038087841
 0.060809116983152368
 -0.45853535123706013
 -0.91955143387160576
 -0.95917317570695038
 -0.55924348713722538
 0.096965548000683841
 0.70873907722246843
 0.99572529684553057
 0.9027410274486326
 0.42187118343784913
 -0.10150972301813228
 -0.59629502905811249
 -0.92310219592082832
 -0.98986864202460945
 -0.77778605465602391
 -0.19920301606094334
 0.47066694847015184
 0.85587460041102437
 0.99997975150891727
 0.77490763686045938
 0.34231150373757346
 -0.18671483023342564
 -0.769723690212191
 -0.99999838537229402
 -0.77201305843660495
 -0.33801711923289846
 0.33893240150115228
 0.7726309446768147
 0.9999961643602806
 0.76910237975061224
 0.18575915252785319
 -0.34322527295248667
 -0.77552208599333883
 -0.98935194803207749
 -0.92447833088141018
 -0.59917633153129735
 -0.10508452125710538
 0.55245965203411107
 0.95683324420089355
 0.97078868493983261
 0.59551390107624014
 -0.052661536885855127
 -0.55626042145876686
 -0.95815052266696876
 -0.9696828445732264
 -0.59183905123294156
 -0.095997390681856934
 0.42688702935371275
 0.90511013570477716
 0.96855678155907665
 0.58815185864004971
 0.091450774980200711
 -0.43101227257150254
 -0.90704235677475153
 -0.99474101974739715
 -0.80221808549423934
 -0.38370785527361939
 0.29244531029783893
 0.74060881724670391
 0.98014054811671381
 0.94356367941495367
 0.51639813837311055
 0.005446466656266781
 -0.63278499592379212
 -0.98103592407932882
 -0.87971658210087067
 -0.37525764885050583
 0.3011671405145831
 0.83957884657315829
 0.99324451062833596
 0.6917451883744351
 0.073246188974974799
 -0.44742250073204154
 -0.91458168115546734
 -0.96262396344641865
 -0.68844016679241615
 -0.068690986243704441
 0.45150194380135911
 0.84450539102537403
 0.9921432504235741
 0.68512078785332353
 0.21586387531466605
 -0.45557197083872231
 -0.91823705848225556
 -0.96011013199408302
 -0.56200240479872954
 0.093648972674699113
 0.70638470056819525
 0.96910367364021632
 0.95882316854271554
 0.67843923510325732
 0.055017162925071701
 -0.59361711625913305
 -0.92181583720699822
 -0.95751620892136058
 -0.55442447309244725
 0.10273824425630476
 0.71282005550396421
 0.99624440493583688
 0.90023004765829273
 0.41660396837504898
 -0.107279713530316
 -0.71601546775071334
 -0.97239181851561129
 -0.8982322503103175
 -0.54680029173942457
 -0.04133301334864186
 0.47577790171621476
 0.92703973161485742
 0.95347562768427552
 0.54297105604711338
 0.036769779306858492
 -0.47978965707740173
 -0.86119087502127423
 -0.98763773994962689
 -0.76831248727644663
 -0.18454552741333063
 0.48379140646894586
 0.86350306785080355
 0.99996326570703487
 0.85473074362827628
 0.4687179486717028
 -0.049334130498314532
 -0.67424749498310488
 -0.99017968862934225
 -0.85235138363122587
 -0.46467907137845199
 0.20583701845338415
 0.67761300134487346
 0.95850332277440242
 0.92047590867298401
 0.46063050324539889
 -0.21030378760737023
 -0.7848641044962863
 -0.99141523092163131
 -0.91868164503724958
 -0.58715262114053235
 -0.090220902426703026
 0.43212632130727791
 0.83274223452308671
 0.99877210533894034
 0.88344480975007722
 0.38256711674833077
 -0.14411625057484284
 -0.74143807910168669
 -0.99898792851145068
 -0.79874080855644036
 -0.37834382170007552
 0.14863378052513182
 0.6337407907534014
 0.98127454676752734
 0.87912868123273025
 0.37411263632579783
 -0.15314821073141613
 -0.74753580353931093
 -0.99935706938277469
 -0.79321220308449691
 -0.36987364886653651
 0.15765944704572057
 0.64077939301056042
 0.94338981799034627
 0.93851224311500481
 0.50355133254811568
 -0.16216739538656585
 -0.64427868567325608
 -0.94489469349560051
 -0.97933096713068779
 -0.73788670264166656
 -0.28857749010972156
 0.2420248867701672
 0.8046248177948423
 0.99514689847830351
 0.82980891045096694
 0.4273613382131789
 -0.24645330073170391
 -0.80732806228184006
 -0.99823605081354361
 -0.82725181834082195
 -0.27982070046704954
 0.39584126483067594
 0.81001447001553151
 0.99600411379319209
 0.9014163428770583
 0.55289682253873451
 -0.10456284521516176
 -0.714105463842164
 -0.99640156844884453
 -0.89942977303686911
 -0.54908585102167817
 0.10910342712637483
 0.71729488562092358
 0.97281826606090593
 0.89742444567054214
 0.54526342836913111
 0.039500030374461016
 -0.60604645730021167
 -0.92772603447345159
 -0.98806234138110383
 -0.77005845524957273
 -0.33512673965938639
 0.34181858154243305
 0.86212185909528127
 0.99998295210296995
 0.76713698908029604
 0.18274224487078436
 -0.34610665174172517
 -0.77745624266941105
 -0.999945859213213
 -0.76419952433889138
 -0.17825053310852398
 0.48938368325399473
 0.93275256001014872
 0.94867753784339925
 0.65322391081068121
 0.02124182547795625
 -0.49336106072996849
 -0.93438920976822137
 -0.94722344751826693
 -0.52598234640887054
 0.13629582557301226
 0.73611496866813952
 0.97879740129708737
