# Created by Octave 8.4.0, Thu Dec 11 09:16:06 2025 IST <gamana@Samsung>
# name: iq
# type: matrix
# rows: 2048
# columns: 1
 0.99706007033948296
 0.81741217677477895
 0.40749676511192734
 -0.26757933088703667
 -0.82003431881388944
 -0.99669975492155383
 -0.71661680183738552
 -0.25876789299367536
 0.41582037352034329
 0.82263935911185238
 0.9977183133033527
 0.81211680656676566
 0.25435403320662997
 -0.41996921323270014
 -0.82522724334078956
 -0.99801622712169602
 -0.88966097771079677
 -0.53068550131166847
 -0.022214290997900961
 0.49251475324559779
 0.93404224138678449
 0.985250469487432
 0.75891061748844191
 0.17021463217652491
 -0.49648404018293579
 -0.87075548362775734
 -0.98445874839776404
 -0.64702319695337762
 -0.16571279352017626
 0.50044297299076146
 0.87299192731282182
 0.99961637728604458
 0.84464582685674738
 0.451735955545704
 -0.068429320412764685
 -0.68824991106358091
 -0.96255289322519511
 -0.96570177215863195
 -0.69680949900727573
 -0.080262094262641887
 0.44111841487869557
 0.83823451315416331
 0.99921737728844184
 0.87871764054369417
 0.51068044846592586
 -0.0012169927623786735
 -0.63793063058015309
 -0.942154470878239
 -0.98097050610764491
 -0.6325238404520197
 0.0057836823226367819
 0.51668688773089189
 0.94367531037086794
 0.98007362009303423
 0.74038218407304623
 0.14256028649333857
 -0.52059139660806109
 -0.88418034830145964
 -0.97915629473220078
 -0.62542333140588668
 0.014916604353269872
 0.64842084563481195
 0.98477925608846884
 0.86985197422915883
 0.49489079104069511
 -0.17202205632633658
 -0.76010394507765244
 -0.98556272514868337
 -0.93338546174226766
 -0.61827065004495774
 0.024048282052691987
 0.53223945734323408
 0.89049714453735651
 0.97628187600863758
 0.61467493103747084
 0.12445719769369468
 -0.40082051008727831
 -0.81318585042005176
 -0.9975927809538645
 -0.72484208350577484
 -0.27021093937455071
 0.26053945541214196
 0.81583521236402634
 0.99684699428045553
 0.81898303909962988
 0.40999034014640989
 -0.11449789551660453
 -0.72106671853433502
 -0.99719895765191047
 -0.89501634929027651
 -0.54070488933566718
 0.11903337424526578
 0.61035550082890577
 0.97508422786670002
 0.89297011361220469
 0.40164283463597866
 -0.1235663705437246
 -0.61396655002752176
 -0.976087115172108
 -0.89090525512361429
 -0.5329992784866211
 0.12809678987676251
 0.73049112569938079
 0.99813004161283114
 0.80836512406540517
 0.39326182440105123
 -0.13262453776289626
 -0.62115016073397611
 -0.97803180066825379
 -0.88671984235211354
 -0.38905897338469098
 0.28689235719527861
 0.73669800137329189
 0.9789735583027539
 0.94546926027148714
 0.64562337082936083
 0.011247956082341949
 -0.62828195559010802
 -0.97989489953272035
 -0.94397197361676277
 -0.6421292465344145
 -0.0066814220535604723
 0.50597464915570589
 0.93947771061620244
 0.9824734317532009
 0.74870337284051514
 0.30402127670330764
 -0.37248028622255525
 -0.87828874934801482
 -0.99925248579709669
 -0.83872373119254717
 -0.44192392822442306
 0.23075041581171793
 0.79768089846240808
 0.9990655247378426
 0.83622815318000376
 0.29530760337493717
 -0.2351914734962077
 -0.6994363906929727
 -0.99442985469023693
 -0.83371513570537759
 -0.29094148332762448
 0.38515923490199494
 0.88475658864781193
 0.97890471388091427
 0.73646992327589755
 0.13681547761836058
 -0.52553613306817071
 -0.88687569161064339
 -0.97796144940880547
 -0.62088584817830406
 0.020717374963544161
 0.65282663806760977
 0.94851151593640592
 0.97699778963959916
 0.73026078847632114
 0.12776233975286863
 -0.53328457614273284
 -0.94994809580360839
 -0.93128767720556305
 -0.61370033579439642
 -0.12323172689716683
 0.40195163755402535
 0.89312185138248557
 0.99750638142641856
 0.82089030337516489
 0.26902169520804903
 -0.26173158241395567
 -0.71875427025180472
 -0.99694422685007722
 -0.89649744755550087
 -0.54350458674249169
 0.11572466422679378
 0.60771295218366916
 0.97433972013122938
 0.89446482546867812
 0.53966559836386452
 -0.12025948096078005
 -0.72507435890065097
 -0.9753574455450581
 -0.89241354939925388
 -0.53581535530827096
 0.12479178969424104
 0.6149408894302183
 0.93185925391478641
 0.94945575472370036
 0.53195393787215595
 0.023711157232476316
 -0.61853565886702822
 -0.93350642899691172
 -0.98550557398912264
 -0.65163487930751562
 -0.019145488278022892
 0.49518379281713676
 0.8700182802033074
 0.99976594875481661
 0.84787648216215594
 0.4571376091762453
 -0.21414548183765864
 -0.68383802411548178
 -0.96089129691787012
 -0.9171217121892673
 -0.58396584088904802
 0.066935492729034415
 0.56808628456274546
 0.96214591601666388
 0.96608945909027666
 0.58025259939119722
 -0.071491258666853949
 -0.57183861803164726
 -0.96338046964987745
 -0.96490022720293422
 -0.69460463034444542
 -0.22863677800280582
 0.30173875618225021
 0.83990436892725195
 0.9931747655467954
 0.79359901194327176
 0.37046398183577256
 -0.30608946424582323
 -0.84237411919693606
 -0.99949029421725744
 -0.790812165192052
 -0.21973585073413712
 0.45203678212348919
 0.91665869474579109
 0.99206806997202313
 0.68468396839564494
 0.063536069721895586
 -0.58672791667811064
 -0.96811752088496095
 -0.95994232489362474
 -0.56150643275911605
 -0.05897792840350171
 0.4601648393334698
 0.84967775999932593
 0.99087861687119372
 0.67799868370998118
 0.054418557105745877
 -0.59409945894557603
 -0.9220480561402048
 -0.9573431522354271
 -0.67463479703646312
 -0.20187974966664896
 0.32774544257114785
 0.76504373808146187
 0.9999586319136059
 0.86376751051845613
 0.34487739811668311
 -0.18402994603395961
 -0.76797662005141698
 -0.98755537645856961
 -0.92893675340063486
 -0.60863379684069807
 0.036245563027500163
 0.66451500356302839
 0.95331735554538732
 0.92723629695034715
 0.47623922634562982
 -0.19299959502625752
 -0.77379427491261488
 -0.9889505977893237
 -0.8567832820780219
 -0.33198580663880228
 0.19747842878373487
 0.67131238493471701
 0.95603558259739696
 0.97144062343148863
 0.59770660638150441
 -0.049932895571018494
 -0.55398783516922856
 -0.9573648031389832
 -0.97034689319511946
 -0.59403917778321069
 -0.09871664971980694
 0.42441466144202417
 0.9039450729211691
 0.99546209140484987
 0.80655438456449347
 0.24518357827358583
 -0.42854524143090444
 -0.83053919395180253
 -0.99856770736082057
 -0.80384632102063036
 -0.24075370706548865
 0.43266688414771959
 0.83307400675438814
 0.99880162570560704
 0.80112149333480798
 0.23631881496075158
 -0.29419909994775784
 -0.74184022576927944
 -0.99901471413331877
 -0.88101247234590618
 -0.51482631406600432
 0.1492265986468464
 0.6342044204286742
 0.94052491117439774
 0.94142434045552237
 0.51090593409880236
 -0.00095470993008341055
 -0.63772862612896031
 -0.98225653615836761
 -0.8766548174323272
 -0.36931659404445405
 0.1582514249800219
 0.75095733059333059
 0.9831027439923048
 0.87444854332560251
 0.50303329145536235
 -0.010087981973328627
 -0.52036743992919077
 -0.88405779351868652
 -0.99870635429799859
 -0.83201627094256037
 -0.28800343928546723
 0.24260652398668919
 0.70487348511119874
 0.99520571111073786
 0.90507827123668394
 0.42681926135309134
 -0.24703426848143711
 -0.70810545029073779
 -0.99564197502935825
 -0.90312686476827797
 -0.42268497007417344
 0.10061656235602887
 0.5955741004690619
 0.97080666254414638
 0.95681146172407272
 0.67327953654496719
 0.20008270023350191
 -0.46987465789359312
 -0.92450689724225354
 -0.98934103856410838
 -0.77547477392715181
 -0.34315488624227353
 0.33378632655868862
 0.76915027238281941
 0.98784222664825339
 0.86052432995207551
 0.33886189807850309
 -0.33808764542683351
 -0.86010488691058218
 -0.98796980750470442
 -0.76967584934310729
 -0.33456184298063663
 0.34238191350790442
 0.8624254734116823
 0.98725327868753709
 0.76675227945330937
 0.33025481062593198
 -0.34666904124527759
 -0.86472807410797525
 -0.9999394412608994
 -0.76381271901443137
 -0.17766059811468488
 0.35094893923134723
 0.78069508365013429
 0.99987875705686646
 0.76085722933077538
 0.17316468790596914
 -0.3552215182091768
 -0.78354073279034975
 -0.99979722047228137
 -0.84866937008156818
 -0.31729274896499249
