# Created by Octave 8.4.0, Thu Dec 11 09:16:06 2025 IST <gamana@Samsung>
# name: iq
# type: matrix
# rows: 2048
# columns: 1
 0.99706007033948296
 0.71979445629436789
 0.2631763561998442
 -0.41166286191191009
 -0.89785314323009247
 -0.97259255895290297
 -0.60163096747855127
 0.045034489605138867
 0.54989853666459632
 0.95593663795513129
 0.97152058492562143
 0.59797692748566744
 0.10359543274975808
 -0.55370705885596561
 -0.95726733173653833
 -0.9704283499248888
 -0.710216724570086
 -0.24993486888935224
 0.28075440618218883
 0.82779791753061049
 0.99549412439592866
 0.80675369022336518
 0.39074826631547099
 -0.13533214306748165
 -0.62328907253604104
 -0.93566355795921996
 -0.94606518067421075
 -0.5229222527763302
 -0.013082302230897626
 0.62685369828083859
 0.97952724534565039
 0.88332189054261379
 0.3823247730738224
 -0.14437579056859726
 -0.74161405106639489
 -0.98043636236127607
 -0.88117195914959878
 -0.51511538248430411
 0.14889314503908596
 0.7446697864578582
 0.99919348408392272
 0.795826014291943
 0.22776270875812374
 -0.44467530925009219
 -0.91333608119151988
 -0.99306965479367471
 -0.69066317872013372
 -0.071752868069691278
 0.58003896657922716
 0.96602170240438701
 0.90931459676141035
 0.43590429109398116
 -0.086043693232830662
 -0.58375290518547418
 -0.91701713273622421
 -0.96096389680019023
 -0.56453861324632804
 -0.062640100920432637
 0.58745466967796534
 0.96834201569969813
 0.95969038861323452
 0.68069103463022174
 0.20993892776505721
 -0.31995361916473464
 -0.85015080695475087
 -0.99075723812089034
 -0.67733850237256721
 -0.053522108383987854
 0.46500949206638426
 0.8525464919069532
 0.99991852928111491
 0.86561044910871676
 0.48745724964467341
 -0.028014152610905268
 -0.65833821591201358
 -0.98697170672481427
 -0.93028888966230661
 -0.48346476204753758
 0.032578773816362379
 0.539444769141321
 0.95220302359858278
 0.92860399486731282
 0.60792122508734092
 -0.037142715594454159
 -0.66518560712459007
 -0.95358806728458312
 -0.97336184318883701
 -0.60428893386840432
 -0.11144808692793674
 0.4127880280337809
 0.820740489024255
 0.99659874386674296
 0.81405635073808913
 0.40219178600183031
 -0.1229714388149704
 -0.61349323202917039
 -0.93119209952337212
 -0.98657129559318824
 -0.76403033079695037
 -0.17799244441910247
 0.4896123951713961
 0.86684455914106351
 0.98581512268540761
 0.76107601527488455
 0.32193945930560336
 -0.35490626986012647
 -0.86911238135537339
 -0.99980395440413061
 -0.75810582758173006
 -0.31761252689779229
 0.21235319707962388
 0.68249837391928281
 0.96038166485395848
 0.91785140651800046
 0.58545405011465856
 -0.065105013155937183
 -0.68582900348661102
 -0.99226447206662238
 -0.84398406755565658
 -0.30893888111699319
 0.22126935221527527
 0.79177346594786169
 0.99943886783086799
 0.84152583106705137
 0.30459234863209911
 -0.37192385559131702
 -0.79455462137295907
 -0.99335691254234948
 -0.83905004463376487
 -0.4424616353320619
 0.07876957415834368
 0.57781115293558072
 0.91408155714959471
 0.9629577125917067
 0.68933536277182117
 0.069922994692288284
 -0.45039966562289363
 -0.84384335826177637
 -0.99957378788416562
 -0.87372121466920871
 -0.5017386946196043
 0.011585155087853634
 0.52164543106267169
 0.94557904321004638
 0.93619088246932725
 0.49778317453547566
 -0.1687390302799123
 -0.64936051767992853
 -0.94705515494779313
 -0.97796144940880547
 -0.73337300308974884
 -0.28219113174004168
 0.39357185195279359
 0.80856359383003795
 0.99810937180197989
 0.82607197240836805
 0.42132756391753479
 -0.2529057306336317
 -0.81124225234633263
 -0.99618918079676655
 -0.90050656061068934
 -0.55114847945818168
 0.106647885100269
 0.60043432000801411
 0.92507656477813749
 0.98912190302467629
 0.66878354895063952
 0.041967936110490878
 -0.47521886452547285
 -0.85853505300654542
 -0.98843983512506073
 -0.66538142519188515
 -0.037404816318760435
 0.47923200562359664
 0.92850663698750324
 0.98773715340256729
 0.76871908322971561
 0.33315048880552711
 -0.3437882972126497
 -0.86318239617788683
 -0.99996851064241199
 -0.76579026388864402
 -0.18068038726057722
 0.48722822131491544
 0.93185925391478641
 0.98627000753600025
 0.65509208035033761
 0.17618695705555892
 -0.49121112914774684
 -0.86775773336314854
 -0.98550557398912264
 -0.65163487930751562
 -0.019145488278022892
 0.49518379281713676
 0.93513413588735561
 0.98472058781311855
 0.64816408847853257
 0.16718916734334063
 -0.36088345518522658
 -0.87226068289134251
 -0.99965672575733444
 -0.75391589745208354
 -0.16268499548422688
 0.50309805648286454
 0.93833100971718231
 0.94356367941495367
 0.64118202727612839
 0.005446466656266781
 -0.50703949142794102
 -0.87669086913002936
 -0.99937573922465328
 -0.74788412868125476
 -0.30284452437160619
 0.22750731161019144
 0.79566716792130066
 0.99356634228954255
 0.9115748296758901
 0.57278989074160702
 -0.080598222732407257
 -0.69705133323988455
 -0.99407316861236728
 -0.83555027623656908
 -0.29412747756966146
 0.23639162971772915
 0.80116634160787004
 0.99455926362965252
 0.8330325515970789
 0.43259932229274561
 -0.089698463358592009
 -0.70357104096355216
 -0.96811752088496095
 -0.95994232489362474
 -0.68134843078258478
 -0.05897792840350171
 0.4601648393334698
 0.84967775999932593
 0.99983384877874237
 0.86833367476890355
 0.35343597986706526
 -0.17504494541054377
 -0.65421517251090366
 -0.98607777404705177
 -0.93227951256782382
 -0.48824092697539156
 0.17953931786032531
 0.65766218888049544
 0.95051960352096865
 0.97561272956226286
 0.61225090867551668
 -0.031681480166081341
 -0.66109548976492238
 -0.98755537645856961
 -0.92893675340063486
 -0.60863379684069807
 -0.11687683236262683
 0.4078046943816232
 0.81760638753376536
 0.99708585282110707
 0.81721787306131521
 0.26285100805909306
 -0.26790424016846759
 -0.72319004198412096
 -0.97475099015488875
 -0.89364305358104223
 -0.53812027829209996
 -0.03100736960251144
 0.61278402605769577
 0.97576054698524961
 0.89158429610588674
 0.39882994629126045
 -0.27669251862572475
 -0.82541765911308806
 -0.99803740086770543
 -0.80924562749002904
 -0.24960833620042683
 0.42441466144202417
 0.82798706032986946
 0.99546209140484987
 0.80655438456449347
 0.39043783300440948
 -0.13566625401455998
 -0.73568469520097368
 -0.99856770736082057
 -0.88529663390267133
 -0.52263478249728768
 0.14018932395002348
 0.73877016397742057
 0.97959507615814501
 0.94446504989139402
 0.51873595737724332
 -0.14470947024985625
 -0.63066698845287272
 -0.98050268395307083
 -0.94295452778891731
 -0.51482631406600432
 0.1492265986468464
 0.74489481655070955
 0.99920696820001331
 0.87884280898254086
 0.51090593409880236
 -0.15374061493672009
 -0.74793387261845989
 -0.98225653615836761
 -0.8766548174323272
 -0.36931659404445405
 0.1582514249800219
 0.75095733059333059
 0.9831027439923048
 0.93830509815306196
 0.62918402735208534
 -0.010087981973328627
 -0.64473706499241601
 -0.98392844930791656
 -0.87222403267404025
 -0.49908119296237063
 0.16726305010571701
 0.75695720037518566
 0.98473363488519361
 0.86998133186959403
 0.35655072077143918
 -0.32027309532488762
 -0.75993348705546881
 -0.99985559799969492
 -0.78158312069830338
 -0.20514176692661742
 0.32459591128292553
 0.76289392539196699
 0.98628238008474745
 0.86544154726569933
 0.34800281151606666
 -0.18075409140989987
 -0.76583845364504477
 -0.98702590740807916
 -0.8631445581430458
 -0.34371792593314032
 0.18524369092832746
 0.7687670104067964
 0.98774885039587357
 0.92847880871813848
 0.60765343796048421
 0.11565022938906054
 -0.54356748863500048
 -0.95368955510989162
 -0.97328447172790966
 -0.60402021354809721
 -0.11111296041333159
 0.54739495561019913
 0.95505324215194976
 0.92504810217897204
 0.47112971399971271
 -0.046605037363985337
 -0.67222720714079276
 -0.98979402472519373
 -0.92330379323078149
 -0.46709667495756185
 0.20316252151698605
 0.67560113478077399
 0.99043448389922084
 0.92154022886593456
 0.46305389465675628
 -0.055726485204822873
 -0.55880854320983553
 -0.90447252011329171
 -0.99534381309045672
 -0.70588167261913093
 -0.24398610906956891
