# Created by Octave 8.4.0, Thu Dec 11 09:16:06 2025 IST <gamana@Samsung>
# name: iq
# type: matrix
# rows: 2048
# columns: 1
 0.99706007033948296
 0.71979445629436789
 0.11267528621267162
 -0.54607854638925091
 -0.89785314323009247
 -0.97259255895290297
 -0.71661680183738552
 -0.10813648706951674
 0.41582037352034329
 0.82263935911185238
 0.9977183133033527
 0.89173695753970295
 0.5345505649007124
 0.026779638075654512
 -0.48853519495787168
 -0.86622816469789188
 -0.98602164326815445
 -0.65396009222976592
 -0.022214290997900961
 0.49251475324559779
 0.86850088041626661
 0.99982764492782827
 0.84949989429398942
 0.31878331613078459
 -0.35801914740060525
 -0.87075548362775734
 -0.99973243577145421
 -0.7559288889967074
 -0.16571279352017626
 0.36227941227075194
 0.87299192731282182
 0.98364649651042202
 0.75293139567673473
 0.1612074989385934
 -0.36653212183670031
 -0.8752101648306293
 -0.99947947189198894
 -0.74991820004097443
 -0.30576841154300655
 0.37077718740857579
 0.8774101499200383
 0.99932172244443662
 0.74688936492934765
 0.15218691789985109
 -0.51225682209534928
 -0.94195336044907441
 -0.93998963405957092
 -0.6329880670983572
 0.0051841873744737305
 0.64098073219064022
 0.98304095823534621
 0.93842165869421512
 0.62944609872927793
 -0.0097507775814606734
 -0.52007944302982734
 -0.94498052573775193
 -0.93683411263050442
 -0.62589100331904679
 0.014317164436864309
 0.64796433750803051
 0.98467487951336408
 0.9352270289765664
 0.49541164415814748
 -0.17143145822393704
 -0.75971424992675674
 -0.99984981054348077
 -0.78179343507867682
 -0.35259602275589552
 0.32427693142512543
 0.76267586066973059
 0.98622665999936832
 0.93195438336710679
 0.6151476976129181
 0.12505201810772687
 -0.53559388212582526
 -0.89229517179135864
 -0.99763417391420772
 -0.82193656840597684
 -0.41469690979581653
 0.10936414063460427
 0.71747761179131575
 0.97287896944569174
 0.95421733651916474
 0.54504354703316671
 -0.11390231364833965
 -0.7206512132819296
 -0.97392517113889421
 -0.89528358719251666
 -0.40636866435859498
 0.11843811123967478
 0.60988050752199152
 0.97495106171121826
 0.9514456324359305
 0.53736337067249562
 -0.1229714388149704
 -0.72695326304485031
 -0.99780093100154443
 -0.81139558397687261
 -0.39800651997194264
 0.27755511442268971
 0.82592413058045877
 0.99580452529075758
 0.80871789563453389
 0.24873889534825208
 -0.42522738066342897
 -0.82849014143618427
 -0.99537626063437679
 -0.80602334155402411
 -0.24431312492717491
 0.42935621049938855
 0.90626844172607091
 0.96787340625601292
 0.70287948678186651
 0.088729646848843727
 -0.56608150866258033
 -0.96147972065093112
 -0.96671507045462812
 -0.58223320594591998
 0.069063291190749512
 0.68871079187901341
 0.96272497207237551
 0.9655365738983589
 0.69635356049630359
 0.079628654059893125
 -0.44168863140895431
 -0.83858087426586858
 -0.99345571300162749
 -0.69306877966779146
 -0.22656001653555566
 0.44578112974414197
 0.84105996677280404
 0.99940963070714672
 0.79229956413757341
 0.36848215629705672
 -0.15913780551172138
 -0.75154986251153877
 -0.99955610682356222
 -0.78950500794454959
 -0.36423294539298129
 0.1636446553781746
 0.6454230546514419
 0.94538379920820492
 0.93640143507562779
 0.62492735376650566
 -0.01555200480670464
 -0.64890448980632387
 -0.94686250148140771
 -0.97808644142219958
 -0.62135568833296584
 0.020117995974901666
 0.65237239211708042
 0.94832145702324677
 0.97712545794276662
 0.73067021944311417
 0.27838293835848393
 -0.25232567056790139
 -0.81089157050291494
 -0.99613671377553947
 -0.82382969408846374
 -0.41772635433529737
 0.25674197731389409
 0.71515280292566097
 0.99652735636496814
 0.89877436420064549
 0.4135728135876256
 -0.26115292972931092
 -0.71833732746926005
 -0.97316389613177423
 -0.89676289601115911
 -0.54400771639250467
 0.11512916736350326
 0.72150687115320833
 0.99724628636823809
 0.89473272591303799
 0.40523994382358991
 -0.11966430631801073
 -0.72466136787698021
 -0.99757455878886059
 -0.89268389624526956
 -0.53632144128767723
 0.12419694968429182
 0.72780075185382342
 0.99788202688277594
 0.89061644973602283
 0.53246148620005185
 -0.12872700293448133
 -0.73092495761217069
 -0.97720475411549423
 -0.94820297322449965
 -0.65208950559648549
 -0.019744878889376392
 0.6216480510635094
 0.97816407143006301
 0.94674240283801925
 0.52470834344777251
 -0.1377789612471641
 -0.73712757417115904
 -0.97910298922187333
 -0.88430284225936873
 -0.38426140094988254
 0.14230067753188994
 0.62877621856052379
 0.93812356967355703
 0.98319863295447774
 0.64164196467474266
 0.15876935902343889
 -0.36882906218473727
 -0.87640231771474386
 -0.99939673945465424
 -0.74828196255844681
 -0.15425892329711394
 0.5104549277021273
 0.87859241165578594
 0.98149043871780584
 0.63460990942125484
 -0.0030874405497794671
 -0.51437653572680986
 -0.88076418263196576
 -0.99903785701884862
 -0.74219188539576064
 -0.29470041031222721
 0.23580907452596009
 0.80080742946930705
 0.99449663319225301
 0.83336406185027223
 0.43313974907902392
 -0.24024453744627602
 -0.70314489208791719
 -0.99496471019671173
 -0.83083124203139913
 -0.42901913846794526
 0.24467499008858307
 0.80624417124079983
 0.99834328410896789
 0.73294084284748995
 0.28158142740539416
 -0.24910034005624931
 -0.80893734916154614
 -0.99807011221661501
 -0.72982650510156966
 -0.27719656666990977
 0.25352049505894858
 0.71282005550396421
 0.97131601931168288
 0.90023004765829273
 0.41660396837504898
 -0.25793536291477787
 -0.81427303824434039
 -0.99746133057868402
 -0.72355223348021303
 -0.26840959403777453
 0.2623448515520968
 0.71919594755999483
 0.97344733857658416
 0.95347562768427552
 0.54297105604711338
 -0.11635584548700217
 -0.60821749558721294
 -0.97448255748183354
 -0.8941805000132218
 -0.53913049674280444
 0.12089031888782699
 0.61183606927000023
 0.97549745364196949
 0.95068243680667319
 0.65805726073601745
 0.027641105913960573
 -0.48778306643467773
 -0.93208962847817134
 -0.98616486570447182
 -0.76243443461132976
 -0.32392388406459971
 0.35294522144878099
 0.78202607935758106
 0.99984327321874167
 0.84995424792359497
 0.31960002313600977
 -0.21030378760737023
 -0.68096437614913996
 -0.95979521066420526
 -0.91868164503724958
 -0.58715262114053235
 0.063012554892090303
 0.68430154950322508
 0.96106708211217839
 0.91686822237936105
 0.45250463239040833
 -0.21922407525367402
 -0.68762445181076515
 -0.9623189105935428
 -0.91503567851806067
 -0.57973492883124911
 0.072125092364577786
 0.57235982405592067
 0.96355067000154482
 0.964733146222856
 0.57600790846049943
 0.076568570188056032
 -0.44444036922624158
 -0.84024909304288897
 -0.99935706938277469
 -0.79321220308449691
 -0.36987364886653651
 0.15765944704572057
 0.75056131278222915
 0.99951037938318776
 0.79042305788477341
 0.36562694772596338
 -0.16216739538656585
 -0.64427868567325608
 -0.98382122316867648
 -0.93692582017353565
 -0.4996006065460008
 0.014054907842664553
 0.52375111157019172
 0.88590502024865936
 0.97839707357332473
 0.73479682639496002
 0.28420205879244498
 -0.24645330073170391
 -0.70768200929684
 -0.99558588756232258
 -0.82725181834082195
 -0.27982070046704954
 0.39584126483067594
 0.89010471046960693
 0.99795451682541114
 0.72857116629725449
 0.27543350650641918
 -0.40003082953286218
 -0.89217673280036824
 -0.99765217058657929
 -0.72543551228183079
 -0.1207802233251128
 0.40421205162844998
 0.81533655147607031
 0.99677824324039432
 0.81947724355123819
 0.26664197777726245
 -0.40838484391845892
 -0.81797211421139282
 -0.99713413031232534
 -0.89540040259902232
 -0.54142963429734614
 -0.034936476854929815
 0.4813983933060807
 0.92942093762242273
 0.95152633483001159
 0.53758454875979766
 0.030372194738322415
 -0.48539609972578496
 -0.86442682365432499
 -0.98661410065177779
 -0.65667484806848442
 -0.17825053310852398
 0.48938368325399473
 0.86671376067056971
 0.98585910900799767
 0.76124612228590061
 0.32218776733811588
 -0.20763187017247733
 -0.6789609728205056
 -0.9910542876521572
 -0.91975744586342767
 -0.58936210966894675
 -0.092941658960011372
