# Created by Octave 8.4.0, Thu Dec 11 09:16:06 2025 IST <gamana@Samsung>
# name: iq
# type: matrix
# rows: 2048
# columns: 1
 0.99706007033948296
 0.71979445629436789
 0.11267528621267162
 -0.54607854638925091
 -0.95458600820206962
 -0.97259255895290297
 -0.71661680183738552
 -0.10813648706951674
 0.54989853666459632
 0.89985447880301794
 0.97152058492562143
 0.71342420240216764
 0.10359543274975808
 -0.55370705885596561
 -0.9018370479926181
 -0.9704283499248888
 -0.710216724570086
 -0.24993486888935224
 0.42410929452530416
 0.90380080945259256
 0.99549412439592866
 0.70699443523279637
 0.094506937438585861
 -0.56128938152206265
 -0.90574572222887484
 -0.99505071406714374
 -0.7037574015908532
 -0.24108099541788655
 0.28950866682443271
 0.73854284938133441
 0.97952724534565039
 0.94457581101048138
 0.64353447266247155
 0.1612074989385934
 -0.50439146910589572
 -0.8752101648306293
 -0.98281373076484568
 -0.74991820004097443
 -0.30576841154300655
 0.22451727661408843
 0.79380414593267479
 0.9932140410785969
 0.83972129973922371
 0.30141723570001927
 -0.37501452045592854
 -0.87959183670055963
 -0.99914313223323781
 -0.8372327419467338
 -0.43947131954170243
 0.082090521919315831
 0.69812411955698905
 0.96617647717373156
 0.96205395684648265
 0.68691788519972474
 0.21827493776079607
 -0.45337183085077554
 -0.91725607877992499
 -0.96079785708328713
 -0.68359193739244539
 -0.21381607161106853
 0.45743750616528306
 0.8480552264261183
 0.99128758100646241
 0.78426098528443078
 0.20935274634661827
 -0.32052155160483159
 -0.76010394507765244
 -0.98556272514868337
 -0.93338546174226766
 -0.49091736807458636
 0.17651889277400565
 0.76306347130970409
 0.99992600201619608
 0.8653101111236956
 0.48693370707140277
 -0.181012047936218
 -0.76600708392244765
 -0.99997112992048121
 -0.86301208685108277
 -0.48293989111003849
 0.033177953663624922
 0.6622181460394142
 0.98778974619014315
 0.92838136871562715
 0.60744511130886403
 0.11538970234524717
 -0.40917133979595066
 -0.8184675601388407
 -0.99719895765191047
 -0.81635404255404231
 -0.40582081906933309
 0.26934646894041164
 0.72422331303918408
 0.99753012452978629
 0.81370802101913009
 0.40164283463597866
 -0.1235663705437246
 -0.72736480393270331
 -0.99784048800762737
 -0.81104502967743974
 -0.39745647397782563
 0.12809678987676251
 0.73049112569938079
 0.99813004161283114
 0.8888218168869445
 0.52912975935153383
 -0.13262453776289626
 -0.62115016073397611
 -0.97803180066825379
 -0.94694682925076201
 -0.64910403070761957
 -0.015814255536007973
 0.49807561849560866
 0.87165606265217788
 0.999688319633386
 0.75472666710096414
 0.31270958881960326
 -0.3639886666551847
 -0.87388519838325185
 -0.99956388649198535
 -0.7517228585266672
 -0.30836864826151417
 0.36823831622717579
 0.79213950956971435
 0.99941860753662914
 0.84120181769794744
 0.30402127670330764
 -0.37248028622255525
 -0.79491849299250317
 -0.99342572139859497
 -0.83872373119254717
 -0.29966756480902224
 0.37671448817543773
 0.88046307274605584
 0.98072997867282441
 0.74261762234268391
 0.29530760337493717
 -0.38094083378193982
 -0.88261903416678134
 -0.99885772825792152
 -0.83371513570537759
 -0.4337124315048439
 0.2396276262838915
 0.80315574545163138
 0.99862910069091138
 0.73646992327589755
 0.13681547761836058
 -0.38936960356123135
 -0.80586807279352213
 -0.99837964680481783
 -0.82863699236744714
 -0.42546475484063667
 0.097562209492346161
 0.70916188232663657
 0.99578049057298412
 0.82607197240836805
 0.27780708268757176
 -0.2529057306336317
 -0.71237422369576531
 -0.99618918079676655
 -0.90050656061068934
 -0.41718158624638879
 0.106647885100269
 0.60043432000801411
 0.92507656477813749
 0.98912190302467629
 0.77452856646619817
 0.34174815640461548
 -0.18730375783299533
 -0.66359162882274891
 -0.9529437020089786
 -0.97384861061456984
 -0.60598684772426525
 0.039574909776025805
 0.54532624471903801
 0.89745750341030195
 0.9967722299032804
 0.71724266907984957
 0.2596349677644772
 -0.41500374368247817
 -0.89946252330987009
 -0.99639521405824028
 -0.81264031596820996
 -0.25522216160828837
 0.27550554513713005
 0.72862249453939665
 0.97648425174466691
 0.94926739928405801
 0.65463900799968555
 0.023111817585558577
 -0.49173323310941108
 -0.93372121977050349
 -0.94782140874875742
 -0.52757223669842357
 -0.018546090785699351
 0.62258678294217984
 0.97841256309769253
 0.94635565148416922
 0.6477074493356495
 0.013979977208803314
 -0.62615396992670891
 -0.93695201049059973
 -0.94487015805853269
 -0.64422137197363261
 -0.0094135720807538813
 0.62970809852713572
 0.9802592560561354
 0.88159605993130463
 0.37893198159176017
 -0.14800533499711871
 -0.74407029360156574
 -0.98115194723055799
 -0.87943136084701534
 -0.37470188890066913
 0.15252020218339782
 0.63677688436544455
 0.94165156452784582
 0.98126010988344969
 0.74444467168266415
 0.29791688543962525
 -0.37841318812873614
 -0.7987858946523142
 -0.99898455506343076
 -0.74138779202865035
 -0.29355443911615486
 0.23697409994913654
 0.80152496580324284
 0.99462153661748143
 0.83270074194778887
 0.28918587074155172
 -0.24140825635502416
 -0.80424732122389797
 -0.99853139581912675
 -0.73522771206905113
 -0.28481127142188473
 0.39105865519140504
 0.88772174448364649
 0.97757679069033354
 0.61944675186580489
 -0.022551427497307118
 -0.65421517251090366
 -0.94909097831870182
 -0.97660494362994621
 -0.72900630000091904
 -0.27604434499882413
 0.25468014892050156
 0.81231352710963023
 0.99634750575784725
 0.89970733514225409
 0.54961684782678955
 0.044697608200154511
 -0.60190029667792921
 -0.92577170863838576
 -0.98885038991703345
 -0.77336688246613405
 -0.34002355145909097
 0.33692513186863876
 0.77127520987753551
 0.99999979713272458
 0.77046371533771096
 0.18785434424611683
 -0.34122131553440338
 -0.86179968962706266
 -0.98744908124580055
 -0.66058930444052788
 -0.18336698130000104
 0.4848404102377788
 0.86410715897615442
 0.98671752975550331
 0.65715397345424653
 0.026442536515764517
 -0.48882940738508918
 -0.86639660744903924
 -0.99989722500485212
 -0.76165805010351362
 -0.17438087676587846
 0.49280821003958597
 0.86866798729944894
 0.98519270874744136
 0.65024226875192148
 0.017311311182923683
 -0.49677673522365212
 -0.93578250779400085
 -0.9843994710296855
 -0.75570808304221859
 -0.31413140947528839
 0.36259370507354283
 0.78842387647310075
 0.99215262290844974
 0.91638893144898803
 0.58247566642925475
 -0.068765747042522973
 -0.56959504976055142
 -0.96264425706104728
 -0.9656141565470755
 -0.57875755451358868
 -0.079925956665632389
 0.44142102839570441
 0.91185190848861342
 0.9934897346948528
 0.79525845451364996
 0.37300042776503378
 -0.15433296388685006
 -0.63819028610314688
 -0.94226744669384188
 -0.93966960834163338
 -0.50645805922721576
 0.0061208973313193644
 0.51697557833208441
 0.88219665278495163
 0.99890022348249063
 0.74015546670460453
 0.29180028695165083
 -0.23875592890746625
 -0.70205386706677697
 -0.96758107690326767
 -0.9605377287425112
 -0.56326993400177106
 0.092122369915500199
 0.7052986063965454
 0.99526416606126766
 0.82913921057920092
 0.28305228863950394
 -0.3927463907825941
 -0.88856480988550313
 -0.97718884210939361
 -0.6180055709143798
 0.024385404138185334
 0.65560150530830985
 0.98638116107680518
 0.86514103433169209
 0.34744071794215031
 -0.32947804660705687
 -0.85540995045046719
 -0.98934103856410838
 -0.77547477392715181
 -0.19560625154617511
 0.33378632655868862
 0.76915027238281941
 0.99999636910856871
 0.77258336771307723
 0.19112572350826018
 -0.33808764542683351
 -0.86010488691058218
 -0.99999824789995395
 -0.85818903436324712
 -0.47462533683833424
 0.19479926101805431
 0.66928481552472607
 0.95523078406663564
 0.92482021438637707
 0.59989484973093987
 -0.047203881500806025
 -0.55171111329001665
 -0.90079963176166622
 -0.97100369805400089
 -0.71190073847071889
 -0.10143517182540703
 0.42193912522092825
 0.90277326207257647
 0.96990183591888457
 0.5925624553559925
 0.096890962859445942
 -0.42607501114555518
 -0.82901434727097012
 -0.99841779827284749
 -0.88656389225759114
