# Created by Octave 8.4.0, Thu Dec 11 09:16:06 2025 IST <gamana@Samsung>
# name: iq
# type: matrix
# rows: 2048
# columns: 1
 0.99706007033948296
 0.71979445629436789
 0.11267528621267162
 -0.41166286191191009
 -0.82003431881388944
 -0.99739959216031482
 -0.89379434027545168
 -0.40332217000396425
 0.12174574039319934
 0.72610466550790553
 0.9756866937503218
 0.95041478686084535
 0.65740811854692949
 0.17920756624578818
 -0.48853519495787168
 -0.93240144544834269
 -0.94898469904253735
 -0.65396009222976592
 -0.17471292102219657
 0.49251475324559779
 0.93404224138678449
 0.94753482023462876
 0.65049842763434806
 0.017648480643128749
 -0.62328907253604104
 -0.97859770037839833
 -0.88545340033792985
 -0.38654055032865986
 0.28950866682443271
 0.83288742170822871
 0.99458655204620394
 0.80132327513146184
 0.23664647091041779
 -0.29387678624149521
 -0.83540614555488213
 -0.99899969140049327
 -0.79858297189933158
 -0.37810102247061
 0.14889314503908596
 0.7446697864578582
 0.99919348408392272
 0.87900365099550504
 0.51119579255227765
 -0.00061748905173052778
 -0.51225682209534928
 -0.87959183670055963
 -0.99914313223323781
 -0.74384495350793745
 -0.14767181956608888
 0.51617351493844721
 0.9434767811546485
 0.98019252618813468
 0.62944609872927793
 0.14315364154996899
 -0.52007944302982734
 -0.94498052573775193
 -0.9792778829548171
 -0.73770965602296679
 -0.13863247807766196
 0.52397452491172358
 0.8860266541137356
 0.97834281697030223
 0.73461889791047752
 0.28395058142647778
 -0.24670748503358705
 -0.80748280845543519
 -0.99822044475942118
 -0.82710443109173448
 -0.27956888546549696
 0.39608211065021354
 0.81016824749014416
 0.99602750333649714
 0.82452909748853165
 0.4188481031914722
 -0.25554820013760671
 -0.71428904737035315
 -0.99642376475119299
 -0.82193656840597684
 -0.41469690979581653
 0.25996060960367884
 0.81548838195195372
 0.99730982697147408
 0.8193268979110363
 0.41053706793381189
 -0.26436759761487083
 -0.81812296642813798
 -0.99715393876895353
 -0.81670014042814298
 -0.2619847133958928
 0.26876907226385538
 0.72380978565701937
 0.99748783614430614
 0.89323979943204135
 0.53736337067249562
 0.030110031711012196
 -0.61349323202917039
 -0.9759566197678079
 -0.95003000237158464
 -0.53350643239463069
 -0.025545082696878618
 0.4896123951713961
 0.9328470854580132
 0.98581512268540761
 0.65302529690071753
 0.020979600942368393
 -0.6206802229306233
 -0.9344826169515198
 -0.98503839069289045
 -0.64955995649615195
 -0.016413681660202538
 0.49755567898470887
 0.87136207831000456
 0.99970310675110219
 0.75511982966047653
 0.164494764015997
 -0.50151179753412556
 -0.8735936030877316
 -0.99958141038069237
 -0.84398406755565658
 -0.4506338234743309
 0.06966135126844894
 0.68914533015244894
 0.99282104490079037
 0.9141878894328731
 0.44655238580789536
 -0.22572055441760619
 -0.69244728475509543
 -0.96410949048091532
 -0.96417909475583619
 -0.69263648984203974
 -0.074477793700477926
 0.57781115293558072
 0.96531192032584046
 0.9629577125917067
 0.68933536277182117
 0.069922994692288284
 -0.58153233821740702
 -0.91592396357618688
 -0.99229699825105167
 -0.78913692405411384
 -0.3636745572016995
 0.16423604820363752
 0.7549478544265199
 0.99969668159732372
 0.78632374567415608
 0.35941675965785358
 -0.31736381384729234
 -0.84870900418237416
 -0.99112415953073163
 -0.7834941685839707
 -0.20814497571020177
 0.32169112912610048
 0.85111530279515479
 0.99050672924155281
 0.67598778716342178
 0.051690166626058617
 -0.46663278619843457
 -0.92310219592082832
 -0.95655008992160562
 -0.67261547438327629
 -0.19920301606094334
 0.47066694847015184
 0.85587460041102437
 0.98920991118715429
 0.77490763686045938
 0.34231150373757346
 -0.33463246164541943
 -0.769723690212191
 -0.98798139365844539
 -0.86006665733274223
 -0.33801711923289846
 0.33893240150115228
 0.860562501651286
 0.9999961643602806
 0.76910237975061224
 0.18575915252785319
 -0.34322527295248667
 -0.77552208599333883
 -0.98935194803207749
 -0.85537113379660201
 -0.46980850632099586
 0.04810061880376932
 0.67333494291237483
 0.95683324420089355
 0.97078868493983261
 0.59551390107624014
 0.10054200436666021
 -0.42275288344574552
 -0.90315903864523062
 -0.99563498366487102
 -0.70805253408118418
 -0.24696165236387882
 0.42688702935371275
 0.90511013570477716
 0.99519837909198194
 0.70482032713478615
 0.24253382409876054
 -0.28807520130343556
 -0.7375325586554845
 -0.97922473141210453
 -0.88402276669574964
 -0.38370785527361939
 0.14289405503088268
 0.74060881724670391
 0.99893161851503542
 0.79948325508046658
 0.23366308595342544
 -0.43923570699769482
 -0.83708928455909648
 -0.99913224238819642
 -0.87971658210087067
 -0.51248206157902254
 0.15192768482357455
 0.63631452355382023
 0.981910840626954
 0.94049945024301207
 0.63414647918112677
 -0.0036869410735316153
 -0.51489055655288429
 -0.88104792251660446
 -0.9990113855659839
 -0.83555027623656908
 -0.43671209054113685
 0.08514923093521945
 0.7003184896409369
 0.96696348238648455
 0.90778178968163992
 0.56527940041679248
 -0.089698463358592009
 -0.70357104096355216
 -0.96811752088496095
 -0.95994232489362474
 -0.56150643275911605
 0.094245825128639826
 0.70680891937608892
 0.96925136938056977
 0.90391302325552925
 0.55772175493586962
 -0.098791221410575017
 -0.71003205735290709
 -0.99589306163665337
 -0.90195034323742196
 -0.42020723065496823
 0.2541003676522241
 0.7132403876757174
 0.99629613438374887
 0.89996885312693931
 0.55011758475158845
 0.04529650493705354
 -0.47228473929239162
 -0.85682192344726693
 -0.98893948579507385
 -0.77374680424103814
 -0.34058727400126604
 0.33636061951733709
 0.77089348593878015
 0.99999999929803707
 0.85912929147213657
 0.47623922634562982
 -0.040808889991026519
 -0.54636101681158478
 -0.95468642402066628
 -0.92551650307139577
 -0.60136156986289846
 -0.10780123738777925
 0.41612703440426646
 0.82283104388607065
 0.99774102377887197
 0.81191999367161027
 0.39882994629126045
 -0.27669251862572475
 -0.72946779440294807
 -0.97674975441813594
 -0.8895069447213011
 -0.39463800471769866
 0.13114035477173422
 0.61997607397048027
 0.97771859182372267
 0.94742697280711508
 0.65024226875192148
 0.16988232258226452
 -0.35833399507441271
 -0.87092125115799168
 -0.9997245785693325
 -0.84690242494468848
 -0.45550525983347107
 0.21593704592681448
 0.78842387647310075
 0.99960698059496689
 0.84446525583110477
 0.30979259712026835
 -0.22039375891483476
 -0.68849451687399366
 -0.99271326475870159
 -0.91455137357013006
 -0.44735548072388992
 0.22484587561108255
 0.6917993022821437
 0.99325320366409453
 0.83953813505979158
 0.44326655429247164
 -0.077874574804260743
 -0.57707819725182719
 -0.96507712748675856
 -0.91081907787510319
 -0.4391683835773984
 0.082426600067351322
 0.58080175758021402
 0.96626338538553846
 0.96196188827345819
 0.68667277584135678
 0.066262548155808801
 -0.45367237737390509
 -0.84580640228606607
 -0.99967416865729253
 -0.78687807629106243
 -0.36025438120915887
 0.16785407835510183
 0.64867752905396447
 0.94676652961209029
 0.97814849400595127
 0.73398302658285619
 0.28305228863950394
 -0.3927463907825941
 -0.88856480988550313
 -0.99816414828841271
 -0.82657758365299772
 -0.42214157768151089
 0.10121300589464162
 0.71174389087921641
 0.99611047806902719
 0.82399871852646989
 0.4179973205467552
 -0.10575520508773301
 -0.599716164981694
 -0.92473524121230355
 -0.98925356281503807
 -0.66945072337818479
 -0.19501829336789572
 0.47442876563596731
 0.92646373697704298
 0.9885755490076189
 0.77220259583605411
 0.19053723674310338
 -0.33865178659559625
 -0.86041054963190122
 -0.99999694595634003
 -0.7692929668113283
 -0.33399682605863357
 0.1953872453297896
 0.77533375814590866
 0.98930849540251009
 0.8555255955910952
 0.47007177393068039
 -0.19986389567129473
 -0.67311440314957505
 -0.95674651807965072
 -0.92284262614875456
 -0.59575347482441132
 -0.10083874181194503
 0.55601254589604276
 0.90303095653948784
 0.99566277613826715
 0.80781333690788515
 0.39240040222005296
 -0.13355292969609442
 -0.73423846992589381
