# Created by Octave 8.4.0, Thu Dec 11 09:16:06 2025 IST <gamana@Samsung>
# name: iq
# type: matrix
# rows: 2048
# columns: 1
 0.99706007033948296
 0.81741217677477895
 0.40749676511192734
 -0.11721173552297842
 -0.60890133064396568
 -0.97467563508643473
 -0.89379434027545168
 -0.53840448048633571
 -0.031344426666491253
 0.61251750219373202
 0.9756866937503218
 0.89173695753970295
 0.5345505649007124
 0.026779638075654512
 -0.48853519495787168
 -0.86622816469789188
 -0.98602164326815445
 -0.7618765189682617
 -0.17471292102219657
 0.35375141607369498
 0.86850088041626661
 0.99982764492782827
 0.75891061748844191
 0.31878331613078459
 -0.35801914740060525
 -0.87075548362775734
 -0.98445874839776404
 -0.64702319695337762
 -0.16571279352017626
 0.50044297299076146
 0.87299192731282182
 0.98364649651042202
 0.75293139567673473
 0.31011321061357677
 -0.36653212183670031
 -0.8752101648306293
 -0.99947947189198894
 -0.74991820004097443
 -0.30576841154300655
 0.37077718740857579
 0.8774101499200383
 0.99932172244443662
 0.83972129973922371
 0.30141723570001927
 -0.37501452045592854
 -0.79657321781796253
 -0.99914313223323781
 -0.8372327419467338
 -0.29705977382799137
 0.23340805554780536
 0.79932567724122838
 0.99423482618450487
 0.834726723741544
 0.43536466339879998
 -0.23784618978820501
 -0.80206146680018797
 -0.99872344485238629
 -0.73770965602296679
 -0.13863247807766196
 0.52397452491172358
 0.8860266541137356
 0.97834281697030223
 0.73461889791047752
 0.28395058142647778
 -0.39188476247376564
 -0.88813469650019505
 -0.97738734773531
 -0.61874172821212581
 0.023448947172842981
 0.65489389015789878
 0.94937339120327868
 0.97641149517605841
 0.72839148523155783
 0.12505201810772687
 -0.53559388212582526
 -0.89229517179135864
 -0.99763417391420772
 -0.72525496053724303
 -0.12051985628836237
 0.539444769141321
 0.95220302359858278
 0.92860399486731282
 0.60792122508734092
 0.11598518103835469
 -0.40862424436305445
 -0.81812296642813798
 -0.99715393876895353
 -0.81670014042814298
 -0.40636866435859498
 0.11843811123967478
 0.72380978565701937
 0.97495106171121826
 0.9514456324359305
 0.6599150493749707
 0.18248437222101171
 -0.34635271246754379
 -0.86455865896230799
 -0.98657129559318824
 -0.65647701852210572
 -0.025545082696878618
 0.4896123951713961
 0.9328470854580132
 0.94859455951793425
 0.52963836788862773
 -0.1320303058023965
 -0.73319467094717705
 -0.99836468747738893
 -0.80602334155402411
 -0.24431312492717491
 0.286318003155562
 0.73629247129767361
 0.99861533733890595
 0.80331197793003184
 0.38540126954067483
 -0.29069053647477588
 -0.8335702757343435
 -0.99884516116837307
 -0.80058386130778225
 -0.38118332737363553
 0.29505700746927255
 0.74244194177693867
 0.98067870320139328
 0.88058739468803771
 0.51405646439116126
 -0.15011424342459914
 -0.63489827957422962
 -0.94082952243764828
 -0.94112121559772
 -0.51013398334824778
 0.15462763684080572
 0.74852947834240957
 0.98242450771086454
 0.87622253538456674
 0.50620086350751381
 -0.15913780551172138
 -0.64192815925744795
 -0.98326668640036863
 -0.8740126725681886
 -0.36423294539298129
 0.312460448889467
 0.75455457317662888
 0.99968173728826637
 0.7866939866963889
 0.35997613844395193
 -0.16814809245020726
 -0.64890448980632387
 -0.94686250148140771
 -0.97808644142219958
 -0.62135568833296584
 0.020117995974901666
 0.52890718330563458
 0.94832145702324677
 0.97712545794276662
 0.73067021944311417
 0.27838293835848393
 -0.25232567056790139
 -0.81089157050291494
 -0.99613671377553947
 -0.90076708853249832
 -0.55164861080812788
 0.10605178105953815
 0.71515280292566097
 0.97210288979435833
 0.95520861010101676
 0.54783387611315026
 -0.11059162740069406
 -0.60360206764425894
 -0.92657595352213129
 -0.98853055046695493
 -0.77201305843660495
 -0.19024443905519753
 0.47870574193700199
 0.860562501651286
 0.9999961643602806
 0.85772783948271503
 0.33371568541195351
 -0.34322527295248667
 -0.86287955619046985
 -0.98710999648029529
 -0.65898665758912811
 -0.028875590832584942
 0.48670460215319011
 0.93164157445709228
 0.98636883283935706
 0.6555449172576302
 0.17677705112349806
 -0.49068884864234602
 -0.86745963149813543
 -0.99986437470970757
 -0.76027435081049699
 -0.32076998583533983
 0.20909626830340569
 0.78409822979723109
 0.99125300021650498
 0.9191687592134139
 0.58815185864004971
 -0.061779983200696019
 -0.56382707900378393
 -0.90704235677475153
 -0.99474101974739715
 -0.70157342122455979
 -0.08690225208096268
 0.43512852706753002
 0.8345822651241197
 0.99893161851503542
 0.88187887015013433
 0.51639813837311055
 -0.14741240706340067
 -0.74366963050838819
 -0.99913224238819642
 -0.79673175151610309
 -0.22922036107167365
 0.44333372670715848
 0.91272536305760776
 0.96385077902166005
 0.6917451883744351
 0.22477285582009482
 -0.44742250073204154
 -0.84205089924673893
 -0.99270423190419643
 -0.68844016679241615
 -0.22032066295107569
 0.30986384760900021
 0.84450539102537403
 0.9921432504235741
 0.78837777747453541
 0.21586387531466605
 -0.31420255319168883
 -0.84694227072087613
 -0.99972633443905379
 -0.78556015859060346
 -0.21140258585673893
 0.45963249696403663
 0.84936148751235574
 0.99095922642125844
 0.78272615692098302
 0.35399672753549227
 -0.17445466609343432
 -0.76170660622616937
 -0.98597790847448374
 -0.86635918424039315
 -0.48876403164850379
 0.17894952312104839
 0.657210456600686
 0.98672970031970908
 0.86406943966609229
 0.34544005915608184
 -0.18344064817265887
 -0.76759251303591824
 -0.99998684795731974
 -0.77412644792750684
 -0.34115087413467143
 0.33579598627634649
 0.85886072213434583
 0.98834328900117741
 0.66490690711661848
 0.036769779306858492
 -0.47978965707740173
 -0.86119087502127423
 -0.99999198125360811
 -0.85709227829338019
 -0.47274705089475788
 0.19689069525206784
 0.67086792725114253
 0.9558596058549732
 0.92400680960145565
 0.5981871302220686
 0.1038563009623451
 -0.55348863374498325
 -0.9571914453849667
 -0.92225097586733729
 -0.46467907137845199
 0.20583701845338415
 0.67761300134487346
 0.95850332277440242
 0.96938031739622599
 0.59084313838376756
 0.094768043247161982
 -0.5610722916725851
 -0.95979521066420526
 -0.96824878958938965
 -0.58715262114053235
 -0.090220902426703026
 0.56484660844744916
 0.96106708211217839
 0.96709706904209614
 0.70069284447422997
 0.085671880057528363
 -0.56860914539770646
 -0.9623189105935428
 -0.96592517977336534
 -0.69742736225788915
 -0.23246211701882688
 0.44034484140373442
 0.91135903725470646
 0.964733146222856
 0.69414733525730998
 0.076568570188056032
 -0.57609856620207622
 -0.91322924641777392
 -0.99310044604073633
 -0.79321220308449691
 -0.22356930816004994
 0.44852662828523909
 0.84271640179536644
 0.99255456754202531
 0.79042305788477341
 0.36562694772596338
 -0.16216739538656585
 -0.75357116913722322
 -0.99964284468553211
 -0.87251709724699622
 -0.4996006065460008
 0.014054907842664553
 0.52375111157019172
 0.94637986330795709
 0.97839707357332473
 0.73479682639496002
 0.28420205879244498
 -0.24645330073170391
 -0.80732806228184006
 -0.99823605081354361
 -0.82725181834082195
 -0.27982070046704954
 0.39584126483067594
 0.81001447001553151
 0.99600411379319209
 0.8246774739692172
 0.27543350650641918
 -0.25529461712429846
 -0.714105463842164
 -0.99640156844884453
 -0.82208593102390259
 -0.27104056840503038
 0.2597073351704795
 0.81533655147607031
 0.99677824324039432
 0.81947724355123819
 0.26664197777726245
 -0.26411463704382998
 -0.81797211421139282
 -0.99713413031232534
 -0.81685146595519664
 -0.40660830075807419
 0.26851643083041526
 0.82059061821265755
 0.99746922224264523
 0.89335768603351851
 0.40243190678191099
 -0.12271114227330605
 -0.61328608606029378
 -0.97589941772691657
 -0.89129633857472446
 -0.53372825194534723
 -0.025807279212384109
 0.61688675308117347
 0.97688579182994772
 0.88921640321184137
 0.39405402806044376
 -0.28168784626551813
 -0.73301628836640964
 -0.99834965947009091
 -0.80617855486628232
 -0.24456745138823813
 0.42911931872736814
 0.83089296006415125
 0.99860150528978953
 0.88500094266799034
