# Created by Octave 8.4.0, Thu Dec 11 09:16:06 2025 IST <gamana@Samsung>
# name: iq
# type: matrix
# rows: 2048
# columns: 1
 0.99706007033948296
 0.71979445629436789
 0.2631763561998442
 -0.26757933088703667
 -0.72295709950342013
 -0.97467563508643473
 -0.95182505386520067
 -0.53840448048633571
 -0.031344426666491253
 0.61251750219373202
 0.9307412043625467
 0.95041478686084535
 0.65740811854692949
 0.026779638075654512
 -0.6161208997466926
 -0.97667740455693652
 -0.94898469904253735
 -0.65396009222976592
 -0.022214290997900961
 0.61971144815431445
 0.97764774684509548
 0.88756644408310237
 0.39074826631547099
 -0.13533214306748165
 -0.73545624545231092
 -0.99854960836650131
 -0.80404686683955928
 -0.24108099541788655
 0.43236283667164604
 0.90767174576048582
 0.96703030897644238
 0.70050569115229744
 0.23664647091041779
 -0.29387678624149521
 -0.74161405106639489
 -0.98043636236127607
 -0.88117195914959878
 -0.37810102247061
 0.29823877688491174
 0.83790744708233544
 0.99919348408392272
 0.87900365099550504
 0.51119579255227765
 -0.15340739435657474
 -0.7477099918286475
 -0.98219323712585571
 -0.87681701130020206
 -0.50726554167848714
 0.0051841873744737305
 0.51617351493844721
 0.88175517967331396
 0.98019252618813468
 0.74078502926765999
 0.14315364154996899
 -0.52007944302982734
 -0.8839001337219804
 -0.99872344485238629
 -0.73770965602296679
 -0.28832635562389775
 0.24227936376794221
 0.80478052944019018
 0.995172673015283
 0.9052216213146459
 0.56026686158099936
 0.057483207986331115
 -0.59162761605977232
 -0.92085560177722303
 -0.95822557211480941
 -0.55647836159153252
 0.10028104696026842
 0.5953031768677769
 0.97072572039354965
 0.90130275558293516
 0.4188481031914722
 -0.10482368684166825
 -0.71428904737035315
 -0.9718124784500537
 -0.89931510730645936
 -0.54886662494658134
 0.10936414063460427
 0.60261697710835183
 0.92611076224270938
 0.95421733651916474
 0.66674975226285726
 0.19145671714048751
 -0.3377702626083236
 -0.77184632306809275
 -0.99999882230188708
 -0.85836209249050632
 -0.33487961217098988
 0.19446848906226558
 0.77474182782419287
 0.98917145136069295
 0.85601021937775568
 0.33057309196900747
 -0.19894598283625273
 -0.77762117540992637
 -0.99994309558021077
 -0.85364049424972288
 -0.46686474663636957
 0.20341932760986636
 0.6757944842168484
 0.99047064063879786
 0.92143835717186395
 0.59283406142640771
 0.097226591704109466
 -0.55902603440189202
 -0.9045843610622607
 -0.99531849785788795
 -0.70569586549307994
 -0.24373174421850885
 0.429897566468319
 0.90652169075643541
 0.99486675030193172
 0.70245292795551217
 0.23930021665734427
 -0.29126409986974627
 -0.73977842583670239
 -0.99887378497716794
 -0.88246046011956136
 -0.51745531617108087
 -0.0066814220535604723
 0.63182823598891091
 0.98079580514366582
 0.8803031412508725
 0.51354214370764828
 0.0021147486843296568
 -0.50990837753160867
 -0.87828874934801482
 -0.9816119409268943
 -0.63510089645229451
 -0.15037354922751256
 0.51383147181467992
 0.88046307274605584
 0.9990655247378426
 0.83622815318000376
 0.43782274524140236
 -0.083918673314793177
 -0.6994363906929727
 -0.96664793069210975
 -0.9615517828446648
 -0.68558354763474372
 -0.064768503918316747
 0.45500618041280882
 0.91798520548608953
 0.99164375835976593
 0.78595322204321882
 0.21202365503335402
 -0.3179322687123336
 -0.84902590539055167
 -0.99104428369290198
 -0.78312149655954333
 -0.35459098115184812
 0.32225870842005994
 0.8514298767049846
 0.99988903171155696
 0.86667637872741532
 0.35031731564544222
 -0.1783242704825769
 -0.65673136249930986
 -0.98662631820244562
 -0.93106911980553142
 -0.48533058049533734
 0.030447098077451381
 0.53764773570711577
 0.95154938063428185
 0.9748760017603072
 0.72357706217531093
 0.11810325707900529
 -0.54149263660292424
 -0.9529437020089786
 -0.92769806037374358
 -0.60598684772426525
 0.039574909776025805
 0.66700103896563889
 0.95431814982942342
 0.97280090994462021
 0.71724266907984957
 0.10902893617327254
 -0.54914848010589656
 -0.89946252330987009
 -0.97173292160015401
 -0.59869625076160626
 -0.10448831771420683
 0.55295926305115228
 0.90144878500030279
 0.97064466785397419
 0.71084844417378734
 0.25080403281712832
 -0.4232961049202259
 -0.90341624705829937
 -0.99557885146941183
 -0.80728383888807087
 -0.39157449206599887
 0.1344425905599955
 0.62258678294217984
 0.93534636841227947
 0.98461601216628303
 0.6477074493356495
 0.013979977208803314
 -0.62615396992670891
 -0.93695201049059973
 -0.98380779503866689
 -0.64422137197363261
 -0.0094135720807538813
 0.62970809852713572
 0.9802592560561354
 0.94336495945166887
 0.6407218594334867
 0.15758544581541206
 -0.50755612643698156
 -0.87697910545821811
 -0.98212982640030599
 -0.74748602601074754
 -0.15307415633124866
 0.37418213151977475
 0.87916439304993654
 0.98126010988344969
 0.74444467168266415
 0.14855967449948912
 -0.37841318812873614
 -0.7987858946523142
 -0.99413816389891141
 -0.83522075023473963
 -0.43617269752579141
 0.23697409994913654
 0.80152496580324284
 0.99462153661748143
 0.9075301689701889
 0.43205874002810724
 -0.24140825635502416
 -0.70399693697221599
 -0.99508416659435028
 -0.90560274921938144
 -0.56101025891130574
 -0.058379457433449272
 0.59090359568530659
 0.9693987167671404
 0.90365644320560368
 0.42380387937971431
 -0.25026137315619335
 -0.71045408205694227
 -0.97050969629949302
 -0.95716975147556826
 -0.67419215097034724
 -0.20129255304917421
 0.32831177465123523
 0.76542966813970337
 0.98692367569994355
 0.86346527092844227
 0.34431461312667594
 -0.33262192165991472
 -0.85713088116327518
 -0.99999227854816175
 -0.86115278299169851
 -0.34002355145909097
 0.18910545721954594
 0.77127520987753551
 0.9883546949159574
 0.927011630027469
 0.60452654479767098
 -0.041407887188901399
 -0.66836670923880226
 -0.98903929380659694
 -0.85647397793049618
 -0.47169014771937318
 0.04597024429589211
 0.55068067745181271
 0.90026267422724404
 0.971298196903853
 0.59722586772224207
 -0.050531642697646817
 -0.67513248402895309
 -0.99034659876718778
 -0.85172372649409922
 -0.32278929029045333
 0.20701020294663866
 0.67849428688606228
 0.95884444852267436
 0.92000667565964611
 0.45956594254873184
 -0.05965118289711676
 -0.56206438710514606
 -0.96013108362025967
 -0.91820737812000286
 -0.58618163086786612
 0.06420913450765045
 0.56583561865804632
 0.90806447299328763
 0.99448877925552626
 0.69983689313803099
 0.2357362491636617
 -0.4373187200616811
 -0.83592063402922945
 -0.9990411407042995
 -0.88072869288680666
 -0.51431227012111369
 0.14981936313580321
 0.74529466087728902
 0.99923065939848654
 0.79525845451364996
 0.37300042776503378
 -0.30348722560178526
 -0.74833167288643443
 -0.98236879196404914
 -0.87636622663844588
 -0.36875940648814054
 0.30783538028013108
 0.84336129110560609
 0.99240781401398992
 0.68667277584135678
 0.066262548155808801
 -0.5845132053407629
 -0.91739034106205852
 -0.99183580306267727
 -0.78687807629106243
 -0.36025438120915887
 0.31651233945367091
 0.84823387425093655
 0.99124310746588995
 0.78405171832161935
 0.35599055457862572
 -0.17235424060308335
 -0.76032302855692135
 -0.99986560606571262
 -0.86742234684153008
 -0.35171930379742294
 0.17685080841905051
 0.76328138178410543
 0.99993004749988235
 0.86514103433169209
 0.48663913745476717
 -0.18134368802751832
 -0.76622381684746443
 -0.99997363548384233
 -0.77547477392715181
 -0.19560625154617511
 0.47390094072350675
 0.92623792677698591
 0.95411641469722341
 0.54476078736602618
 0.038900987211602449
 -0.60652321135819354
 -0.97400162091040132
 -0.95273903001207627
 -0.66308693126258755
 -0.18664120956076188
 0.48192377313858803
 0.92964200032564304
 0.9513417760410976
 0.5370789445299804
 0.029772961920549099
 -0.48592015540831529
 -0.86472807410797525
 -0.98651616079302507
 -0.65622259989165388
 -0.025207970311606029
 0.61735848295232298
 0.97701376738129042
 0.88894197826965471
 0.52935229899733338
 0.020642452992762857
 -0.62094459040458649
 -0.9779770926331931
 -0.94703109187740431
 -0.52547237649733447
 0.13688971055489954
