# Created by Octave 8.4.0, Thu Dec 11 09:16:06 2025 IST <gamana@Samsung>
# name: iq
# type: matrix
# rows: 2048
# columns: 1
 0.99706007033948296
 0.71979445629436789
 0.11267528621267162
 -0.41166286191191009
 -0.82003431881388944
 -0.99739959216031482
 -0.81477298767905471
 -0.40332217000396425
 0.27197672523161615
 0.82263935911185238
 0.99631865342087256
 0.71342420240216764
 0.25435403320662997
 -0.41996921323270014
 -0.82522724334078956
 -0.99591677378527643
 -0.710216724570086
 -0.24993486888935224
 0.42410929452530416
 0.82779791753061049
 0.99549412439592866
 0.70699443523279637
 0.24551049220311386
 -0.28513450973044718
 -0.83035132807013867
 -0.99505071406714374
 -0.7037574015908532
 -0.24108099541788655
 0.43236283667164604
 0.90767174576048582
 0.96703030897644238
 0.70050569115229744
 0.23664647091041779
 -0.29387678624149521
 -0.74161405106639489
 -0.99899969140049327
 -0.88117195914959878
 -0.51511538248430411
 0.14889314503908596
 0.7446697864578582
 0.98132503246572256
 0.87900365099550504
 0.51119579255227765
 -0.15340739435657474
 -0.7477099918286475
 -0.99936643867810504
 -0.87681701130020206
 -0.50726554167848714
 0.0051841873744737305
 0.51617351493844721
 0.9434767811546485
 0.93842165869421512
 0.62944609872927793
 -0.0097507775814606734
 -0.52007944302982734
 -0.8839001337219804
 -0.99872344485238629
 -0.73770965602296679
 -0.28832635562389775
 0.24227936376794221
 0.70463424304951916
 0.96849149417710867
 0.95952171996815627
 0.68025173333747047
 0.20935274634661827
 -0.32052155160483159
 -0.85046631654676685
 -0.99986002074606939
 -0.86759008943263682
 -0.49091736807458636
 0.024048282052691987
 0.65534683009168626
 0.94956155470422277
 0.97628187600863758
 0.72798059751291655
 0.2746049511819631
 -0.2561277524118542
 -0.81318585042005176
 -0.99647424175558452
 -0.89905278190790505
 -0.5483653950146985
 -0.043201793907063295
 0.6030952912798444
 0.97301746871639383
 0.89704391948377393
 0.54454082034982465
 0.038638901418714747
 -0.6067317227218294
 -0.97406100526838946
 -0.89501634929027651
 -0.54070488933566718
 0.11903337424526578
 0.72422331303918408
 0.99753012452978629
 0.81370802101913009
 0.40164283463597866
 -0.1235663705437246
 -0.72736480393270331
 -0.99784048800762737
 -0.81104502967743974
 -0.25257945801771692
 0.2781310138013558
 0.73049112569938079
 0.99813004161283114
 0.80836512406540517
 0.24815818877633955
 -0.28251463140679067
 -0.73360221314005569
 -0.97803180066825379
 -0.88671984235211354
 -0.52524920526344476
 -0.015814255536007973
 0.49807561849560866
 0.93630935971701046
 0.984134927684575
 0.75472666710096414
 0.16390339698880679
 -0.50203036872450668
 -0.87388519838325185
 -0.99956388649198535
 -0.7517228585266672
 -0.30836864826151417
 0.22185395632415195
 0.79213950956971435
 0.99941860753662914
 0.74870337284051514
 0.15488675998232163
 -0.37248028622255525
 -0.87828874934801482
 -0.99925248579709669
 -0.83872373119254717
 -0.29966756480902224
 0.37671448817543773
 0.88046307274605584
 0.98072997867282441
 0.63156681724073349
 -0.0070186351243288854
 -0.5177438501891326
 -0.94408321150734609
 -0.93778628091338123
 -0.5017386946196043
 0.011585155087853634
 0.52164543106267169
 0.88475658864781193
 0.99862910069091138
 0.83118473117740399
 0.28656929572213435
 -0.38936960356123135
 -0.88687569161064339
 -0.97796144940880547
 -0.62088584817830406
 -0.13229028813657909
 0.52941587506541732
 0.94851151593640592
 0.97699778963959916
 0.61729952884911965
 -0.025282884424066471
 -0.53328457614273284
 -0.94994809580360839
 -0.97601375467033502
 -0.72713334434054777
 -0.12323172689716683
 0.53714215561870826
 0.89312185138248557
 0.99750638142641856
 0.72399073590500151
 0.1186985440550069
 -0.40612900000404117
 -0.89516671019734817
 -0.9739846416439677
 -0.60646362901863526
 0.038975868375956735
 0.54482362820236752
 0.95413885114572949
 0.92620967709367286
 0.47383495062976799
 -0.19567974137969191
 -0.77552208599333883
 -0.98935194803207749
 -0.92447833088141018
 -0.46980850632099586
 0.20015612234780542
 0.77839705386729208
 0.99992915833028506
 0.85299658942327106
 0.32509202879037347
 -0.35178945268142309
 -0.86745963149813543
 -0.99986437470970757
 -0.85060425588363664
 -0.46172630843791007
 0.057221356716363872
 0.68005946213323143
 0.95944781899102105
 0.9191687592134139
 0.58815185864004971
 -0.061779983200696019
 -0.56382707900378393
 -0.9607251061180615
 -0.91736051401446572
 -0.45360559371491849
 0.066337321269096597
 0.56759280932219036
 0.9619823574103793
 0.96624408194516875
 0.58074075304553097
 0.082351916843145981
 -0.57134670254418518
 -0.9108500101553022
 -0.96505749357654713
 -0.69503578367345586
 -0.22922036107167365
 0.44333372670715848
 0.83957884657315829
 0.99931202944930153
 0.87753594764229947
 0.50855529701815605
 -0.0036869410735316153
 -0.51489055655288429
 -0.94297947361517021
 -0.98048795545716472
 -0.63060883078210594
 -0.14463532063038551
 0.38208240309828206
 0.88319891056935484
 0.99879795529096516
 0.73871965688208541
 0.28975970768520559
 -0.24082644017776364
 -0.70357104096355216
 -0.9950246172039402
 -0.90585685224972345
 -0.56150643275911605
 0.094245825128639826
 0.59041984438793671
 0.92027078201715529
 0.95865273487232627
 0.55772175493586962
 -0.098791221410575017
 -0.59409945894557603
 -0.9220480561402048
 -0.99025288698631997
 -0.67463479703646312
 -0.20187974966664896
 0.32774544257114785
 0.85445833872757682
 0.98960650546753481
 0.67125684091562299
 0.04529650493705354
 -0.47228473929239162
 -0.92554488003732771
 -0.95466411877607582
 -0.66786488579440773
 -0.040734014305628702
 0.60506365761878733
 0.92726435688547848
 0.95329472382463132
 0.66445900241171152
 0.18844314139406976
 -0.34065773071631095
 -0.77379427491261488
 -0.99998940073362763
 -0.8567832820780219
 -0.47221868416594392
 0.045371365888891541
 0.67131238493471701
 0.95603558259739696
 0.9237774076299472
 0.59770660638150441
 -0.049932895571018494
 -0.55398783516922856
 -0.9573648031389832
 -0.97034689319511946
 -0.70997928631879803
 -0.09871664971980694
 0.42441466144202417
 0.9039450729211691
 0.96923292646253989
 0.59035936055186145
 0.094171220419915477
 -0.56156844030411857
 -0.90588859223877527
 -0.99501714838476762
 -0.70351778617963279
 -0.089623827187757507
 0.43266688414771959
 0.90781321933218118
 0.96694437685696777
 0.58296286741591263
 0.085074564858861945
 -0.56910219984820576
 -0.96248175678768133
 -0.91479369043480918
 -0.44789157041556454
 0.072723021987780773
 0.57285131597583161
 0.91160563668947248
 0.96457516552375233
 0.57551774398311595
 -0.077276877469169419
 -0.69465853816616863
 -0.96491990446587583
 -0.91106639288515368
 -0.43970690185345124
 0.23315300908548614
 0.7991680444144863
 0.99895572273101452
 0.83487112493613869
 0.43560076978030499
 -0.086379658688501032
 -0.58402667228351934
 -0.96727755929629
 -0.90726309490466162
 -0.56426023670636294
 -0.062303538622137125
 0.45720425744531024
 0.84791621144290719
 0.99976756718698545
 0.78442368682047992
 0.35655072077143918
 -0.17176367725145975
 -0.65169172040484546
 -0.98551828393206375
 -0.86772048768357102
 -0.4911458537354722
 0.023786074093560219
 0.65514869784289442
 0.98628238008474745
 0.86544154726569933
 0.48716277849229406
 -0.028351239645533603
 -0.65859201221444852
 -0.95090254255329998
 -0.93016513476203078
 -0.4831695435136964
 0.18524369092832746
 0.66202159170945685
 0.98774885039587357
 0.86082956821913825
 0.33942587214412534
 -0.18972942720639832
 -0.77167953460243732
 -0.99999919043919605
 -0.85849662577286689
 -0.33512673965938639
 0.19421120669451822
 0.77457596549159458
 0.98913292348678583
 0.92504810217897204
 0.60037439234906187
 0.10657337418694574
 -0.41724969046119159
 -0.82353223714346102
 -0.997823225944791
 -0.81119843305825856
 -0.25283322809198039
 0.42139552464273106
 0.90251524314443954
 0.97004763859141163
 0.70910904562404031
 0.24841225888832305
 -0.42553257065895028
 -0.90447252011329171
 -0.99534381309045672
 -0.70588167261913093
 -0.092941658960011372
