# Created by Octave 8.4.0, Thu Dec 11 09:16:06 2025 IST <gamana@Samsung>
# name: iq
# type: matrix
# rows: 2048
# columns: 1
 0.99706007033948296
 0.71979445629436789
 0.2631763561998442
 -0.26757933088703667
 -0.82003431881388944
 -0.99739959216031482
 -0.81477298767905471
 -0.40332217000396425
 0.12174574039319934
 0.61251750219373202
 0.9307412043625467
 0.95041478686084535
 0.65740811854692949
 0.026779638075654512
 -0.6161208997466926
 -0.93240144544834269
 -0.98602164326815445
 -0.7618765189682617
 -0.32310844176316006
 0.35375141607369498
 0.78256289391760381
 0.99092400356524601
 0.92013878115657166
 0.59014764102010608
 0.093910099777458012
 -0.42878220469788947
 -0.83068524656400522
 -0.99499096351463112
 -0.70333136332568646
 -0.24049913052813435
 0.43290333150358423
 0.90792318296106844
 0.99452407799023024
 0.8009644889521762
 0.38177074593872068
 -0.29444976525794719
 -0.74201608110504058
 -0.99902631993877522
 -0.88088835778813113
 -0.37754595515819683
 0.14948593972267568
 0.63440718674615271
 0.98144017484354107
 0.87871764054369417
 0.51068044846592586
 -0.1539997744139284
 -0.74810794332050845
 -0.99938759605057081
 -0.79268712746483883
 -0.22272925180653891
 0.44929670050794807
 0.84318003849283296
 0.99953697267526553
 0.7898948670650332
 0.36482469394694789
 -0.31185672933426212
 -0.84562645019083471
 -0.99966550404728993
 -0.78708613347960132
 -0.36056893869878703
 0.16752163237433296
 0.7571285669469523
 0.99977318748613397
 0.78426098528443078
 0.35630566381819206
 -0.17202205632633658
 -0.65189063542320946
 -0.98556272514868337
 -0.93338546174226766
 -0.49091736807458636
 0.024048282052691987
 0.65534683009168626
 0.94956155470422277
 0.97628187600863758
 0.72798059751291655
 0.12445719769369468
 -0.40082051008727831
 -0.81318585042005176
 -0.99647424175558452
 -0.89905278190790505
 -0.41415131091223267
 0.26053945541214196
 0.81583521236402634
 0.99684699428045553
 0.81898303909962988
 0.26581129234256295
 -0.26494572488577295
 -0.8184675601388407
 -0.99691782759704184
 -0.71851977171296921
 -0.1108522977199087
 0.41333399829856854
 0.89865934540983339
 0.99654916134521687
 0.71533610577853302
 0.10631258127998891
 -0.4174880367582457
 -0.90065314739641111
 -0.97108426039629825
 -0.59650556024492263
 -0.10177064770085427
 0.42163336854287486
 0.82626197125556577
 0.99813004161283114
 0.80836512406540517
 0.24815818877633955
 -0.28251463140679067
 -0.73360221314005569
 -0.97803180066825379
 -0.94694682925076201
 -0.52524920526344476
 -0.015814255536007973
 0.49807561849560866
 0.93630935971701046
 0.94546926027148714
 0.52135769715095059
 -0.14167164154906572
 -0.73977842583670239
 -0.97989489953272035
 -0.88246046011956136
 -0.38062901780274139
 0.29562976825788428
 0.74284342228831535
 0.99908004304739784
 0.8803031412508725
 0.37640208904310912
 -0.15070692720004675
 -0.6353613396672978
 -0.94103251339940608
 -0.9409183725946465
 -0.63510089645229451
 -0.15037354922751256
 0.37671448817543773
 0.88046307274605584
 0.98072997867282441
 0.63156681724073349
 0.14585720244600886
 -0.38094083378193982
 -0.80042666836970566
 -0.99885772825792152
 -0.83371513570537759
 -0.29094148332762448
 0.2396276262838915
 0.7026928983702091
 0.99490081834697564
 0.83118473117740399
 0.28656929572213435
 -0.24405878165923398
 -0.70593475145094076
 -0.99535103343762399
 -0.90444055412780355
 -0.42546475484063667
 0.097562209492346161
 0.59310560008093594
 0.970065839412798
 0.95769927327928239
 0.55495322438255723
 -0.10210611200314788
 -0.596776182900982
 -0.97116471230884116
 -0.90050656061068934
 -0.55114847945818168
 0.106647885100269
 0.60043432000801411
 0.92507656477813749
 0.95503102527647488
 0.54733224038238693
 0.041967936110490878
 -0.47521886452547285
 -0.85853505300654542
 -0.98843983512506073
 -0.77163187100420239
 -0.33745284137923132
 0.19178768900065554
 0.66700103896563889
 0.98876676377317252
 0.92598349239297739
 0.60234783019754723
 0.10902893617327254
 -0.41500374368247817
 -0.89946252330987009
 -0.99639521405824028
 -0.71405300238203884
 -0.25522216160828837
 0.41915429501371138
 0.90144878500030279
 0.99599741848162138
 0.71084844417378734
 0.099945520160762913
 -0.4232961049202259
 -0.82729391853123047
 -0.99557885146941183
 -0.80728383888807087
 -0.39157449206599887
 0.28427390587818346
 0.82985072709325425
 0.99850087127598641
 0.80458031858614487
 0.38736837114448691
 -0.28864923917442065
 -0.83239022919382866
 -0.99874042183395029
 -0.80186001883484936
 -0.23751863257405997
 0.29301855271703736
 0.74101151269808929
 0.99895914375123918
 0.79912299636577122
 0.23308013572095032
 -0.29738175538438333
 -0.74407029360156574
 -0.98115194723055799
 -0.87943136084701534
 -0.37470188890066913
 0.30173875618225021
 0.74711355698670412
 0.99933408385256284
 0.79359901194327176
 0.37046398183577256
 -0.30608946424582323
 -0.84237411919693606
 -0.99949029421725744
 -0.87504698682238213
 -0.3662183487781972
 0.16154030008025003
 0.7531532776590677
 0.99962566030275579
 0.78800882612502365
 0.36196507827028734
 -0.16604534267755786
 -0.64728028114969927
 -0.94617437850265707
 -0.97852825047564906
 -0.62302533315261921
 -0.13499801673067219
 0.52709597262535235
 0.94764255991038049
 0.97757679069033354
 0.7321246402313728
 0.13047170763585367
 -0.53097128912241753
 -0.88981490952982212
 -0.97660494362994621
 -0.72900630000091904
 -0.12594267756543712
 0.39944833561707799
 0.81231352710963023
 0.99634750575784725
 0.8224475807887246
 0.27165220072888396
 -0.40363072384035797
 -0.81496845536821072
 -0.99672707261570836
 -0.8977046154509839
 -0.54579601386796173
 0.11301035331454241
 0.60554086019085052
 0.97372110498126263
 0.8956831742115805
 0.40718878950252729
 -0.11754662535427075
 -0.60916879520417599
 -0.97475099015488875
 -0.95172159376741927
 -0.53812027829209996
 -0.03100736960251144
 0.4848404102377788
 0.86410715897615442
 0.99995226986548125
 0.85410775838210584
 0.32710817819128124
 -0.34979224499924849
 -0.77992273563746839
 -0.99034659876718778
 -0.92178678654374213
 -0.59355680841868841
 0.055091987266559873
 0.55828143375058858
 0.90420128748488515
 0.99540486435650744
 0.70633165536328146
 0.093574363747004757
 -0.42908682841071355
 -0.90614232899702107
 -0.96794835540191537
 -0.70309160570639617
 -0.24017179352942708
 0.43320729148554482
 0.83340547957469346
 0.99883078709797413
 0.80076254521241408
 0.38145904536495701
 -0.1453026379155623
 -0.74224210581578476
 -0.9990411407042995
 -0.79801882116799649
 -0.37723367015195181
 0.29913274172497478
 0.83841835543494314
 0.9934897346948528
 0.69328375107809725
 0.22685050426344353
 -0.44551413093429654
 -0.8408985917021129
 -0.99939933922813762
 -0.87636622663844588
 -0.50645805922721576
 0.15884334603799766
 0.64169944063822781
 0.98321230929285264
 0.87415755586709232
 0.36451069476733244
 -0.31217711507956075
 -0.84580640228606607
 -0.99967416865729253
 -0.87193065461939046
 -0.49856160000648819
 0.16785407835510183
 0.64867752905396447
 0.98483781237670287
 0.86968556933719121
 0.35599055457862572
 -0.32084096299175136
 -0.76032302855692135
 -0.9856197642320309
 -0.86742234684153008
 -0.49062355117527662
 0.024385404138185334
 0.65560150530830985
 0.94966724670251723
 0.97620881102840229
 0.72774935818324415
 0.2742806783315328
 -0.25645371012622509
 -0.81338206817485037
 -0.99756933985126051
 -0.82140266898159908
 -0.26988624726652932
 0.26086501504268755
 0.81603017562444879
 0.99687369533627246
 0.8187894891587626
 0.2654861877484091
 -0.40947901636436274
 -0.89679605440828325
 -0.99689131497651151
 -0.81615923355558806
 -0.40551259198549666
 0.11936819089927433
 0.72445580781615626
 0.97515897982580757
 0.89281827429515648
 0.40133398604391574
 -0.27406592047488221
 -0.82387216943413188
 -0.99613013022446173
 -0.81084771477814355
 -0.39714701031852595
 0.27845491328665334
 0.73072137985246688
 0.99815059791834015
 0.88866723383728807
 0.39295175212837735
 -0.1329587723074456
 -0.73383133976659254
 -0.99841779827284749
 -0.88656389225759114
