# Created by Octave 8.4.0, Thu Dec 11 09:16:06 2025 IST <gamana@Samsung>
# name: iq
# type: matrix
# rows: 2048
# columns: 1
 0.99706007033948296
 0.71979445629436789
 0.11267528621267162
 -0.41166286191191009
 -0.82003431881388944
 -0.99669975492155383
 -0.71661680183738552
 -0.25876789299367536
 0.41582037352034329
 0.89985447880301794
 0.97152058492562143
 0.71342420240216764
 0.10359543274975808
 -0.55370705885596561
 -0.95726733173653833
 -0.92214954772219393
 -0.59431041673833829
 -0.099052217956670074
 0.55750403353697353
 0.90380080945259256
 0.99549412439592866
 0.80675369022336518
 0.39074826631547099
 -0.13533214306748165
 -0.73545624545231092
 -0.97859770037839833
 -0.94606518067421075
 -0.64702319695337762
 -0.16571279352017626
 0.36227941227075194
 0.78821639611625471
 0.99211040285063745
 0.91652386521001739
 0.58274974275466684
 0.084813229831986955
 -0.43701543014966737
 -0.83573550265197849
 -0.99403645175662203
 -0.69680949900727573
 -0.080262094262641887
 0.44111841487869557
 0.91171342092136254
 0.99352809498320716
 0.7954628564466879
 0.22717892085399657
 -0.30316589222440382
 -0.74810794332050845
 -0.99938759605057081
 -0.79268712746483883
 -0.36907284080929581
 0.15851039745388298
 0.75113050352384558
 0.99953697267526553
 0.7898948670650332
 0.21827493776079607
 -0.45337183085077554
 -0.91725607877992499
 -0.96079785708328713
 -0.68359193739244539
 -0.062041763045416379
 0.5879397169116356
 0.91906542379149492
 0.95952171996815627
 0.68025173333747047
 0.20935274634661827
 -0.46149364166221007
 -0.92085560177722303
 -0.95822557211480941
 -0.67689734269446189
 -0.20488505504967391
 0.32484398121003566
 0.85285967026973009
 0.99004323693862828
 0.67352883541892117
 0.048362596540172997
 -0.59896632268215722
 -0.92437830773569063
 -0.98939008741680945
 -0.67014628176077173
 -0.043800730362636646
 0.47360396434939761
 0.92611076224270938
 0.98871630425468959
 0.66674975226285726
 0.19145671714048751
 -0.3377702626083236
 -0.85993281577640979
 -0.99999882230188708
 -0.76989109921219223
 -0.18697249432793983
 0.34206505440574203
 0.862254728491333
 0.98730689364631385
 0.6599150493749707
 0.18248437222101171
 -0.48562539556399231
 -0.93119209952337212
 -0.95003000237158464
 -0.65647701852210572
 -0.025545082696878618
 0.61709316219078447
 0.9328470854580132
 0.94859455951793425
 0.65302529690071753
 0.17349680460094399
 -0.49358918395682855
 -0.9344826169515198
 -0.94713933381100757
 -0.5257592578226381
 0.13655565629267968
 0.73629247129767361
 0.99861533733890595
 0.80331197793003184
 0.38540126954067483
 -0.14107815892716888
 -0.62781543718359556
 -0.9376951805861069
 -0.98342331467676902
 -0.75211808378384382
 -0.15998855098596032
 0.50545745710063528
 0.93927214572946993
 0.94265526511560149
 0.51405646439116126
 0.0027142508996653475
 -0.63489827957422962
 -0.94082952243764828
 -0.98172620227317298
 -0.74606759889611551
 -0.15096620933205945
 0.37615908234565687
 0.88017868087772855
 0.9808469264002444
 0.63203151200921293
 -0.0064191446934956159
 -0.51723086013975772
 -0.88233705536967755
 -0.99888619500537212
 -0.73995487764514356
 -0.141931274197549
 0.38460591340230282
 0.88447702880257373
 0.97902702699783795
 0.62492735376650566
 -0.01555200480670464
 -0.64890448980632387
 -0.98488950883147741
 -0.86953831103763324
 -0.4943384925459326
 0.17264802280907673
 0.76051672367098844
 0.99987045121728202
 0.78102278387113822
 0.20426302043608899
 -0.32544492650933948
 -0.8531913046710683
 -0.98995358540852607
 -0.67305898173588963
 -0.19979046908747422
 0.3297596316796047
 0.7664154324676743
 0.99997575675182881
 0.77528642874904019
 0.1953137511268089
 -0.47416355491905871
 -0.92635030896735904
 -0.98862091052602741
 -0.77239396840364405
 -0.19083295991561117
 0.4781793062011695
 0.92806075907777474
 0.98792363963022523
 0.66286364658848163
 0.034039253748189412
 -0.48218508509733365
 -0.86257640607982466
 -0.99997730700065079
 -0.855681532510988
 -0.32997327716214314
 0.19956871399551304
 0.77802056203898473
 0.99993611445809583
 0.85330932712526242
 0.32565891068230435
 -0.20404147402606793
 -0.78088143098659768
 -0.99987406833880488
 -0.76066365321370921
 -0.32133775261549763
 0.35550030419832296
 0.86942652071316784
 0.98492867732881395
 0.64907666774001871
 0.015778289785674641
 -0.62475065926917805
 -0.97898089513712505
 -0.94545754374526758
 -0.64559590152393109
 -0.16386791309179902
 0.36402216922112618
 0.87390268411432048
 0.98330788905718081
 0.64210167146403652
 0.1593612301400637
 -0.50600567489804349
 -0.87611345131609575
 -0.98246672616909925
 -0.63859405043216355
 -0.0020787785250994868
 0.63538911601296177
 0.98168311007002196
 0.94090619125990704
 0.50958731222447518
 -0.15525543682479045
 -0.74895071108757061
 -0.98254292717702252
 -0.8759161192036341
 -0.36789132298161498
 0.1597651493053443
 0.751968918002766
 0.98338225344063146
 0.9377737909711148
 0.62799157440310449
 0.14130220458601372
 -0.52167611917927825
 -0.94559074704375101
 -0.97889736390548221
 -0.62443112376430543
 0.016187398979834153
 0.64938787193239067
 0.98499936384905673
 0.9345631623416466
 0.62085765067118193
 -0.020753337468221285
 -0.52944639052210829
 -0.94852290863125577
 -0.97699011837476468
 -0.730236214270643
 -0.12772666421476822
 0.53331500431394885
 0.891074692502277
 0.97600592299910494
 0.61367193548990384
 -0.029883820804921236
 -0.53717249586989657
 -0.89313803075040843
 -0.99750384213352616
 -0.72396592281754968
 -0.11866282803733014
 0.40616186991180714
 0.89518274268614051
 0.99717097550692491
 0.72080809695511616
 0.11412715062512825
 -0.41033069552001877
 -0.81919712580238091
 -0.99681731297030696
 -0.71763523870538837
 -0.26017913488544525
 0.41449096371888955
 0.89921611744055674
 0.99644286189927678
 0.81296859497656737
 0.25576699192390262
 -0.41864258774640456
 -0.90120469614360221
 -0.97078005375332543
 -0.71124469003477142
 -0.25134951496500213
 0.42278548102084801
 0.82697721122200296
 0.99820692377477482
 0.80761628765316207
 0.39209296340454419
 -0.28373357668536048
 -0.82953615171385942
 -0.99846986724916631
 -0.80491484185151141
 -0.38788784545796373
 0.13840834707902394
 0.73755684929667165
 0.97923202475231552
 0.94505453445536491
 0.64465228228240545
 0.0099770793202839953
 -0.50312914269256037
 -0.93834344539628523
 -0.94355176577966948
 -0.64115442370244891
 -0.0054104969479632833
 0.5070704946692971
 0.93991239139905336
 0.98223573013683352
 0.74786025009957557
 0.30281024310068022
 -0.22754233843116597
 -0.69379554510477459
 -0.96460441808960795
 -0.9636812669976782
 -0.69128614632389973
 -0.072612406971510488
 0.44799072936945222
 0.91483848301881454
 0.99262740922558323
 0.68797912273362927
 0.068056999206418209
 -0.58305297663764921
 -0.96697265111186681
 -0.96120197379681016
 -0.68465775140129626
 -0.063500172118824721
 0.58675704442698662
 0.96812653067524623
 0.9599322454957403
 0.68132210159383921
 0.058942020740916222
 -0.59044887545154334
 -0.96926022004786716
 -0.90389763761296504
 -0.42431423498079179
 0.24971573230804883
 0.80931077782195759
 0.99803044958313381
 0.72939192700285505
 0.27658593871262194
 -0.2541351571057559
 -0.81198473343668831
 -0.99629922676406035
 -0.89995317116830897
 -0.41602618226756172
 0.10791149863785485
 0.71645893778949998
 0.97253991269956919
 0.89795276462020879
 0.54626812228350208
 0.040698073895358726
 -0.60509229590729041
 -0.9735926090972632
 -0.89593363134887194
 -0.54243730608508978
 0.11698697975956758
 0.72280072311361832
 0.99738325630767888
 0.81490417844386909
 0.40352924897579806
 -0.27175893664303857
 -0.72594903784674225
 -0.99770300842879622
 -0.89183935346146748
 -0.53474181637346063
 0.12605270192086335
 0.72908221297869769
 0.97662878748047732
 0.88976429423120562
 0.39515573749260696
 -0.13058166702803317
 -0.7322001831674213
 -0.99828008542002156
 -0.88767067904748709
 -0.52700171892661862
 -0.017874757691161602
 0.62311208192578837
 0.93558366973773388
 0.98449846732212543
 0.75607702612406347
 0.16593597303667312
