# Created by Octave 8.4.0, Thu Dec 11 09:16:06 2025 IST <gamana@Samsung>
# name: iq
# type: matrix
# rows: 2048
# columns: 1
 0.99706007033948296
 0.81741217677477895
 0.40749676511192734
 -0.11721173552297842
 -0.60890133064396568
 -0.97467563508643473
 -0.89379434027545168
 -0.40332217000396425
 0.12174574039319934
 0.72610466550790553
 0.9756866937503218
 0.95041478686084535
 0.5345505649007124
 -0.126277206267076
 -0.72923708866562187
 -0.97667740455693652
 -0.94898469904253735
 -0.53068550131166847
 0.13080603864129745
 0.61971144815431445
 0.97764774684509548
 0.88756644408310237
 0.52680937032475517
 0.017648480643128749
 -0.62328907253604104
 -0.93566355795921996
 -0.94606518067421075
 -0.5229222527763302
 -0.013082302230897626
 0.50044297299076146
 0.93726536135324057
 0.94457581101048138
 0.5190242297318719
 -0.14437579056859726
 -0.63040525104876677
 -0.9388476181633828
 -0.94306674230411036
 -0.51511538248430411
 -0.0039492221486906965
 0.63394365677250586
 0.94041029539182541
 0.94153800602658821
 0.63651683455885644
 0.15218691789985109
 -0.37501452045592854
 -0.79657321781796253
 -0.99373479575595003
 -0.8372327419467338
 -0.29705977382799137
 0.23340805554780536
 0.69812411955698905
 0.99423482618450487
 0.834726723741544
 0.29269611680139745
 -0.38346563566337838
 -0.8839001337219804
 -0.9792778829548171
 -0.62589100331904679
 -0.13863247807766196
 0.38767924157623307
 0.8860266541137356
 0.97834281697030223
 0.73461889791047752
 0.28395058142647778
 -0.39188476247376564
 -0.88813469650019505
 -0.97738734773531
 -0.73151281938767621
 -0.27956888546549696
 0.39608211065021354
 0.89022421691831999
 0.97641149517605841
 0.6151476976129181
 -0.028014152610905268
 -0.53559388212582526
 -0.89229517179135864
 -0.97541527964386687
 -0.61154083816441651
 -0.12051985628836237
 0.40445193887085795
 0.81548838195195372
 0.99730982697147408
 0.8193268979110363
 0.26638918140600432
 -0.40862424436305445
 -0.89638121253194536
 -0.97336184318883701
 -0.71893660149723992
 -0.11144808692793674
 0.4127880280337809
 0.89839621318548846
 0.99659874386674296
 0.71575489892035005
 0.25757478171841441
 -0.4169432030477333
 -0.90039247786769683
 -0.9962120225343184
 -0.81139558397687261
 -0.25315947834227942
 0.27755511442268971
 0.73008157988849232
 0.99809321681110275
 0.80871789563453389
 0.24873889534825208
 -0.28193949870042923
 -0.73319467094717705
 -0.9779066548749713
 -0.88699683797548301
 -0.5257592578226381
 -0.016413681660202538
 0.62425433944085562
 0.97885109125774172
 0.88487879609434716
 0.38540126954067483
 -0.14107815892716888
 -0.73937491633562791
 -0.97977511379001769
 -0.88274230014638688
 -0.38118332737363553
 0.29505700746927255
 0.74244194177693867
 0.98067870320139328
 0.94265526511560149
 0.51405646439116126
 0.0027142508996653475
 -0.509392575397842
 -0.94082952243764828
 -0.94112121559772
 -0.51013398334824778
 0.0018524662134223459
 0.6384198765100676
 0.98242450771086454
 0.87622253538456674
 0.36848215629705672
 -0.15913780551172138
 -0.64192815925744795
 -0.98326668640036863
 -0.8740126725681886
 -0.50225718689379151
 0.1636446553781746
 0.6454230546514419
 0.94538379920820492
 0.93640143507562779
 0.49830303575211032
 -0.16814809245020726
 -0.75754354767471233
 -0.98488950883147741
 -0.93478907361285146
 -0.62135568833296584
 0.020117995974901666
 0.65237239211708042
 0.98567011872926791
 0.86727390563586582
 0.49036363995544646
 -0.17714435260911662
 -0.65582668926092402
 -0.98643017256636134
 -0.93150589989614585
 -0.61417355727376055
 -0.12382663922268553
 0.40140262300969998
 0.8928520251403671
 0.99754851296243552
 0.82123252410635128
 0.26959904955817621
 -0.40558109087941591
 -0.89489933155118495
 -0.97412032261841397
 -0.60694019234694374
 0.038376812967765628
 0.66610723072811973
 0.98858684135041419
 0.85803589273615888
 0.33428076207929353
 -0.34266212533544399
 -0.77514346754330132
 -0.99997730700065079
 -0.76656078375285053
 -0.32997327716214314
 0.34694878362405945
 0.77802056203898473
 0.99993611445809583
 0.76362018109799767
 0.32565891068230435
 -0.20404147402606793
 -0.6762627494820509
 -0.99055796071614033
 -0.85091932605111698
 -0.46225799891092795
 0.056622824775336068
 0.67961980944169464
 0.99117370235192137
 0.9194047170102464
 0.45820367316874133
 -0.21297413509775945
 -0.68296269599202541
 -0.96055857002884482
 -0.96756214780067518
 -0.58493874944307467
 0.065739125967193737
 0.56709913008595247
 0.96181845306282432
 0.96639835752710879
 0.69874087967110676
 0.2342459522062188
 -0.29623677868468345
 -0.74326870013664503
 -0.99910709321684088
 -0.79709390842358185
 -0.22980386175754194
 0.44279627771178393
 0.83925302247024336
 0.99331389873283826
 0.69217799084072595
 0.073844069414992483
 -0.44688627034575557
 -0.91433907667847591
 -0.96278616099122405
 -0.57002612550934817
 0.083954516617641473
 0.5820491938319251
 0.91617882735973499
 0.99221807429387854
 0.78874644547711348
 0.21644920623506456
 -0.31363335408881382
 -0.84662337135716437
 -0.99971213028545058
 -0.87117891489750021
 -0.35882367711440522
 0.1693653581618049
 0.75834914455383284
 0.99981127408820147
 0.86892773498615949
 0.35455734797567179
 -0.17386432407647334
 -0.7613180374972367
 -0.98587768853652424
 -0.86665843366590922
 -0.35028362457568873
 0.17835966406644585
 0.65675848811613002
 0.95014643106409047
 0.97587520923888271
 0.61319848021496159
 0.12260107148084838
 -0.53767806436940646
 -0.89340751673744401
 -0.99746133057868402
 -0.82052722728675664
 -0.26840959403777453
 0.2623448515520968
 0.81691543813106104
 0.99699366665647393
 0.89621572041045716
 0.54297105604711338
 -0.11635584548700217
 -0.72236142860321118
 -0.97448255748183354
 -0.95208896010981581
 -0.66148898157258573
 -0.18454552741333063
 0.48379140646894586
 0.93042572176579064
 0.98691159380281812
 0.65805726073601745
 0.18005533533182599
 -0.48778306643467773
 -0.86579725240239158
 -0.99991369601748914
 -0.76243443461132976
 -0.32392388406459971
 0.35294522144878099
 0.86807338083099939
 0.98539757122753024
 0.65115271974429956
 0.018510126722055167
 -0.62261493107687904
 -0.97841999611775887
 -0.94634402792105321
 -0.64768004358274611
 -0.013944010476629697
 0.49969667838260029
 0.93696457997385907
 0.94485837916400084
 0.51976065752092315
 0.0093776034301621802
 -0.62973604094625069
 -0.98026636732946337
 -0.94335302547137367
 -0.51585384667759693
 -0.0048110008146279
 0.63327693330856272
 0.94011690256467528
 0.94182799823717644
 0.63718126234391137
 0.15303860991380491
 -0.51151650147545191
 -0.94166367111461102
 -0.98125317822176994
 -0.7444206544429014
 -0.29788254835190803
 0.37844648325968566
 0.79880753438500507
 0.99898293381570769
 0.74136365275471117
 0.29352005345184312
 -0.38266958558590092
 -0.8015464740955528
 -0.9946252616293646
 -0.83268082385064457
 -0.43202630015226667
 0.24144316256866286
 0.80426869762729047
 0.99508772818509117
 0.90558749268644834
 0.4279032614774641
 -0.24587224440542177
 -0.80697414820845992
 -0.99827146392599508
 -0.82758848976759469
 -0.2803962053016209
 0.25029619859891
 0.80966276941715232
 0.99595039469239666
 0.90167573810932744
 0.41963049864871899
 -0.25471493288791014
 -0.7136856599001008
 -0.97160894686084376
 -0.89969163377941319
 -0.54958679732789917
 -0.044661673882949809
 0.47284478012124487
 0.92578530777453982
 0.95447475482355715
 0.54576587340178506
 0.040099059340839509
 -0.47686378276431401
 -0.85949263419991739
 -0.99999977357372771
 -0.77044078439315988
 -0.33569151589196344
 0.34125512672565389
 0.86181793492797221
 0.99998627298824927
 0.76752142299443016
 0.18333162083533702
 -0.34554413784565774
 -0.86412526252136512
 -0.9999519177799836
 -0.85408904984946465
 -0.32707418657571408
 0.34982594267411621
 0.77994524803485288
 0.99035158407570223
 0.85170487785764759
 0.32275524529953897
 -0.35410045191432565
 -0.78279517765024942
 -0.99982064679589477
 -0.75866754446120943
 -0.16984687508465524
 0.35836757642181133
 0.87093892718268395
 0.9997237337577165
 0.84688329728278955
