# Created by Octave 8.4.0, Thu Dec 11 09:16:06 2025 IST <gamana@Samsung>
# name: iq
# type: matrix
# rows: 2048
# columns: 1
 0.99706007033948296
 0.81741217677477895
 0.40749676511192734
 -0.26757933088703667
 -0.82003431881388944
 -0.99739959216031482
 -0.81477298767905471
 -0.40332217000396425
 0.12174574039319934
 0.72610466550790553
 0.9977183133033527
 0.89173695753970295
 0.39913916364882279
 -0.27636844752632383
 -0.72923708866562187
 -0.97667740455693652
 -0.94898469904253735
 -0.53068550131166847
 0.13080603864129745
 0.61971144815431445
 0.93404224138678449
 0.985250469487432
 0.75891061748844191
 0.31878331613078459
 -0.35801914740060525
 -0.78539783471713998
 -0.99152754231630602
 -0.91834089914126482
 -0.4558054392076315
 0.21560776862847272
 0.6849297096298741
 0.9613048499970458
 0.91652386521001739
 0.58274974275466684
 -0.068429320412764685
 -0.68824991106358091
 -0.96255289322519511
 -0.9146877172569069
 -0.57903252519821957
 0.072984607991762596
 0.69155575910797984
 0.96378086250028872
 0.96450593995209644
 0.69352673492061989
 0.22717892085399657
 -0.44521220012329865
 -0.84071604235180275
 -0.99299901827171977
 -0.79268712746483883
 -0.22272925180653891
 0.44929670050794807
 0.91542760447624616
 0.96205395684648265
 0.68691788519972474
 0.21827493776079607
 -0.45337183085077554
 -0.84562645019083471
 -0.99966550404728993
 -0.78708613347960132
 -0.21381607161106853
 0.31619243755180926
 0.8480552264261183
 0.99977318748613397
 0.78426098528443078
 0.35630566381819206
 -0.32052155160483159
 -0.85046631654676685
 -0.99986002074606939
 -0.86759008943263682
 -0.49091736807458636
 0.17651889277400565
 0.76306347130970409
 0.99992600201619608
 0.77856168107880996
 0.34775691095553296
 -0.181012047936218
 -0.65878935756162205
 -0.95098368393158716
 -0.97528298882685538
 -0.72484208350577484
 -0.27021093937455071
 0.40500014806224366
 0.81583521236402634
 0.99684699428045553
 0.89704391948377393
 0.54454082034982465
 0.038638901418714747
 -0.6067317227218294
 -0.92804736212390482
 -0.98792921227539277
 -0.76950837226522373
 -0.3343146628608224
 0.19505651278163802
 0.77512074157576627
 0.99997754868073285
 0.85570014665531058
 0.47036938794514077
 -0.047465870488560373
 -0.67286497702485237
 -0.95664835839469498
 -0.92297246351408135
 -0.46633450418342737
 0.052026933857566293
 0.67623625119079023
 0.95796841527318854
 0.96983793763211512
 0.7085011374022121
 0.096629910582989392
 -0.42631228071664012
 -0.82916099457052039
 -0.99843251230666519
 -0.8864425280371977
 -0.5247389639270722
 -0.015214823728105084
 0.49859537899563999
 0.93651972302472508
 0.94527382513719149
 0.52084602382819967
 0.01064848804992816
 -0.62874824818893227
 -0.93811111254830526
 -0.94377395232162098
 -0.5169422215328644
 -0.0060819302984870876
 0.50649165936094453
 0.87638499461233221
 0.99939798804634417
 0.84087750199670319
 0.30345009550774876
 -0.37303658298251563
 -0.7952820789143652
 -0.99922913038351158
 -0.83839711630982561
 -0.29909555801454984
 0.37726975861216061
 0.8807471481715512
 0.99903943388803229
 0.83589924592732856
 0.43728367576806071
 -0.23577411851732263
 -0.69986472738088246
 -0.99449286399960557
 -0.90804815142170425
 -0.43317216973771422
 0.24020962053452147
 0.80351276705697883
 0.99496110440453156
 0.9061258460031163
 0.56203215669969375
 0.059612284484224745
 -0.5899068363366895
 -0.9690948008193081
 -0.95883338360508497
 -0.55824910366230951
 -0.055053078647571203
 0.59358816891173982
 0.97021124986167029
 0.90222458413319573
 0.55445440839064575
 0.050492724683968829
 -0.59725712225949523
 -0.97130746523665168
 -0.95619981002434973
 -0.55064815002270362
 -0.04593131769919901
 0.60091361986429004
 0.92530407853968999
 0.95485309720900591
 0.54683040793766702
 -0.11178320076887521
 -0.71917095471045989
 -0.97343910396101097
 -0.89623167689417627
 -0.40831643863066625
 0.11632011949804706
 0.72233655415129017
 0.97447448285525728
 0.89419660354919273
 0.53916079132880979
 -0.12085461238169046
 -0.72548708932898065
 -0.99765729988735974
 -0.81264031596820996
 -0.39996214760978954
 0.27550554513713005
 0.82471985682978322
 0.99599741848162138
 0.80997052335894038
 0.25080403281712832
 -0.4232961049202259
 -0.90341624705829937
 -0.96953617140151371
 -0.70762906128587488
 -0.24638067353068496
 0.42742908702497839
 0.82985072709325425
 0.99513952175078968
 0.70439492085823896
 0.24195217599768648
 -0.28864923917442065
 -0.83239022919382866
 -0.99874042183395029
 -0.80186001883484936
 -0.38315417169083399
 0.1434873811730655
 0.74101151269808929
 0.9802592560561354
 0.88159605993130463
 0.37893198159176017
 -0.29738175538438333
 -0.74407029360156574
 -0.98115194723055799
 -0.94184008705436228
 -0.51196717669537917
 -0.00028026810314381957
 0.51148559287361273
 0.87916439304993654
 0.99917988634155619
 0.83772334006891236
 0.44027755868150731
 -0.081195761801170066
 -0.57979598706790159
 -0.96594457262267019
 -0.96229853049964109
 -0.56854749921864145
 0.085746542296763081
 0.70074630799898874
 0.99462153661748143
 0.9075301689701889
 0.56478476833245372
 -0.090295534556014037
 -0.70399693697221599
 -0.96826752051269671
 -0.90560274921938144
 -0.42793577198471555
 0.24583737821367846
 0.70723288415332175
 0.99552604418141488
 0.82760868059582926
 0.42380387937971431
 -0.099387774929510453
 -0.5945815881096792
 -0.97050969629949302
 -0.95716975147556826
 -0.67419215097034724
 -0.20129255304917421
 0.32831177465123523
 0.76542966813970337
 0.98692367569994355
 0.86346527092844227
 0.34431461312667594
 -0.33262192165991472
 -0.76836045105227757
 -0.98764948397803776
 -0.86115278299169851
 -0.47972390636529832
 0.18910545721954594
 0.6649628784053786
 0.9883546949159574
 0.85882233579194722
 0.33572539863128775
 -0.34122131553440338
 -0.86179968962706266
 -0.99998646081245512
 -0.85647397793049618
 -0.33142024428079914
 0.19806609134066691
 0.67175660134530502
 0.98970326637270012
 0.85410775838210584
 0.46765847087616669
 -0.050531642697646817
 -0.67513248402895309
 -0.99034659876718778
 -0.85172372649409922
 -0.46361704105805235
 0.20701020294663866
 0.7827727936038511
 0.99982132737852258
 0.84932193198522976
 0.45956594254873184
 -0.05965118289711676
 -0.68184193980649765
 -0.96013108362025967
 -0.91820737812000286
 -0.58618163086786612
 0.06420913450765045
 0.56583561865804632
 0.90806447299328763
 0.99448877925552626
 0.80076254521241408
 0.2357362491636617
 -0.2947720194620107
 -0.74224210581578476
 -0.98062031368972058
 -0.94275477055799772
 -0.63931231609601769
 -0.15577362071694617
 0.50913589562750616
 0.8778591502797668
 0.98178291586250066
 0.74626616364846388
 0.15126103753606987
 -0.51306108690093866
 -0.94226744669384188
 -0.98090497658196985
 -0.74321856505431882
 -0.29616520348346187
 0.38011061459907602
 0.88219665278495163
 0.99890022348249063
 0.83421053650119825
 0.43452118194782086
 -0.23875592890746625
 -0.70205386706677697
 -0.96758107690326767
 -0.9605377287425112
 -0.68290795537107607
 -0.21290091574306116
 0.45827028031251482
 0.84855123219946904
 0.99979269853747577
 0.78367946803068511
 0.35543026044102649
 -0.17294474200973087
 -0.76071229679451158
 -0.99987525477503025
 -0.78083461658108666
 -0.35115804165319037
 0.17744083099573082
 0.76366856384909765
 0.99993695870507238
 0.77797348089658391
 0.34687849949630217
 -0.18193321946930832
 -0.76660890466524856
 -0.9999778090407716
 -0.77509612064586564
 -0.34259172321987774
 0.33435138821937543
 0.85807437771197825
 0.9885755490076189
 0.77220259583605411
 0.19053723674310338
 -0.47844386165224989
 -0.86041054963190122
 -0.99999694595634003
 -0.85788113451621073
 -0.33399682605863357
 0.1953872453297896
 0.77533375814590866
 0.98930849540251009
 0.92459199420879312
 0.47007177393068039
 -0.19986389567129473
 -0.67311440314957505
 -0.98996417831535322
 -0.8531522147574826
 -0.32537406714891443
 0.20433637786943065
 0.78106958064656473
 0.99986924220881324
 0.76046806291977498
 0.32105246423163464
 -0.20880459865101567
 -0.67984076546067163
 -0.95936370282194827
