# Created by Octave 8.4.0, Thu Dec 11 09:16:06 2025 IST <gamana@Samsung>
# name: iq
# type: matrix
# rows: 2048
# columns: 1
 0.99706007033948296
 0.8958330830115131
 0.54224716769547932
 -0.11721173552297842
 -0.72295709950342013
 -0.97467563508643473
 -0.89379434027545168
 -0.40332217000396425
 0.27197672523161615
 0.82263935911185238
 0.9977183133033527
 0.81211680656676566
 0.39913916364882279
 -0.27636844752632383
 -0.82522724334078956
 -0.99591677378527643
 -0.80944368883232731
 -0.39494783328271993
 0.28075440618218883
 0.73235430365016874
 0.9982933274023793
 0.80675369022336518
 0.39074826631547099
 -0.28513450973044718
 -0.83035132807013867
 -0.99505071406714374
 -0.7037574015908532
 -0.08995968598691377
 0.56506302386814056
 0.90767174576048582
 0.99458655204620394
 0.70050569115229744
 0.085410558434171072
 -0.436476125398505
 -0.83540614555488213
 -0.99410164801316581
 -0.69723937173125705
 -0.08085964965199921
 0.44058031145546378
 0.83790744708233544
 0.99919348408392272
 0.87900365099550504
 0.373869386604954
 -0.15340739435657474
 -0.7477099918286475
 -0.99936643867810504
 -0.87681701130020206
 -0.36962995372724544
 0.30694400810481892
 0.75073460377554946
 0.98304095823534621
 0.87461208566586512
 0.50332471182795113
 -0.16242620102223765
 -0.64447925512746196
 -0.98386817811504812
 -0.93683411263050442
 -0.49937338518631758
 0.014317164436864309
 0.64796433750803051
 0.98467487951336408
 0.9352270289765664
 0.49541164415814748
 -0.018883252709112678
 -0.65143590665126416
 -0.98546104560661119
 -0.93360044124798824
 -0.49143957136519584
 0.17592877097638684
 0.76267586066973059
 0.99991852928111491
 0.77893777070989356
 0.34831893420021354
 -0.1804224147503094
 -0.76562156587699015
 -0.99996639480875027
 -0.86331479112535514
 -0.34403458148482718
 0.33290317762689803
 0.85728447288167564
 0.98880593232892833
 0.6671964317408684
 0.19204509648218823
 -0.33720593166871321
 -0.77146501428768111
 -0.98840003545151311
 -0.9268997341204479
 -0.47544962248554806
 0.19388039544994554
 0.66858852978133054
 0.95495322397815896
 0.9723046650902295
 0.60064404025869844
 -0.046268180162347322
 -0.55092960969335636
 -0.95629846520908701
 -0.92343325734306048
 -0.4673948212957868
 0.20283232172097065
 0.67535247435899426
 0.99038789654722414
 0.85156740657198415
 0.32250698795280197
 -0.2073019864333841
 -0.67871335521846821
 -0.99100922600826868
 -0.84916445372231864
 -0.45930103040332332
 0.059948902360856322
 0.6820600815726392
 0.96021441765734661
 0.96787340625601292
 0.70287948678186651
 0.23988225937810825
 -0.43347608615063532
 -0.8335702757343435
 -0.99884516116837307
 -0.88274230014638688
 -0.38118332737363553
 0.14559771938948285
 0.63136344189249582
 0.98067870320139328
 0.94265526511560149
 0.63908294668798704
 0.0027142508996653475
 -0.63489827957422962
 -0.94082952243764828
 -0.98172620227317298
 -0.74606759889611551
 -0.30023946390148659
 0.37615908234565687
 0.79731920643367349
 0.99909125651850716
 0.83655675988810607
 0.43836165735905963
 -0.2346087439461009
 -0.69900780262412576
 -0.96649421867844976
 -0.96171624803204947
 -0.68601985967528778
 -0.065366737446402923
 0.4544722474186727
 0.91774726849180999
 0.96045472696749501
 0.68269004969697578
 0.21260949086681319
 -0.45853535123706013
 -0.91955143387160576
 -0.95917317570695038
 -0.55924348713722538
 -0.056250228351296921
 0.59262281808500161
 0.92133642208986943
 0.95787162097705481
 0.67598778716342178
 0.051690166626058617
 -0.46663278619843457
 -0.92310219592082832
 -0.98986864202460945
 -0.67261547438327629
 -0.047129026907081685
 0.59995480435262905
 0.92484871853944095
 0.95520861010101676
 0.66922913426856767
 0.1947257580520656
 -0.33463246164541943
 -0.769723690212191
 -0.98798139365844539
 -0.86006665733274223
 -0.47785151315373381
 0.19119927952835253
 0.66655425462834572
 0.98867698022951811
 0.92620967709367286
 0.47383495062976799
 -0.043538697587652483
 -0.5486473611136512
 -0.89920037971003641
 -0.99644589250719506
 -0.8129895401913837
 -0.25580176557114981
 0.27492919280489736
 0.72821175405807848
 0.97635482996805922
 0.89034366212641014
 0.53195393787215595
 0.023711157232476316
 -0.49121112914774684
 -0.93350642899691172
 -0.98550557398912264
 -0.7598847751608806
 -0.32020210376883135
 0.20968248266632986
 0.68049887040798596
 0.99133194181980266
 0.84787648216215594
 0.4571376091762453
 -0.062378330857600917
 -0.56432210370605085
 -0.90729460854494737
 -0.99467943848793638
 -0.70114609033859421
 -0.086305000545913779
 0.56808628456274546
 0.9092054270907165
 0.96608945909027666
 0.69788263748098545
 0.081754434436132339
 -0.57183861803164726
 -0.91109728423998393
 -0.96490022720293422
 -0.57652725677815253
 -0.0772021633450269
 0.44387101636617432
 0.83990436892725195
 0.9931747655467954
 0.79359901194327176
 0.37046398183577256
 -0.30608946424582323
 -0.84237411919693606
 -0.99263176838203893
 -0.790812165192052
 -0.3662183487781972
 0.31043378884142714
 0.8448263018309673
 0.99206806997202313
 0.78800882612502365
 0.21527846681165561
 -0.4561055667485257
 -0.84726086568929992
 -0.99148368207262383
 -0.68134843078258478
 -0.21081659327632549
 0.4601648393334698
 0.84967775999932593
 0.99087861687119372
 0.78235290523988077
 0.35343597986706526
 -0.17504494541054377
 -0.65421517251090366
 -0.98607777404705177
 -0.93227951256782382
 -0.61585525207328862
 0.027116736590217863
 0.65766218888049544
 0.95051960352096865
 0.93061783695940536
 0.61225090867551668
 -0.031681480166081341
 -0.66109548976492238
 -0.95192840572335036
 -0.92893675340063486
 -0.48024983659958298
 0.18851673627980456
 0.66451500356302839
 0.98826329219449338
 0.85912929147213657
 0.47623922634562982
 -0.040808889991026519
 -0.66792065896118524
 -0.95468642402066628
 -0.92551650307139577
 -0.60136156986289846
 -0.10780123738777925
 0.41612703440426646
 0.82283104388607065
 0.99774102377887197
 0.89158429610588674
 0.5342655367518574
 -0.12661172060870704
 -0.72946779440294807
 -0.97674975441813594
 -0.94887831184973592
 -0.53039965315243032
 0.13114035477173422
 0.73258388378708994
 0.97771859182372267
 0.88741104275028515
 0.39043783300440948
 -0.13566625401455998
 -0.73568469520097368
 -0.9786670389969816
 -0.88529663390267133
 -0.52263478249728768
 -0.012745109367646898
 0.50073490017408062
 0.87315635203302644
 0.98358570375047472
 0.64327632135886925
 0.16087467946475087
 -0.50468262234372585
 -0.93896368106054662
 -0.94295452778891731
 -0.63977318806970362
 -0.15636577838437321
 0.50861981940315182
 0.87757187876108522
 0.98189664881965666
 0.63625671236885806
 -0.00095470993008341055
 -0.51254640924252104
 -0.87975221252868729
 -0.98102139639313612
 -0.63272696759215707
 -0.14733828734210935
 0.51646230997311038
 0.88191419914391256
 0.99892815261664103
 0.74055846159663596
 0.29237364760094314
 -0.23817371995497297
 -0.80226282355669942
 -0.99474869226751583
 -0.90701080238006038
 -0.56376518666406916
 0.091525398699506169
 0.70487348511119874
 0.99520571111073786
 0.90507827123668394
 0.42681926135309134
 -0.24703426848143711
 -0.80768168619747682
 -0.99564197502935825
 -0.82691484959557615
 -0.27924509506351897
 0.39639172952169083
 0.89037777807928542
 0.97633862757189327
 0.61488179360742934
 -0.028351239645533603
 -0.65859201221444852
 -0.95090254255329998
 -0.97534090919269134
 -0.72502274927095844
 -0.27046345643873931
 0.40476032444000531
 0.81568351013060969
 0.99728505146395308
 0.72186998516592915
 0.11565022938906054
 -0.54356748863500048
 -0.95368955510989162
 -0.97328447172790966
 -0.71870216652800389
 -0.11111296041333159
 0.41309515457527518
 0.89854426479811322
 0.99657089777049301
 0.81386045126370754
 0.40188301863227083
 -0.12330609336432669
 -0.72718478695228606
 -0.97603006659610958
 -0.89102435057797791
 -0.39769713668888385
 0.12783666325953147
 0.61735848295232298
 0.97701376738129042
 0.88894197826965471
 0.52935229899733338
 0.020642452992762857
 -0.62094459040458649
 -0.9779770926331931
 -0.88684106715721245
 -0.52547237649733447
