# Created by Octave 8.4.0, Thu Dec 11 09:16:06 2025 IST <gamana@Samsung>
# name: iq
# type: matrix
# rows: 2048
# columns: 1
 0.99706007033948296
 0.71979445629436789
 0.11267528621267162
 -0.54607854638925091
 -0.95458600820206962
 -0.97259255895290297
 -0.71661680183738552
 -0.10813648706951674
 0.54989853666459632
 0.95593663795513129
 0.97152058492562143
 0.71342420240216764
 0.10359543274975808
 -0.41996921323270014
 -0.82522724334078956
 -0.99801622712169602
 -0.88966097771079677
 -0.53068550131166847
 0.13080603864129745
 0.61971144815431445
 0.97764774684509548
 0.94753482023462876
 0.52680937032475517
 -0.13533214306748165
 -0.62328907253604104
 -0.97859770037839833
 -0.94606518067421075
 -0.5229222527763302
 0.13985542515412888
 0.62685369828083859
 0.93726536135324057
 0.98364649651042202
 0.75293139567673473
 0.1612074989385934
 -0.36653212183670031
 -0.8752101648306293
 -0.99947947189198894
 -0.84219234522037123
 -0.30576841154300655
 0.22451727661408843
 0.69155575910797984
 0.9932140410785969
 0.91283249357463192
 0.4435688105502032
 -0.22896505360363265
 -0.69484718481991314
 -0.9649887322131383
 -0.91095823285371369
 -0.43947131954170243
 0.082090521919315831
 0.58052721149389108
 0.91542760447624616
 0.99244923265600671
 0.68691788519972474
 0.21827493776079607
 -0.45337183085077554
 -0.91725607877992499
 -0.99187874960179634
 -0.78708613347960132
 -0.21381607161106853
 0.31619243755180926
 0.8480552264261183
 0.99128758100646241
 0.78426098528443078
 0.35630566381819206
 -0.32052155160483159
 -0.76010394507765244
 -0.98556272514868337
 -0.93338546174226766
 -0.49091736807458636
 0.17651889277400565
 0.76306347130970409
 0.98632564038788906
 0.93173685042504906
 0.61467493103747084
 -0.028613416223251562
 -0.536100052379056
 -0.89256565897215878
 -0.97528298882685538
 -0.61106639304019938
 0.033177953663624922
 0.6622181460394142
 0.95238598048070489
 0.92838136871562715
 0.47893600348116838
 -0.18998693966562338
 -0.77184632306809275
 -0.98849090621939795
 -0.92667456830169237
 -0.60381116136497703
 -0.1108522977199087
 0.54761443469753268
 0.95513095897934219
 0.92494844217390204
 0.60016461899422868
 0.10631258127998891
 -0.4174880367582457
 -0.90065314739641111
 -0.97108426039629825
 -0.71213752157466126
 -0.25257945801771692
 0.2781310138013558
 0.73049112569938079
 0.977069646269493
 0.8888218168869445
 0.52912975935153383
 0.020380225184827103
 -0.49411048094498033
 -0.93469587767668683
 -0.94694682925076201
 -0.64910403070761957
 -0.015814255536007973
 0.62472257242825535
 0.93630935971701046
 0.94546926027148714
 0.52135769715095059
 -0.14167164154906572
 -0.73977842583670239
 -0.99887378497716794
 -0.88246046011956136
 -0.38062901780274139
 0.29562976825788428
 0.74284342228831535
 0.98079580514366582
 0.8803031412508725
 0.51354214370764828
 -0.15070692720004675
 -0.74589292680788943
 -0.9816762563472855
 -0.9409183725946465
 -0.5096182613695085
 0.002451968787792662
 0.63888119294273482
 0.98253623478184693
 0.93936212190982626
 0.5056837509888833
 -0.0070186351243288854
 -0.5177438501891326
 -0.88261903416678134
 -0.99885772825792152
 -0.7395514844487685
 -0.14133781382581198
 0.52164543106267169
 0.88475658864781193
 0.97890471388091427
 0.73646992327589755
 0.13681547761836058
 -0.38936960356123135
 -0.88687569161064339
 -0.97796144940880547
 -0.62088584817830406
 0.020717374963544161
 0.65282663806760977
 0.94851151593640592
 0.97699778963959916
 0.61729952884911965
 -0.025282884424066471
 -0.53328457614273284
 -0.94994809580360839
 -0.97601375467033502
 -0.61370033579439642
 0.029847866612347472
 0.53714215561870826
 0.89312185138248557
 0.97500936502297297
 0.72399073590500151
 0.26902169520804903
 -0.40612900000404117
 -0.81654875871836308
 -0.99694422685007722
 -0.81827376236426919
 -0.40886361669740878
 0.26613636670920432
 0.72192184238340473
 0.99729056693318985
 0.89446482546867812
 0.40469179829006041
 -0.12025948096078005
 -0.61133329545709125
 -0.93019264499265608
 -0.95087934728715373
 -0.65853561950740669
 -0.18068038726057722
 0.48722822131491544
 0.86547908951437158
 0.99992184282293362
 0.76284547406125769
 0.17618695705555892
 -0.49121112914774684
 -0.86775773336314854
 -0.99985432172435307
 -0.85028888000473257
 -0.46119445201813503
 0.20968248266632986
 0.78447016306265849
 0.99133194181980266
 0.84787648216215594
 0.3158724996931519
 -0.36088345518522658
 -0.87226068289134251
 -0.98391506537880058
 -0.64467978024642647
 -0.010013047761816983
 0.50309805648286454
 0.93833100971718231
 0.98308902348526839
 0.75090784312405601
 0.15817743084431238
 -0.36938623316022245
 -0.87669086913002936
 -0.99937573922465328
 -0.84053339739696464
 -0.44491021868367014
 0.076045533660961007
 0.69376963989668572
 0.96459493207099567
 0.96369087240910234
 0.57278989074160702
 -0.080598222732407257
 -0.69705133323988455
 -0.96578927795253033
 -0.90968779540689537
 -0.43671209054113685
 0.08514923093521945
 0.58302375281096053
 0.91665869474579109
 0.99206806997202313
 0.68468396839564494
 0.063536069721895586
 -0.58672791667811064
 -0.91847431573064442
 -0.95994232489362474
 -0.68134843078258478
 -0.21081659327632549
 0.4601648393334698
 0.92027078201715529
 0.99087861687119372
 0.67799868370998118
 0.20635032318008584
 -0.46421451522251034
 -0.8520769343569492
 -0.99990666682747809
 -0.77950044137544672
 -0.34916032984535117
 0.17953931786032531
 0.65766218888049544
 0.95051960352096865
 0.93061783695940536
 0.48425043128684137
 -0.18402994603395961
 -0.66109548976492238
 -0.95192840572335036
 -0.92893675340063486
 -0.60863379684069807
 0.036245563027500163
 0.66451500356302839
 0.98826329219449338
 0.85912929147213657
 0.33629004696919496
 -0.34065773071631095
 -0.86149543713703836
 -0.99998940073362763
 -0.8567832820780219
 -0.47221868416594392
 0.19747842878373487
 0.77667892647719483
 0.98961727890937345
 0.9237774076299472
 0.59770660638150441
 0.10326002029297376
 -0.55398783516922856
 -0.9573648031389832
 -0.97034689319511946
 -0.59403917778321069
 -0.09871664971980694
 0.42441466144202417
 0.9039450729211691
 0.96923292646253989
 0.59035936055186145
 -0.059052735788742081
 -0.56156844030411857
 -0.95996331965004555
 -0.91844467662543139
 -0.58666723142977939
 0.063610856130871932
 0.5653412151459779
 0.96123256142768809
 0.96694437685696777
 0.70026499464550118
 0.085074564858861945
 -0.56910219984820576
 -0.90971891406343963
 -0.99406501908017475
 -0.69699759914860648
 -0.231878994448591
 0.44088301412749958
 0.91160563668947248
 0.99355785265223451
 0.69371566783016436
 0.075970812445554814
 -0.57658848534133278
 -0.91347334786286249
 -0.96336037320867463
 -0.69041926913453366
 -0.22298493867120009
 0.4490623659983633
 0.84303899794670245
 0.99952895764717375
 0.79005568291226769
 0.21853088889063887
 -0.31160751590123287
 -0.845486420966024
 -0.99191207448445484
 -0.78724789385798333
 -0.36081356617801502
 0.3159436001005983
 0.84791621144290719
 0.99976756718698545
 0.78442368682047992
 0.35655072077143918
 -0.32027309532488762
 -0.75993348705546881
 -0.99985559799969492
 -0.78158312069830338
 -0.20514176692661742
 0.46530800927823351
 0.92252538257895755
 0.99008012278011326
 0.77872625473123713
 0.34800281151606666
 -0.18075409140989987
 -0.76583845364504477
 -0.98702590740807916
 -0.8631445581430458
 -0.34371792593314032
 0.18524369092832746
 0.7687670104067964
 0.98774885039587357
 0.92847880871813848
 0.47916623207818182
 -0.18972942720639832
 -0.77167953460243732
 -0.99999919043919605
 -0.77005845524957273
 -0.187230145560146
 0.4813983933060807
 0.86212185909528127
 0.98734851654820388
 0.66011209043206842
 0.18274224487078436
 -0.34610665174172517
 -0.77745624266941105
 -0.999945859213213
 -0.76419952433889138
 -0.32650759738066742
 0.35038750391824242
 0.78032030606800395
 0.99988791254349441
 0.8513905716987602
 0.32218776733811588
 -0.35466104879522864
 -0.86898262245016622
 -0.9998091133022865
 -0.84898630942477415
 -0.31786121809897533
 0.21209688868416976
 0.68230665119091249
