# Created by Octave 8.4.0, Thu Dec 11 09:16:06 2025 IST <gamana@Samsung>
# name: iq
# type: matrix
# rows: 2048
# columns: 1
 0.99706007033948296
 0.81741217677477895
 0.40749676511192734
 -0.11721173552297842
 -0.60890133064396568
 -0.92906155275357227
 -0.98750228500057424
 -0.6608424346775631
 -0.031344426666491253
 0.61251750219373202
 0.9756866937503218
 0.95041478686084535
 0.65740811854692949
 0.17920756624578818
 -0.48853519495787168
 -0.86622816469789188
 -0.98602164326815445
 -0.7618765189682617
 -0.17471292102219657
 0.49251475324559779
 0.86850088041626661
 0.985250469487432
 0.65049842763434806
 0.17021463217652491
 -0.35801914740060525
 -0.87075548362775734
 -0.99973243577145421
 -0.84708169348121221
 -0.31445154230134043
 0.36227941227075194
 0.87299192731282182
 0.98364649651042202
 0.64353447266247155
 0.1612074989385934
 -0.50439146910589572
 -0.8752101648306293
 -0.98281373076484568
 -0.64003232751865924
 -0.15669884238927639
 0.50832944618280662
 0.8774101499200383
 0.98196046852828767
 0.74688936492934765
 0.30141723570001927
 -0.22896505360363265
 -0.79657321781796253
 -0.99914313223323781
 -0.8372327419467338
 -0.29705977382799137
 0.23340805554780536
 0.69812411955698905
 0.96617647717373156
 0.96205395684648265
 0.68691788519972474
 0.21827493776079607
 -0.31185672933426212
 -0.84562645019083471
 -0.99187874960179634
 -0.68359193739244539
 -0.062041763045416379
 0.45743750616528306
 0.8480552264261183
 0.99977318748613397
 0.78426098528443078
 0.20935274634661827
 -0.46149364166221007
 -0.85046631654676685
 -0.99986002074606939
 -0.78141948139773487
 -0.3520349582153795
 0.17651889277400565
 0.76306347130970409
 0.99992600201619608
 0.8653101111236956
 0.34775691095553296
 -0.181012047936218
 -0.65878935756162205
 -0.95098368393158716
 -0.97528298882685538
 -0.72484208350577484
 -0.27021093937455071
 0.26053945541214196
 0.71789508624863763
 0.99684699428045553
 0.89704391948377393
 0.54454082034982465
 -0.11449789551660453
 -0.6067317227218294
 -0.92804736212390482
 -0.98792921227539277
 -0.66289057852064825
 -0.18638352895506891
 0.34262833256009806
 0.77512074157576627
 0.99997754868073285
 0.85570014665531058
 0.33000723250375069
 -0.19953346721139156
 -0.67286497702485237
 -0.95664835839469498
 -0.97094096211380831
 -0.59602428583060985
 -0.10117423816771128
 0.42217690279951303
 0.82659951496798378
 0.99569409310606349
 0.80801206196580788
 0.24757739301514656
 -0.28308966257598067
 -0.73400949167262985
 -0.99843251230666519
 -0.80531308902917487
 -0.38850663274036912
 0.28746660812444713
 0.73710326667596382
 0.97909567349977289
 0.94527382513719149
 0.64516544004068499
 0.16331197105391593
 -0.50254875948263777
 -0.93811111254830526
 -0.98320519828596609
 -0.75132736309652626
 -0.30779830457680063
 0.22243848069759325
 0.69001366349639881
 0.9632098802587199
 0.96506691852981008
 0.57704637227824573
 -0.075411884252293962
 -0.57505925307963968
 -0.91271066597628525
 -0.96386036240305706
 -0.5733106746776826
 0.079964799697588559
 0.57878933226762408
 0.91456713415547553
 0.99270856837009047
 0.68846625531406924
 0.22035574916810202
 -0.45146984833988429
 -0.84448612672397327
 -0.99960807224369086
 -0.78839990554638117
 -0.21589899735979576
 0.45553994987544799
 0.84692314534187008
 0.99156624030211227
 0.78558241593678013
 0.35829761475820376
 -0.16992072378997594
 -0.65027187311308032
 -0.94743944068236785
 -0.97771041097435196
 -0.61994549858948611
 -0.13110172344689711
 0.53043268757808471
 0.88952474925835712
 0.97674139966559592
 0.61635579196919688
 -0.026481490628189865
 -0.65718334515096322
 -0.95032199228060932
 -0.97575201850376869
 -0.61275323130491544
 -0.12204176958964874
 0.40304923305512275
 0.89366054079246726
 0.99742104284330724
 0.82020497693964378
 0.26786669665209145
 -0.26288860537240277
 -0.81724033068424484
 -0.99708287930625972
 -0.72000146786395691
 -0.11297163510543883
 0.54582866524271678
 0.89772178387801527
 0.97266186435588942
 0.60186917768982406
 -0.044736536978526989
 -0.67084125212111589
 -0.98952574387470549
 -0.92402056316002312
 -0.59821595481748824
 -0.10389207661767016
 0.41969851831642196
 0.82505875296457776
 0.99594365463607215
 0.80961878637905693
 0.39522182200926509
 -0.13051034219984139
 -0.6194773425927278
 -0.97758499574919422
 -0.88770380381791247
 -0.52706285719970591
 0.13503662767037736
 0.62305581332464688
 0.93555826476904047
 0.9461617655850344
 0.52317645471332352
 -0.13956009696432306
 -0.62662129028422675
 -0.93716134359552705
 -0.94467368355354686
 -0.64376273216445556
 -0.16150184399745757
 0.50413391244192873
 0.87506584803313325
 0.98286874460503271
 0.6402614613121933
 0.15699340414954244
 -0.50807257902778735
 -0.87726702659573019
 -0.98201682045868977
 -0.7470876546900429
 -0.30170160445706029
 0.37473801739182966
 0.79639287576986018
 0.99915543202345991
 0.74404425862524859
 0.29734455035419366
 -0.37896804302315962
 -0.79914642191117558
 -0.99420280188723331
 -0.83489092405042653
 -0.29298129515776905
 0.23755648501086721
 0.80188330192653412
 0.99468345213335263
 0.90727822208785613
 0.43151800247944805
 -0.090892573300825938
 -0.70442257996085966
 -0.96841717214025003
 -0.95960567572890887
 -0.56051388343360253
 -0.057780965481527856
 0.4612290277243844
 0.85030938872444128
 0.99071632941997156
 0.78160555846728474
 0.35231410365186894
 -0.32456188852277384
 -0.76287066928787994
 -0.99992232925150604
 -0.77874882065520912
 -0.20070528408614913
 0.32887798873448248
 0.76581532309867562
 0.98702013134949329
 0.86316272100472013
 0.4832010361090513
 -0.032879863166694778
 -0.53969840410969094
 -0.95229500221321473
 -0.97433094843295232
 -0.72189487713625133
 -0.26609880410602965
 0.26465811845807524
 0.72086003705551016
 0.97399347154512617
 0.89514934036079452
 0.40609339034431718
 -0.26905922618110839
 -0.72401761569265188
 -0.97501802150653927
 -0.95135285921115109
 -0.65968867763213423
 -0.029808916193512208
 0.48588871699040093
 0.93130187185227764
 0.98652204718345959
 0.76383593507670844
 0.32597489653532646
 -0.20371427048302027
 -0.78067260490638624
 -0.9905120851630701
 -0.92132127204112957
 -0.4625543442326045
 0.20818308983791076
 0.67937459701035707
 0.9911293391310092
 0.84868839504477345
 0.31732686033089341
 -0.21264756755339423
 -0.78634781992980296
 -0.99969572113528449
 -0.75492229938886102
 -0.31299287037099099
 0.21710761052322167
 0.78916085812691761
 0.9995726495319226
 0.75191951687176306
 0.30865235297321258
 -0.36796100445297619
 -0.87595227158625555
 -0.98252898325249005
 -0.63885121435033154
 -0.15518140706370073
 0.50965178886587326
 0.94093156766680375
 0.98166883004765981
 0.63533124769850835
 -0.0021537163537375561
 -0.6386517167085527
 -0.9424680280053056
 -0.98078820422864343
 -0.63179803127131151
 0.0067203889368247479
 0.64215911858974739
 0.94398483325878868
 0.93788979660911109
 0.5019966670780156
 -0.16394183763792963
 -0.75475223091153765
 -0.98414184066157395
 -0.93629567445360085
 -0.62469214410512397
 -0.13711092014551146
 0.5252823644182405
 0.88673785675294214
 0.99839657424167505
 0.82880391358795702
 0.42573464762486468
 -0.24819593741602278
 -0.80838806304726429
 -0.99575307642728383
 -0.90261139310969274
 -0.42159803356900244
 0.25261716209958657
 0.81106782456602
 0.996163123205834
 0.90063621371244373
 0.4174526271245147
 -0.25703311847520699
 -0.81373067133906707
 -0.99752738667901342
 -0.82106059507469575
 -0.26930894109585224
 0.40585643344740935
 0.81637654783292857
 0.99692088397066791
 0.8966295484428608
 0.40913578305941894
 -0.11542840972281761
 -0.60747606534046084
 -0.97427254522889073
 -0.89459814612914179
 -0.40496451888586343
 0.119963386965266
 0.72486892843070949
 0.99759548239157658
 0.81316317040762698
 0.25609008430907576
 -0.27464242069930522
 -0.72800731316679657
 -0.97629031191740334
 -0.94954933444649325
 -0.53220646707443442
 0.12902574144919371
 0.73113051537655083
 0.97726866500719145
 0.88839217001347304
 0.39240040222005296
 -0.13355292969609442
 -0.62188399156334639
