# Created by Octave 8.4.0, Thu Dec 11 09:16:06 2025 IST <gamana@Samsung>
# name: iq
# type: matrix
# rows: 2048
# columns: 1
 0.99706007033948296
 0.8958330830115131
 0.54224716769547932
 0.035908561572159783
 -0.60890133064396568
 -0.97467563508643473
 -0.95182505386520067
 -0.53840448048633571
 0.12174574039319934
 0.72610466550790553
 0.9977183133033527
 0.89173695753970295
 0.39913916364882279
 -0.126277206267076
 -0.72923708866562187
 -0.97667740455693652
 -0.94898469904253735
 -0.65396009222976592
 -0.022214290997900961
 0.49251475324559779
 0.86850088041626661
 0.985250469487432
 0.75891061748844191
 0.31878331613078459
 -0.2111462234393818
 -0.68159522404935846
 -0.99152754231630602
 -0.84708169348121221
 -0.4558054392076315
 0.06387260574650877
 0.5655575416944385
 0.9613048499970458
 0.91652386521001739
 0.451735955545704
 -0.068429320412764685
 -0.68824991106358091
 -0.99267257301273648
 -0.84219234522037123
 -0.44765705097149988
 0.22451727661408843
 0.79380414593267479
 0.99932172244443662
 0.83972129973922371
 0.30141723570001927
 -0.22896505360363265
 -0.79657321781796253
 -0.99914313223323781
 -0.8372327419467338
 -0.29705977382799137
 0.37924403260955986
 0.79932567724122838
 0.99894370498287544
 0.74078502926765999
 0.14315364154996899
 -0.38346563566337838
 -0.8839001337219804
 -0.9792778829548171
 -0.62589100331904679
 -0.13863247807766196
 0.38767924157623307
 0.80478052944019018
 0.99848235643527605
 0.73461889791047752
 0.28395058142647778
 -0.39188476247376564
 -0.80748280845543519
 -0.99561046985879564
 -0.82710443109173448
 -0.27956888546549696
 0.25113046123705945
 0.71108558651626785
 0.99602750333649714
 0.90130275558293516
 0.4188481031914722
 -0.25554820013760671
 -0.81283679053972591
 -0.99642376475119299
 -0.89931510730645936
 -0.41469690979581653
 0.25996060960367884
 0.71747761179131575
 0.99679924583888657
 0.8193268979110363
 0.26638918140600432
 -0.40862424436305445
 -0.89638121253194536
 -0.9969646812229912
 -0.71893660149723992
 -0.11144808692793674
 0.4127880280337809
 0.89839621318548846
 0.99659874386674296
 0.71575489892035005
 0.25757478171841441
 -0.27316494175828576
 -0.82334089515210096
 -0.99780093100154443
 -0.81139558397687261
 -0.39800651997194264
 0.27755511442268971
 0.73008157988849232
 0.97694182433784282
 0.94859455951793425
 0.52963836788862773
 0.020979600942368393
 -0.6206802229306233
 -0.9779066548749713
 -0.94713933381100757
 -0.64955995649615195
 -0.1689975465227028
 0.49755567898470887
 0.93609865989502394
 0.94566435559940187
 0.52186918309512553
 0.011847420072184065
 -0.50151179753412556
 -0.8735936030877316
 -0.98342331467676902
 -0.64258870869742002
 -0.15998855098596032
 0.50545745710063528
 0.93927214572946993
 0.98258500433542573
 0.63908294668798704
 0.0027142508996653475
 -0.509392575397842
 -0.94082952243764828
 -0.94112121559772
 -0.63556385666181725
 0.0018524662134223459
 0.6384198765100676
 0.9423672782316922
 0.93956753908246515
 0.50620086350751381
 -0.0064191446934956159
 -0.64192815925744795
 -0.94388538104184005
 -0.93799426797162899
 -0.62848598639690056
 -0.141931274197549
 0.52113386311773913
 0.94538379920820492
 0.93640143507562779
 0.49830303575211032
 -0.16814809245020726
 -0.75754354767471233
 -0.98488950883147741
 -0.93478907361285146
 -0.4943384925459326
 0.020117995974901666
 0.65237239211708042
 0.94832145702324677
 0.97712545794276662
 0.61777106458305009
 0.12835690768192648
 -0.5327773384036506
 -0.89078609838175804
 -0.97614409660076507
 -0.61417355727376055
 0.029248624419785225
 0.53663638247872347
 0.8928520251403671
 0.99754851296243552
 0.7244041494288006
 0.11929378837014401
 -0.40558109087941591
 -0.8162025324656873
 -0.9968972164669998
 -0.81861822739462087
 -0.26519862563593694
 0.40975110039236384
 0.89692797491782272
 0.99686777156496353
 0.7180776501989149
 0.26079267102047637
 -0.26995840372191243
 -0.8214454074650902
 -0.99649621282851231
 -0.81333847222205879
 -0.40106078858848004
 0.27435274166173773
 0.82404117545676947
 0.99610387225416208
 0.81067312387003299
 0.25196453736646229
 -0.27874135800008448
 -0.82661975814466226
 -0.99569075802413742
 -0.70847575239886129
 -0.24754254243781962
 0.28312416121273076
 0.73403391999699508
 0.97816407143006301
 0.88642587904608383
 0.38847348785946451
 -0.1377789612471641
 -0.62521865425110601
 -0.97910298922187333
 -0.9452620882248215
 -0.52081531747420562
 0.14230067753188994
 0.62877621856052379
 0.98002148790987431
 0.94376206025673304
 0.5169114299445664
 -0.14681942614894028
 -0.63232066979907131
 -0.98091954833887085
 -0.88000148718019999
 -0.37581327393081404
 0.30059541660593941
 0.83925302247024336
 0.99928961588829657
 0.79432796706929032
 0.37157741000626143
 -0.30494778563713076
 -0.84172737665922182
 -0.99277633864348791
 -0.79154546007749638
 -0.22090539598361061
 0.30929379500995663
 0.84418417670030432
 0.99221807429387854
 0.78874644547711348
 0.21644920623506456
 -0.45503821119404869
 -0.84662337135716437
 -0.99163911732655918
 -0.78593098164131869
 -0.21198850245800571
 0.3179663723725924
 0.84904490976058899
 0.99103947981562102
 0.78309912728638964
 0.20752337767997792
 -0.46315219311821709
 -0.92158328696856939
 -0.99041917426645698
 -0.7802509414703559
 -0.20305392502080796
 0.46719473783917909
 0.85383481617261225
 0.9999470071413098
 0.77738648359190921
 0.19858023769046895
 -0.47122753925634359
 -0.92509022498049898
 -0.95502035927123841
 -0.54730213598123445
 -0.041931997536306498
 0.60410860025757918
 0.92681477316152028
 0.95365618886001025
 0.54347439274991349
 -0.11576039271807594
 -0.72194673240779583
 -0.99729321236913271
 -0.89444874121815066
 -0.53963531540957743
 0.12029519006700186
 0.72509913007662286
 0.99761859019993548
 0.89239731838805603
 0.40047858058162261
 -0.27496377673335742
 -0.72823640586901095
 -0.99792316278576199
 -0.89032728469305111
 -0.53192347889090208
 -0.023675197091853475
 0.49124246036584446
 0.93351932590538866
 0.94800091379856377
 0.52805088054223615
 -0.1338841516147628
 -0.7344653304308727
 -0.99846986724916631
 -0.88613155777694452
 -0.52416726974045158
 0.13840834707902394
 0.73755684929667165
 0.9987119877252757
 0.88400595205735921
 0.38367463814563962
 -0.14292965604979324
 -0.7406329864814688
 -0.98014768052744472
 -0.94355176577966948
 -0.51636733497504728
 -0.0054104969479632833
 0.63281284826078299
 0.98104289541183365
 0.87969947774074364
 0.37522430705482612
 -0.30120144050907971
 -0.74673885951985763
 -0.99931336284182493
 -0.87751869895484325
 -0.50852432525892055
 0.003722911064958792
 0.63985842418570116
 0.94299144573081706
 0.93892552104658034
 0.63058091384225357
 -0.0082895462291381894
 -0.51883077346338424
 -0.94450148984640492
 -0.93734423376685749
 -0.62703001085956145
 -0.14007951010355249
 0.38633181842627301
 0.88534820375270329
 0.99856176733458835
 0.83047741737293346
 0.42844503095117697
 -0.24529109971148036
 -0.70683436442792169
 -0.99547263919289297
 -0.82792486375495711
 -0.42431423498079179
 0.24971573230804883
 0.7100573860329894
 0.97037369558674735
 0.90193480927485115
 0.4201745899756219
 -0.10337033502096588
 -0.713265599455842
 -0.97146693407044216
 -0.89995317116830897
 -0.55008754610987642
 0.10791149863785485
 0.60145017929395483
 0.97253991269956919
 0.89795276462020879
 0.54626812228350208
 0.040698073895358726
 -0.47633674677478843
 -0.85918604443060387
 -0.99999999730333922
 -0.8591108828376951
 -0.47620759684024633
 0.040844830238671442
 0.54639114332341265
 0.89801739495237454
 0.99666939121783504
 0.81455656209782656
 0.40298065029548513
 -0.27233582962657571
 -0.72636121532247189
 -0.99774343953291222
 -0.8118989948462213
 -0.39879696042893897
 0.27672708435317411
 0.72949239811927913
 0.97675746518097772
 0.88949050856517931
 0.39460495368804843
 -0.28111256796162037
 -0.73260836741846147
 -0.99831505184476921
 -0.80653311988031673
 -0.3904047174967068
 0.28549218899299805
 0.73570905823678179
 0.99856963121797515
 0.80382492407085182
 0.38619633945051013
