# Created by Octave 8.4.0, Thu Dec 11 09:16:06 2025 IST <gamana@Samsung>
# name: iq
# type: matrix
# rows: 2048
# columns: 1
 0.99706007033948296
 0.71979445629436789
 0.11267528621267162
 -0.41166286191191009
 -0.82003431881388944
 -0.99669975492155383
 -0.81477298767905471
 -0.25876789299367536
 0.41582037352034329
 0.82263935911185238
 0.99631865342087256
 0.71342420240216764
 0.10359543274975808
 -0.41996921323270014
 -0.9018370479926181
 -0.99591677378527643
 -0.710216724570086
 -0.24993486888935224
 0.42410929452530416
 0.82779791753061049
 0.99549412439592866
 0.80675369022336518
 0.39074826631547099
 -0.28513450973044718
 -0.73545624545231092
 -0.97859770037839833
 -0.88545340033792985
 -0.38654055032865986
 0.13985542515412888
 0.73854284938133441
 0.99878506466934591
 0.80132327513146184
 0.23664647091041779
 -0.29387678624149521
 -0.83540614555488213
 -0.99899969140049327
 -0.79858297189933158
 -0.23220701116232156
 0.29823877688491174
 0.7446697864578582
 0.99919348408392272
 0.795826014291943
 0.22776270875812374
 -0.44467530925009219
 -0.84039127412617853
 -0.99936643867810504
 -0.87681701130020206
 -0.50726554167848714
 0.0051841873744737305
 0.64098073219064022
 0.9434767811546485
 0.98019252618813468
 0.74078502926765999
 0.14315364154996899
 -0.52007944302982734
 -0.94498052573775193
 -0.9792778829548171
 -0.73770965602296679
 -0.28832635562389775
 0.38767924157623307
 0.8860266541137356
 0.97834281697030223
 0.62232285500886353
 -0.018883252709112678
 -0.52785867935254538
 -0.94792886150570133
 -0.97738734773531
 -0.61874172821212581
 -0.12958157197863263
 0.53173182534861707
 0.89022421691831999
 0.99793771528696562
 0.72839148523155783
 0.12505201810772687
 -0.40027119857025584
 -0.89229517179135864
 -0.97541527964386687
 -0.72525496053724303
 -0.12051985628836237
 0.539444769141321
 0.95220302359858278
 0.92860399486731282
 0.60792122508734092
 -0.037142715594454159
 -0.54328440608521777
 -0.89638121253194536
 -0.97336184318883701
 -0.71893660149723992
 -0.2619847133958928
 0.4127880280337809
 0.820740489024255
 0.99748783614430614
 0.81405635073808913
 0.40219178600183031
 -0.1229714388149704
 -0.72695326304485031
 -0.9759566197678079
 -0.89117738323677409
 -0.53350643239463069
 0.12750220183209923
 0.73008157988849232
 0.97694182433784282
 0.94859455951793425
 0.52963836788862773
 -0.1320303058023965
 -0.73319467094717705
 -0.99836468747738893
 -0.80602334155402411
 -0.24431312492717491
 0.42935621049938855
 0.90626844172607091
 0.99492723749659617
 0.80331197793003184
 0.38540126954067483
 -0.29069053647477588
 -0.73937491633562791
 -0.97977511379001769
 -0.94416965564365596
 -0.51796822483325666
 -0.007280911407297354
 0.63136344189249582
 0.98067870320139328
 0.88058739468803771
 0.37695743566298062
 -0.29941732507672353
 -0.74549348365907853
 -0.99924231199376601
 -0.79507759699523661
 -0.22656001653555566
 0.44578112974414197
 0.84105996677280404
 0.99940963070714672
 0.79229956413757341
 0.22210969556110782
 -0.30811913652456402
 -0.75154986251153877
 -0.99955610682356222
 -0.78950500794454959
 -0.36423294539298129
 0.1636446553781746
 0.75455457317662888
 0.98408835915254311
 0.87178458229700406
 0.49830303575211032
 -0.16814809245020726
 -0.75754354767471233
 -0.98488950883147741
 -0.86953831103763324
 -0.35571182422530373
 0.17264802280907673
 0.76051672367098844
 0.98567011872926791
 0.86727390563586582
 0.35144009166889539
 -0.17714435260911662
 -0.76347403916016077
 -0.98643017256636134
 -0.86499141331565654
 -0.48637856087585363
 0.1816369880798058
 0.7664154324676743
 0.98716965449191374
 0.86269088167818231
 0.34287472804206498
 -0.3340674597427386
 -0.85791963886098022
 -0.98862091052602741
 -0.77239396840364405
 -0.3385812756015224
 0.33836832085936525
 0.77225020750110041
 0.99999764510740319
 0.85803589273615888
 0.33428076207929353
 -0.19509179197758988
 -0.66950638967362874
 -0.9553189832873622
 -0.97201528829675887
 -0.5996561969540295
 0.047501800152673058
 0.67289158612426403
 0.95665883394443718
 0.92295861919554401
 0.59599540255201799
 0.10113845243725826
 -0.55576212891349452
 -0.95797873356852581
 -0.96982916923607498
 -0.70847575239886129
 -0.24754254243781962
 0.42634481825710085
 0.82918110175267723
 0.99843452487561368
 0.80529176356133636
 0.38847348785946451
 -0.1377789612471641
 -0.62521865425110601
 -0.9365323341203855
 -0.98402198209493885
 -0.64513795681808295
 -0.16327648362920538
 0.36458047594628912
 0.78973399687906265
 0.99954491894284536
 0.84332102103461049
 0.44953100410935642
 -0.22247354961983337
 -0.69003969817690514
 -0.99296800256705919
 -0.84085803344299925
 -0.44544703957558268
 0.075447752015456837
 0.57508868038264338
 0.96443664802979368
 0.96385077902166005
 0.5732812025212044
 0.073246188974974799
 -0.44742250073204154
 -0.91458168115546734
 -0.96262396344641865
 -0.56953345471323735
 0.084551888970616357
 0.58253657800469949
 0.96681048611430065
 0.96137707243596526
 0.68512078785332353
 0.064134350968190881
 -0.45557197083872231
 -0.91823705848225556
 -0.991561577885683
 -0.78556015859060346
 -0.21140258585673893
 0.31853470610870327
 0.84936148751235574
 0.99095922642125844
 0.67843923510325732
 0.055017162925071701
 -0.59361711625913305
 -0.92181583720699822
 -0.95751620892136058
 -0.55442447309244725
 0.10273824425630476
 0.71282005550396421
 0.97131601931168288
 0.90023004765829273
 0.55061812396139964
 -0.107279713530316
 -0.60094237098948822
 -0.92531771879083213
 -0.9548424106112261
 -0.66831096608754659
 -0.04133301334864186
 0.60458623758386465
 0.97344733857658416
 0.95347562768427552
 0.66490690711661848
 0.036769779306858492
 -0.47978965707740173
 -0.92874241110959266
 -0.98763773994962689
 -0.76831248727644663
 -0.18454552741333063
 0.34438496802205415
 0.77630116135875893
 0.99996326570703487
 0.85473074362827628
 0.4687179486717028
 -0.049334130498314532
 -0.55348863374498325
 -0.9571914453849667
 -0.92225097586733729
 -0.46467907137845199
 0.053894760962600277
 0.55728627378607698
 0.95850332277440242
 0.96938031739622599
 0.59084313838376756
 0.094768043247161982
 -0.5610722916725851
 -0.90563452989963877
 -0.96824878958938965
 -0.70394371380501819
 -0.24133553407346375
 0.43212632130727791
 0.83274223452308671
 0.99461377204279167
 0.70069284447422997
 0.085671880057528363
 -0.43624013022962893
 -0.90946982178178148
 -0.99413005902736373
 -0.69742736225788915
 -0.23246211701882688
 0.44034484140373442
 0.83776426097200107
 0.99918291788155822
 0.87912868123273025
 0.51142119782764928
 -0.00035520609580435376
 -0.5120315473723116
 -0.87946703079104571
 -0.98113746362030607
 -0.63319109472817048
 -0.14793122191009037
 0.51594885599497475
 0.94338981799034627
 0.93851224311500481
 0.50355133254811568
 -0.16216739538656585
 -0.64427868567325608
 -0.98382122316867648
 -0.87251709724699622
 -0.4996006065460008
 0.16667196174112739
 0.75656530983403103
 0.9846291034754957
 0.93531985772929782
 0.49563946141864407
 -0.17117305216711148
 -0.75954367243008336
 -0.98541644943190609
 -0.86801831666252882
 -0.35284144865526218
 0.17567057279463055
 0.65469565491376036
 0.98618324461786944
 0.8657417491556576
 0.34856478001605873
 -0.18016442982835693
 -0.76545281519641795
 -0.99996421018503501
 -0.86344712668334977
 -0.34428084209006543
 0.18465452954925485
 0.6615721536763477
 0.98765511914161686
 0.9287012888662467
 0.60812945617068503
 0.11624568987102067
 -0.54306418805411272
 -0.89626491584420609
 -0.9969850670123489
 -0.81685146595519664
 -0.40660830075807419
 0.26851643083041526
 0.82059061821265755
 0.99746922224264523
 0.89335768603351851
 0.40243190678191099
 -0.27291262473125366
 -0.82319200887121757
 -0.99623479574009144
 -0.81154885978959945
 -0.39824712012492786
 0.12724205514016593
 0.72990232107662467
 0.99807699315903253
 0.80887214180542977
 0.24899292637427459
 -0.42498997723381116
 -0.82834323351112504
 -0.99540141935684101
 -0.80617855486628232
 -0.38985271803506466
 0.28606669089249703
 0.83089296006415125
 0.99860150528978953
