# Created by Octave 8.4.0, Thu Dec 11 09:16:06 2025 IST <gamana@Samsung>
# name: iq
# type: matrix
# rows: 2048
# columns: 1
 0.99706007033948296
 0.81741217677477895
 0.2631763561998442
 -0.26757933088703667
 -0.82003431881388944
 -0.99669975492155383
 -0.71661680183738552
 -0.25876789299367536
 0.27197672523161615
 0.72610466550790553
 0.9756866937503218
 0.89173695753970295
 0.5345505649007124
 0.026779638075654512
 -0.48853519495787168
 -0.93240144544834269
 -0.94898469904253735
 -0.65396009222976592
 -0.022214290997900961
 0.61971144815431445
 0.97764774684509548
 0.94753482023462876
 0.52680937032475517
 -0.13533214306748165
 -0.73545624545231092
 -0.97859770037839833
 -0.88545340033792985
 -0.5229222527763302
 -0.013082302230897626
 0.62685369828083859
 0.93726536135324057
 0.94457581101048138
 0.5190242297318719
 0.0085158509884466927
 -0.50439146910589572
 -0.8752101648306293
 -0.99947947189198894
 -0.74991820004097443
 -0.15669884238927639
 0.50832944618280662
 0.94041029539182541
 0.98196046852828767
 0.63651683455885644
 0.15218691789985109
 -0.51225682209534928
 -0.94195336044907441
 -0.98108672759545423
 -0.74384495350793745
 -0.29705977382799137
 0.23340805554780536
 0.69812411955698905
 0.96617647717373156
 0.96205395684648265
 0.68691788519972474
 0.21827493776079607
 -0.45337183085077554
 -0.91725607877992499
 -0.96079785708328713
 -0.68359193739244539
 -0.21381607161106853
 0.45743750616528306
 0.91906542379149492
 0.99128758100646241
 0.68025173333747047
 0.057483207986331115
 -0.59162761605977232
 -0.96961871794042342
 -0.90327160727240496
 -0.42299056154802456
 0.25113046123705945
 0.81016824749014416
 0.99602750333649714
 0.82452909748853165
 0.4188481031914722
 -0.25554820013760671
 -0.71428904737035315
 -0.99642376475119299
 -0.82193656840597684
 -0.27078809389396219
 0.40445193887085795
 0.89434751792973222
 0.99730982697147408
 0.8193268979110363
 0.41053706793381189
 -0.26436759761487083
 -0.81812296642813798
 -0.99715393876895353
 -0.81670014042814298
 -0.2619847133958928
 0.26876907226385538
 0.820740489024255
 0.99748783614430614
 0.89323979943204135
 0.40219178600183031
 -0.1229714388149704
 -0.61349323202917039
 -0.93119209952337212
 -0.95003000237158464
 -0.53350643239463069
 0.12750220183209923
 0.61709316219078447
 0.97694182433784282
 0.94859455951793425
 0.52963836788862773
 -0.1320303058023965
 -0.6206802229306233
 -0.9779066548749713
 -0.94713933381100757
 -0.5257592578226381
 0.13655565629267968
 0.73629247129767361
 0.97885109125774172
 0.88487879609434716
 0.52186918309512553
 -0.14107815892716888
 -0.62781543718359556
 -0.97977511379001769
 -0.88274230014638688
 -0.51796822483325666
 0.14559771938948285
 0.63136344189249582
 0.93927214572946993
 0.94265526511560149
 0.51405646439116126
 -0.15011424342459914
 -0.63489827957422962
 -0.98156184064759078
 -0.94112121559772
 -0.51013398334824778
 0.15462763684080572
 0.6384198765100676
 0.98242450771086454
 0.87622253538456674
 0.36848215629705672
 -0.15913780551172138
 -0.64192815925744795
 -0.98326668640036863
 -0.8740126725681886
 -0.50225718689379151
 0.01098568930287583
 0.6454230546514419
 0.94538379920820492
 0.97902702699783795
 0.62492735376650566
 -0.01555200480670464
 -0.64890448980632387
 -0.98488950883147741
 -0.86953831103763324
 -0.4943384925459326
 0.17264802280907673
 0.65237239211708042
 0.98567011872926791
 0.86727390563586582
 0.35144009166889539
 -0.32544492650933948
 -0.76347403916016077
 -0.98643017256636134
 -0.93150589989614585
 -0.61417355727376055
 -0.12382663922268553
 0.40140262300969998
 0.81355553479764497
 0.99652735636496814
 0.89877436420064549
 0.54783387611315026
 -0.11059162740069406
 -0.71833732746926005
 -0.97316389613177423
 -0.95384720949172808
 -0.66582883744112153
 -0.19024443905519753
 0.47870574193700199
 0.92828386484757086
 0.98783057403202179
 0.66241465481381889
 0.03344009110984917
 -0.6108587542280044
 -0.97522500136899581
 -0.95106475988945738
 -0.65898665758912811
 -0.028875590832584942
 0.48670460215319011
 0.93164157445709228
 0.9496437689242001
 0.53246148620005185
 0.02431048835748555
 -0.49068884864234602
 -0.86745963149813543
 -0.98560709856610962
 -0.76027435081049699
 -0.17228042356740925
 0.49466286186017294
 0.869722556749563
 0.99977873900851999
 0.84819418306959704
 0.31644125325140804
 -0.21355984684494758
 -0.78692431895571124
 -0.9996722530126475
 -0.84576642124300172
 -0.3121059213139159
 0.21801897161530401
 0.78973399687906265
 0.99241702790969344
 0.91553313734541952
 0.44953100410935642
 -0.070893275878694623
 -0.69003969817690514
 -0.99296800256705919
 -0.84085803344299925
 -0.44544703957558268
 0.22692348795870262
 0.79530388498163285
 0.99922771763834428
 0.74524469498226609
 0.29906123418645231
 -0.37730307052849954
 -0.79806397900131565
 -0.99903785701884862
 -0.83587950193743465
 -0.29470041031222721
 0.38152831590914027
 0.88291758535122433
 0.97970036933262528
 0.73912359746495881
 0.29033344048779852
 -0.385745604551474
 -0.80353417917116288
 -0.99496471019671173
 -0.83083124203139913
 -0.42901913846794526
 0.24467499008858307
 0.80624417124079983
 0.99541203730261552
 0.82828109530251082
 0.28158142740539416
 -0.39415595998417602
 -0.80893734916154614
 -0.99807011221661501
 -0.82571367484671732
 -0.42075116190200801
 0.25352049505894858
 0.81161365676743802
 0.99624440493583688
 0.82312903420732286
 0.41660396837504898
 -0.107279713530316
 -0.71601546775071334
 -0.99662942810420063
 -0.82052722728675664
 -0.4124480866102142
 0.111818945495629
 0.71919594755999483
 0.97344733857658416
 0.89621572041045716
 0.40828360327801405
 -0.11635584548700217
 -0.60821749558721294
 -0.97448255748183354
 -0.95208896010981581
 -0.66148898157258573
 -0.032205778434699808
 0.48379140646894586
 0.86350306785080355
 0.99996326570703487
 0.76538144192408231
 0.32824098959001718
 -0.2013659565870686
 -0.77917174513612353
 -0.99991369601748914
 -0.76243443461132976
 -0.17556138821270462
 0.4917645537289167
 0.93373409654612172
 0.94780994075947012
 0.65115271974429956
 0.1710637797767971
 -0.49573578531813189
 -0.93535909167438946
 -0.98460972637384481
 -0.75649278027463351
 -0.16656260382129034
 0.36147603246699667
 0.78768576136543023
 0.99963987460314707
 0.84510684971438899
 0.31093239590335586
 -0.36573017458993407
 -0.87479295658324008
 -0.98297245168622671
 -0.64069424203842407
 -0.0048110008146279
 0.5075871187384684
 0.87699638961587445
 0.99935308682759982
 0.74746213130601957
 0.15303860991380491
 -0.51151650147545191
 -0.94166367111461102
 -0.98125317822176994
 -0.63365499429213756
 -0.14852410331082228
 0.37844648325968566
 0.88134834107030124
 0.9803628365002256
 0.74136365275471117
 0.29352005345184312
 -0.38266958558590092
 -0.88349676873254213
 -0.99876660472388257
 -0.73829118999497911
 -0.13948589194904606
 0.38688470737265507
 0.80426869762729047
 0.99852944644533925
 0.83014331309076361
 0.28477679075671175
 -0.39109176071404539
 -0.80697414820845992
 -0.99552944227673668
 -0.90364103807373131
 -0.55719418098604745
 -0.053784013588269716
 0.59461050906572643
 0.9705183667323255
 0.95715933648978879
 0.5533962596713089
 0.049223357009912677
 -0.46881591634326025
 -0.85478830768936565
 -0.99996421018503501
 -0.77623124422519763
 -0.19678195678587651
 0.33265584354707201
 0.85714940883112156
 0.99999241925486515
 0.77334407831939256
 0.19230249075247055
 -0.33695899876098812
 -0.77129810450025671
 -0.99999977357372771
 -0.77044078439315988
 -0.18781901426813521
 0.34125512672565389
 0.86181793492797221
 0.99998627298824927
 0.85645540989183011
 0.4716584301397076
 -0.19810134883246783
 -0.67178324665396527
 -0.95622174279616212
 -0.9235338790531944
 -0.5971970165752265
 -0.10262792226900343
 0.42085177261292628
 0.82577623193527505
 0.99807699315903253
 0.88921640321184137
 0.52986082427676207
 0.02124182547795625
 -0.49336106072996849
 -0.86898262245016622
 -0.98508355736215503
 -0.75827684451423649
 -0.31786121809897533
 0.35892719724832056
 0.78599955294768586
