# Created by Octave 8.4.0, Thu Dec 11 09:16:06 2025 IST <gamana@Samsung>
# name: iq
# type: matrix
# rows: 2048
# columns: 1
 0.99706007033948296
 0.81741217677477895
 0.2631763561998442
 -0.41166286191191009
 -0.82003431881388944
 -0.99739959216031482
 -0.81477298767905471
 -0.40332217000396425
 0.27197672523161615
 0.72610466550790553
 0.9977183133033527
 0.89173695753970295
 0.39913916364882279
 -0.27636844752632383
 -0.72923708866562187
 -0.99801622712169602
 -0.88966097771079677
 -0.53068550131166847
 0.13080603864129745
 0.61971144815431445
 0.97764774684509548
 0.88756644408310237
 0.52680937032475517
 0.017648480643128749
 -0.49648404018293579
 -0.93566355795921996
 -0.94606518067421075
 -0.5229222527763302
 -0.013082302230897626
 0.50044297299076146
 0.87299192731282182
 0.98364649651042202
 0.75293139567673473
 0.1612074989385934
 -0.50439146910589572
 -0.8752101648306293
 -0.98281373076484568
 -0.74991820004097443
 -0.30576841154300655
 0.22451727661408843
 0.69155575910797984
 0.96378086250028872
 0.91283249357463192
 0.57530323197111466
 -0.077538373483401396
 -0.69484718481991314
 -0.9649887322131383
 -0.91095823285371369
 -0.43947131954170243
 0.082090521919315831
 0.58052721149389108
 0.91542760447624616
 0.96205395684648265
 0.68691788519972474
 0.066599024229182319
 -0.58423955633417979
 -0.9673440726117527
 -0.90715275704229548
 -0.5640436772560169
 0.091189587921087126
 0.5879397169116356
 0.96849149417710867
 0.95952171996815627
 0.68025173333747047
 0.057483207986331115
 -0.59162761605977232
 -0.92085560177722303
 -0.99067573919877039
 -0.78141948139773487
 -0.3520349582153795
 0.17651889277400565
 0.65534683009168626
 0.98632564038788906
 0.8653101111236956
 0.48693370707140277
 -0.028613416223251562
 -0.65878935756162205
 -0.95098368393158716
 -0.93006880782054413
 -0.48293989111003849
 0.18550142810862433
 0.76893472152711884
 0.98778974619014315
 0.92838136871562715
 0.60744511130886403
 -0.037741799180791728
 -0.66563312401798547
 -0.95376841510680677
 -0.97322421740503984
 -0.60381116136497703
 0.042304857596161642
 0.54761443469753268
 0.89865934540983339
 0.97216437610049722
 0.60016461899422868
 0.10631258127998891
 -0.4174880367582457
 -0.90065314739641111
 -0.97108426039629825
 -0.59650556024492263
 -0.10177064770085427
 0.55523372073924604
 0.90262816634349929
 0.96998389281815456
 0.59283406142640771
 0.097226591704109466
 -0.42576990720195163
 -0.82882571694540641
 -0.998398779306784
 -0.80566836007221854
 -0.38905897338469098
 0.28689235719527861
 0.73669800137329189
 0.99864669548498619
 0.88459937535560251
 0.38484800857883378
 -0.14167164154906572
 -0.62828195559010802
 -0.97989489953272035
 -0.88246046011956136
 -0.38062901780274139
 0.14619080877256765
 0.63182823598891091
 0.93947771061620244
 0.9824734317532009
 0.63862173069241412
 0.15488675998232163
 -0.50990837753160867
 -0.94103251339940608
 -0.9409183725946465
 -0.5096182613695085
 0.002451968787792662
 0.63888119294273482
 0.98253623478184693
 0.93936212190982626
 0.63156681724073349
 0.14585720244600886
 -0.5177438501891326
 -0.94408321150734609
 -0.97982756338423382
 -0.7395514844487685
 -0.29094148332762448
 0.38515923490199494
 0.88475658864781193
 0.97890471388091427
 0.73646992327589755
 0.28656929572213435
 -0.24405878165923398
 -0.80586807279352213
 -0.99837964680481783
 -0.73337300308974884
 -0.13229028813657909
 0.39357185195279359
 0.88897629886156937
 0.97699778963959916
 0.73026078847632114
 0.27780708268757176
 -0.39776589243916055
 -0.81124225234633263
 -0.99781828131895878
 -0.82348972479342486
 -0.27341723999365541
 0.40195163755402535
 0.81390399247921841
 0.99750638142641856
 0.72399073590500151
 0.1186985440550069
 -0.40612900000404117
 -0.81654875871836308
 -0.99717367862900375
 -0.72083302870849542
 -0.26462053999945312
 0.41029789267069405
 0.81917649590739106
 0.99682017986520099
 0.81564015632847064
 0.26021386615355924
 -0.41445822861210652
 -0.89920037971003641
 -0.99644589250719506
 -0.8129895401913837
 -0.40051154007206008
 0.12479178969424104
 0.6149408894302183
 0.93185925391478641
 0.98627000753600025
 0.65509208035033761
 0.17618695705555892
 -0.35235057260061453
 -0.86775773336314854
 -0.98550557398912264
 -0.65163487930751562
 -0.019145488278022892
 0.49518379281713676
 0.93513413588735561
 0.98472058781311855
 0.75690822893261911
 0.16718916734334063
 -0.36088345518522658
 -0.78729410116229492
 -0.99192158334645664
 -0.9171217121892673
 -0.58396584088904802
 -0.086305000545913779
 0.56808628456274546
 0.96214591601666388
 0.96608945909027666
 0.58025259939119722
 0.081754434436132339
 -0.43977420553022362
 -0.91109728423998393
 -0.96490022720293422
 -0.69460463034444542
 -0.22863677800280582
 0.30173875618225021
 0.74711355698670412
 0.99933408385256284
 0.79359901194327176
 0.22418865208546143
 -0.30608946424582323
 -0.84237411919693606
 -0.99263176838203893
 -0.790812165192052
 -0.3662183487781972
 0.31043378884142714
 0.8448263018309673
 0.99206806997202313
 0.78800882612502365
 0.36196507827028734
 -0.16604534267755786
 -0.64728028114969927
 -0.94617437850265707
 -0.97852825047564906
 -0.73522771206905113
 -0.13499801673067219
 0.39105865519140504
 0.80695290413982168
 0.99552604418141488
 0.82760868059582926
 0.42380387937971431
 -0.099387774929510453
 -0.71045408205694227
 -0.99594716016336071
 -0.82503673372531272
 -0.4196631483833223
 0.10393083342588144
 0.71366046350530787
 0.99634750575784725
 0.8224475807887246
 0.27165220072888396
 -0.25909361335349135
 -0.81496845536821072
 -0.99737523200663469
 -0.72272407480947987
 -0.11687683236262683
 0.4078046943816232
 0.89598288993909425
 0.97356728359948941
 0.60500399200341626
 0.11234020629758215
 -0.41197016019304566
 -0.82022726859247486
 -0.99742383889171715
 -0.8145774273355405
 -0.40301357030258678
 0.12208044596978843
 0.61278402605769577
 0.93086446592366345
 0.98671752975550331
 0.65715397345424653
 0.17887579425213712
 -0.34979224499924849
 -0.77992273563746839
 -0.99034659876718778
 -0.92178678654374213
 -0.59355680841868841
 0.055091987266559873
 0.67849428688606228
 0.99096927757341313
 0.84932193198522976
 0.31846367064830305
 -0.35833399507441271
 -0.87092125115799168
 -0.9997245785693325
 -0.84690242494468848
 -0.45550525983347107
 0.21593704592681448
 0.78842387647310075
 0.99215262290844974
 0.84446525583110477
 0.30979259712026835
 -0.22039375891483476
 -0.79122478352314818
 -0.99271326475870159
 -0.84201047547138852
 -0.44735548072388992
 0.22484587561108255
 0.6917993022821437
 0.9638707429922535
 0.91269474280555418
 0.44326655429247164
 -0.22929330316701357
 -0.69508966027877517
 -0.99377242836424529
 -0.91081907787510319
 -0.57128519866632965
 0.082426600067351322
 0.58080175758021402
 0.96626338538553846
 0.96196188827345819
 0.56753111057003847
 -0.086976906331164811
 -0.7016268198592065
 -0.96742949194927785
 -0.9607043079886981
 -0.68334577293270737
 -0.21348663706973042
 0.45773735113543396
 0.84823387425093655
 0.99978031252525268
 0.78405171832161935
 0.2090229862197191
 -0.32084096299175136
 -0.76032302855692135
 -0.99986560606571262
 -0.78120900902490753
 -0.35171930379742294
 0.17685080841905051
 0.76328138178410543
 0.99993004749988235
 0.86514103433169209
 0.48663913745476717
 -0.028950497499741039
 -0.53638468848563203
 -0.95108791243206647
 -0.97520842120142426
 -0.72460972568330329
 -0.26988624726652932
 0.26086501504268755
 0.81603017562444879
 0.99687369533627246
 0.8187894891587626
 0.40968274099887381
 -0.1148328922472336
 -0.60699974742872231
 -0.92817291142478686
 -0.9525567355248995
 -0.54042118413959839
 -0.033738176038133443
 0.61062258817443182
 0.97515897982580757
 0.89281827429515648
 0.40133398604391574
 -0.12390100013857708
 -0.72759618081039457
 -0.97616036467522127
 -0.89075204234264915
 -0.53271392021889008
 0.1284312254337609
 0.73072137985246688
 0.99815059791834015
 0.80816656237513129
 0.24783150212176325
 -0.28283809894652973
 -0.73383133976659254
 -0.97810204070790241
 -0.94683839586884899
