# Created by Octave 8.4.0, Thu Dec 11 09:16:06 2025 IST <gamana@Samsung>
# name: iq
# type: matrix
# rows: 2048
# columns: 1
 0.99706007033948296
 0.81741217677477895
 0.40749676511192734
 -0.11721173552297842
 -0.72295709950342013
 -0.99739959216031482
 -0.81477298767905471
 -0.25876789299367536
 0.27197672523161615
 0.72610466550790553
 0.9756866937503218
 0.95041478686084535
 0.65740811854692949
 0.026779638075654512
 -0.6161208997466926
 -0.93240144544834269
 -0.98602164326815445
 -0.7618765189682617
 -0.17471292102219657
 0.35375141607369498
 0.78256289391760381
 0.99092400356524601
 0.84949989429398942
 0.45986541708857864
 -0.059314559022868391
 -0.68159522404935846
 -0.96003675884366646
 -0.96803299318482094
 -0.70333136332568646
 -0.24049913052813435
 0.43290333150358423
 0.83321906296188719
 0.99881442798605458
 0.8009644889521762
 0.23606395286305812
 -0.29444976525794719
 -0.83573550265197849
 -0.99902631993877522
 -0.88088835778813113
 -0.51460144259673235
 -0.003349722178156378
 0.50884562525527921
 0.87769759886604204
 0.98184693407155776
 0.74649059157271247
 0.300845559121518
 -0.37557020456623996
 -0.79693550001929825
 -0.99380162004068351
 -0.91071077461580985
 -0.5710699098317259
 -0.070556899349577401
 0.44983220615483122
 0.84350219905611679
 0.99237552149144936
 0.68648208124176036
 0.066000839331678191
 -0.58472599750426091
 -0.91749469515720072
 -0.96063147205082899
 -0.68315425796027018
 -0.061443402872273095
 0.45797052790453185
 0.84837275587215955
 0.99978577561981274
 0.86955607493459608
 0.35574544162475952
 -0.32108936884787981
 -0.85078152047693878
 -0.99986987159396545
 -0.78104524687072752
 -0.20429823214728229
 0.32541091424439439
 0.7634508077008495
 0.98642426628604285
 0.93151898261210986
 0.48640998949172864
 -0.029212669551792959
 -0.65924026243904044
 -0.98716391030913297
 -0.86270907240594652
 -0.34290851758361607
 0.33403355580847022
 0.85790115737674111
 0.99999704150406676
 0.86039069095073661
 0.33861512111599501
 -0.33833447215160561
 -0.86023865239462738
 -0.98792921227539277
 -0.76950837226522373
 -0.18638352895506891
 0.34262833256009806
 0.77512074157576627
 0.9892592595431221
 0.85570014665531058
 0.47036938794514077
 -0.047465870488560373
 -0.5519298475756903
 -0.95664835839469498
 -0.92297246351408135
 -0.59602428583060985
 -0.10117423816771128
 0.42217690279951303
 0.90288604333125377
 0.96983793763211512
 0.5923511596013461
 -0.056586912209590688
 -0.67959342251120436
 -0.99116893315155996
 -0.91941886397094896
 -0.4582356449188979
 0.21293898995673863
 0.7865320410317943
 0.99176416681488366
 0.91761328397652675
 0.58496792371446682
 0.087535304603103034
 -0.4345562783818383
 -0.90869055342431926
 -0.96640760301753192
 -0.69876661142307306
 -0.23428092150626556
 0.29620242279567877
 0.7432446358180318
 0.99910557284759449
 0.79711562872927277
 0.22983886917435997
 -0.30056110973383704
 -0.83923346343101557
 -0.99928825965359569
 -0.79434981808530758
 -0.37161080460618734
 0.15581211266888473
 0.63934227975830582
 0.9826476087243925
 0.93915636712574746
 0.50516645672498361
 -0.1603214190796719
 -0.7523402792093371
 -0.99959110969295029
 -0.78876855654392963
 -0.21648432361859246
 0.45500618041280882
 0.84660422771807708
 0.99164375835976593
 0.68225186464677556
 0.21202365503335402
 -0.3179322687123336
 -0.75832569691438723
 -0.98509644967807575
 -0.86894553749697701
 -0.35459098115184812
 0.32225870842005994
 0.76129471467094889
 0.99988903171155696
 0.86667637872741532
 0.35031731564544222
 -0.1783242704825769
 -0.76424785569545672
 -0.98662631820244562
 -0.93106911980553142
 -0.61322689374806227
 0.030447098077451381
 0.66016837953679552
 0.98736039633053196
 0.86208388551710813
 0.48133270865788846
 -0.18730375783299533
 -0.77010626153079897
 -0.98807388314734257
 -0.92769806037374358
 -0.47732479867057148
 0.039574909776025805
 0.66700103896563889
 0.98876676377317252
 0.85741947795759588
 0.47330693411798463
 -0.1962676204535162
 -0.77590042571686879
 -0.98943902375805948
 -0.92424961311068343
 -0.46927919879232782
 0.20074345876300026
 0.67377805770053945
 0.95700731056670041
 0.97064466785397419
 0.59503218556979909
 -0.053260199497821945
 -0.6771455249584406
 -0.95832196740132169
 -0.92072406568307263
 -0.59135571103587237
 -0.095400638252584768
 0.56054615396318941
 0.95961663851846379
 0.96840745536036532
 0.58766690383236808
 0.090853766772771322
 -0.4315531551349901
 -0.83239022919382866
 -0.99874042183395029
 -0.80186001883484936
 -0.38315417169083399
 0.1434873811730655
 0.62970809852713572
 0.93853811251994479
 0.94336495945166887
 0.6407218594334867
 0.0048469706335147475
 -0.50755612643698156
 -0.94010464142229133
 -0.94184008705436228
 -0.63720898469723852
 -0.00028026810314381957
 0.51148559287361273
 0.87916439304993654
 0.99917988634155619
 0.74444467168266415
 0.29791688543962525
 -0.37841318812873614
 -0.88133134574818639
 -0.99898455506343076
 -0.74138779202865035
 -0.29355443911615486
 0.23697409994913654
 0.70074630799898874
 0.99462153661748143
 0.83270074194778887
 0.28918587074155172
 -0.38685153795506044
 -0.80424732122389797
 -0.99853139581912675
 -0.73522771206905113
 -0.28481127142188473
 0.24583737821367846
 0.70723288415332175
 0.9693987167671404
 0.90365644320560368
 0.55722404967220118
 0.053819931728175216
 -0.5945815881096792
 -0.97050969629949302
 -0.95716975147556826
 -0.67419215097034724
 -0.049259283613090801
 0.59824718058907844
 0.97160043594038459
 0.95583758460567037
 0.67081235308410769
 0.19681722358073409
 -0.4728130847931325
 -0.85713088116327518
 -0.98885038991703345
 -0.77336688246613405
 -0.34002355145909097
 0.33692513186863876
 0.8594742475238133
 0.98816003957529952
 0.77046371533771096
 0.18785434424611683
 -0.48084130178777795
 -0.86179968962706266
 -0.98744908124580055
 -0.76754448025858624
 -0.33142024428079914
 0.34551038306063547
 0.86410715897615442
 0.99995226986548125
 0.76460923810912385
 0.17887579425213712
 -0.48882940738508918
 -0.93252327229805121
 -0.94887831184973592
 -0.53039965315243032
 -0.021877151972351568
 0.61997607397048027
 0.93416263098438557
 0.94742697280711508
 0.65024226875192148
 0.16988232258226452
 -0.49677673522365212
 -0.93578250779400085
 -0.94595587526113267
 -0.64676603917887232
 -0.16538022551828968
 0.36259370507354283
 0.87315635203302644
 0.98358570375047472
 0.75270942807255592
 0.16087467946475087
 -0.50468262234372585
 -0.93896368106054662
 -0.94295452778891731
 -0.51482631406600432
 -0.003612003576097977
 0.50861981940315182
 0.94052491117439774
 0.98189664881965666
 0.7466650879372424
 0.30109568094123251
 -0.22929330316701357
 -0.69508966027877517
 -0.96507712748675856
 -0.96319940693050832
 -0.68998545825173063
 -0.22240048904039264
 0.44959794231620176
 0.84336129110560609
 0.99240781401398992
 0.78968802398976323
 0.36451069476733244
 -0.16335041552555229
 -0.64519521258985024
 -0.98403532181835085
 -0.93650605963703171
 -0.62516016716356593
 0.015253786964101002
 0.64867752905396447
 0.98483781237670287
 0.93489497256578857
 0.62158935063365273
 0.13318010153099763
 -0.3927463907825941
 -0.88856480988550313
 -0.99816414828841271
 -0.73087381353651881
 -0.12865268805560975
 0.39694205174748343
 0.81071699771620309
 0.99787714938844085
 0.82399871852646989
 0.2742806783315328
 -0.40112943452200633
 -0.81338206817485037
 -0.99650247768692635
 -0.82140266898159908
 -0.26988624726652932
 0.26086501504268755
 0.71812980225496226
 0.99687369533627246
 0.8187894891587626
 0.40968274099887381
 -0.26527087964301094
 -0.81866126483892543
 -0.99689131497651151
 -0.71828519146551872
 -0.11051714876850045
 0.54789656673906506
 0.89880721535633923
 0.99652111377909025
 0.71510042164526089
 0.10597726537005564
 -0.41779443979418884
 -0.90079963176166622
 -0.99613013022446173
 -0.81084771477814355
 -0.2522531566789874
 0.42193912522092825
 0.82645187614190396
 0.99815059791834015
 0.88866723383728807
 0.39295175212837735
 -0.1329587723074456
 -0.73383133976659254
 -0.97810204070790241
