# Created by Octave 8.4.0, Thu Dec 11 09:16:06 2025 IST <gamana@Samsung>
# name: iq
# type: matrix
# rows: 2048
# columns: 1
 0.99706007033948296
 0.71979445629436789
 0.2631763561998442
 -0.26757933088703667
 -0.82003431881388944
 -0.99739959216031482
 -0.81477298767905471
 -0.25876789299367536
 0.41582037352034329
 0.89985447880301794
 0.97152058492562143
 0.59797692748566744
 -0.049596092412049285
 -0.55370705885596561
 -0.95726733173653833
 -0.92214954772219393
 -0.59431041673833829
 -0.099052217956670074
 0.42410929452530416
 0.90380080945259256
 0.99549412439592866
 0.80675369022336518
 0.39074826631547099
 -0.13533214306748165
 -0.73545624545231092
 -0.97859770037839833
 -0.88545340033792985
 -0.38654055032865986
 0.13985542515412888
 0.62685369828083859
 0.97952724534565039
 0.88332189054261379
 0.5190242297318719
 -0.14437579056859726
 -0.63040525104876677
 -0.98043636236127607
 -0.88117195914959878
 -0.51511538248430411
 0.14889314503908596
 0.7446697864578582
 0.98132503246572256
 0.94153800602658821
 0.63651683455885644
 -0.00061748905173052778
 -0.63746884165893469
 -0.94195336044907441
 -0.93998963405957092
 -0.50726554167848714
 0.15791844437680813
 0.75073460377554946
 0.99951855157608782
 0.79026236628191826
 0.36538281225045838
 -0.16242620102223765
 -0.75374355922055913
 -0.99964981960557098
 -0.78745579190865311
 -0.36112805074835524
 0.31562363430071849
 0.75673679541218208
 0.99976024002897124
 0.87014756089457157
 0.49541164415814748
 -0.17143145822393704
 -0.75971424992675674
 -0.99984981054348077
 -0.86788805486487475
 -0.49143957136519584
 0.023448947172842981
 0.53173182534861707
 0.94937339120327868
 0.93195438336710679
 0.48745724964467341
 -0.028014152610905268
 -0.65833821591201358
 -0.98697170672481427
 -0.93028888966230661
 -0.61154083816441651
 -0.12051985628836237
 0.539444769141321
 0.89434751792973222
 0.99730982697147408
 0.72210331071667855
 0.11598518103835469
 -0.54328440608521777
 -0.89638121253194536
 -0.97336184318883701
 -0.71893660149723992
 -0.2619847133958928
 0.26876907226385538
 0.72380978565701937
 0.99748783614430614
 0.81405635073808913
 0.40219178600183031
 -0.1229714388149704
 -0.72695326304485031
 -0.99780093100154443
 -0.89117738323677409
 -0.53350643239463069
 -0.025545082696878618
 0.4896123951713961
 0.9328470854580132
 0.98581512268540761
 0.76107601527488455
 0.32193945930560336
 -0.35490626986012647
 -0.86911238135537339
 -0.98503839069289045
 -0.75810582758173006
 -0.31761252689779229
 0.21235319707962388
 0.78616167635188161
 0.99168720564712287
 0.84642470283328231
 0.45470586321335715
 -0.21681353546072546
 -0.68582900348661102
 -0.99226447206662238
 -0.84398406755565658
 -0.30893888111699319
 0.36768087239880365
 0.87580690915030124
 0.99943886783086799
 0.84152583106705137
 0.44655238580789536
 -0.22572055441760619
 -0.79455462137295907
 -0.99927548207434191
 -0.74606759889611551
 -0.15096620933205945
 0.51331707035921126
 0.88017868087772855
 0.99909125651850716
 0.83655675988810607
 0.43836165735905963
 -0.2346087439461009
 -0.69900780262412576
 -0.99436648797780181
 -0.90854972200353745
 -0.56679171182125632
 -0.065366737446402923
 0.5852413956952025
 0.96765636088201856
 0.96045472696749501
 0.68269004969697578
 0.21260949086681319
 -0.45853535123706013
 -0.84870900418237416
 -0.99112415953073163
 -0.67934600227974873
 -0.20814497571020177
 0.46258889234239531
 0.92133642208986943
 0.95787162097705481
 0.55545184092149236
 -0.10150972301813228
 -0.59629502905811249
 -0.92310219592082832
 -0.95655008992160562
 -0.55164861080812788
 0.10605178105953815
 0.59995480435262905
 0.97210288979435833
 0.95520861010101676
 0.54783387611315026
 -0.11059162740069406
 -0.60360206764425894
 -0.92657595352213129
 -0.98853055046695493
 -0.77201305843660495
 -0.19024443905519753
 0.47870574193700199
 0.860562501651286
 0.98783057403202179
 0.76910237975061224
 0.33371568541195351
 -0.19567974137969191
 -0.77552208599333883
 -0.9999730885191962
 -0.76617566150442962
 -0.32940729198072294
 0.20015612234780542
 0.67333494291237483
 0.99000628298972737
 0.85299658942327106
 0.46577226419855994
 -0.20462832907820289
 -0.67670425882568808
 -0.95815052266696876
 -0.9696828445732264
 -0.59183905123294156
 0.057221356716363872
 0.56004959012291766
 0.90511013570477716
 0.99519837909198194
 0.80493618572279035
 0.24253382409876054
 -0.28807520130343556
 -0.7375325586554845
 -0.99871016201380958
 -0.88402276669574964
 -0.38370785527361939
 0.14289405503088268
 0.62924227162023949
 0.93833100971718231
 0.94356367941495367
 0.51639813837311055
 0.005446466656266781
 -0.50703949142794102
 -0.87669086913002936
 -0.99937573922465328
 -0.74788412868125476
 -0.30284452437160619
 0.22750731161019144
 0.69376963989668572
 0.96459493207099567
 0.96369087240910234
 0.69131213729148444
 0.072648282209853754
 -0.44795857031246838
 -0.91482395692723983
 -0.99263176838203893
 -0.790812165192052
 -0.21973585073413712
 0.45203678212348919
 0.8448263018309673
 0.99206806997202313
 0.68468396839564494
 0.063536069721895586
 -0.4561055667485257
 -0.91847431573064442
 -0.95994232489362474
 -0.68134843078258478
 -0.21081659327632549
 0.4601648393334698
 0.92027078201715529
 0.99087861687119372
 0.78235290523988077
 0.35343597986706526
 -0.32342755649263732
 -0.76209490119393808
 -0.98607777404705177
 -0.86605962344102483
 -0.48824092697539156
 0.027116736590217863
 0.65766218888049544
 0.95051960352096865
 0.93061783695940536
 0.48425043128684137
 -0.18402994603395961
 -0.66109548976492238
 -0.98755537645856961
 -0.92893675340063486
 -0.48024983659958298
 0.18851673627980456
 0.77089348593878015
 0.99999999929803707
 0.77084575096264307
 0.18844314139406976
 -0.34065773071631095
 -0.86149543713703836
 -0.99998940073362763
 -0.76792862176621013
 -0.18395628741404277
 0.34494773752928914
 0.86380526864144591
 0.99995794748120204
 0.85441940454648735
 0.46818829390851685
 -0.20195314414651017
 -0.77954738047339189
 -0.99026332165106024
 -0.85203770817596947
 -0.3233566452854974
 0.35350608027650443
 0.86837084011363574
 0.98529531704751827
 0.75908138870197783
 0.31903190422298738
 -0.35777423772728167
 -0.78523545681431273
 -0.99149343853740313
 -0.84722105796878744
 -0.31470050977912667
 0.21535164711011798
 0.78805496053472135
 0.99207748702807963
 0.84478620458292519
 0.3103625522847524
 -0.21980895658447358
 -0.79085802944057393
 -0.99948789907851565
 -0.84233373325760386
 -0.30601812220757368
 0.37053358671614267
 0.7936446050741407
 0.99318350320331317
 0.83986369513887471
 0.44380386387911941
 -0.22870973038454406
 -0.69465853816616863
 -0.99370544782199999
 -0.83737614173914277
 -0.43970690185345124
 0.081829121348277425
 0.69793630702392573
 0.96610880593672932
 0.96212549010061099
 0.68710847180785017
 0.066860722607749459
 -0.45313803679809933
 -0.845486420966024
 -0.99191207448445484
 -0.78724789385798333
 -0.21407228166829007
 0.45720425744531024
 0.84791621144290719
 0.99132209360340251
 0.68044395774559407
 0.057745055301892521
 -0.5914161401871515
 -0.92075330497514141
 -0.99071143879023971
 -0.78158312069830338
 -0.20514176692661742
 0.32459591128292553
 0.85272269244596266
 0.99008012278011326
 0.67372268159183635
 0.048624570949613463
 -0.46934537146098876
 -0.85509928273339597
 -0.9894281587390571
 -0.67034093276055851
 -0.19619413942258937
 0.33322114493355337
 0.7687670104067964
 0.98774885039587357
 0.86082956821913825
 0.47916623207818182
 -0.03747970176815317
 -0.66543736480437243
 -0.95368955510989162
 -0.9267731193331129
 -0.60402021354809721
 0.04204280796555189
 0.54739495561019913
 0.89854426479811322
 0.99657089777049301
 0.81386045126370754
 0.40188301863227083
 -0.27348932174976931
 -0.82353223714346102
 -0.99618264199878725
 -0.71232163022430739
 -0.25283322809198039
 0.27787907011093738
 0.82611420249337753
 0.995773610928675
 0.80851949738323936
 0.24841225888832305
 -0.28226302332939512
 -0.73342394586459891
 -0.99838390828355505
 -0.80582370010764326
 -0.24398610906956891
