# Created by Octave 8.4.0, Thu Dec 11 09:16:06 2025 IST <gamana@Samsung>
# name: iq
# type: matrix
# rows: 2048
# columns: 1
 0.99706007033948296
 0.8958330830115131
 0.40749676511192734
 -0.26757933088703667
 -0.82003431881388944
 -0.99669975492155383
 -0.81477298767905471
 -0.25876789299367536
 0.41582037352034329
 0.89985447880301794
 0.97152058492562143
 0.59797692748566744
 -0.049596092412049285
 -0.67444116920798691
 -0.95726733173653833
 -0.9704283499248888
 -0.710216724570086
 -0.099052217956670074
 0.42410929452530416
 0.82779791753061049
 0.9982933274023793
 0.88756644408310237
 0.52680937032475517
 0.017648480643128749
 -0.62328907253604104
 -0.93566355795921996
 -0.98445874839776404
 -0.64702319695337762
 -0.013082302230897626
 0.50044297299076146
 0.93726536135324057
 0.98364649651042202
 0.75293139567673473
 0.1612074989385934
 -0.50439146910589572
 -0.9388476181633828
 -0.98281373076484568
 -0.74991820004097443
 -0.30576841154300655
 0.22451727661408843
 0.79380414593267479
 0.9932140410785969
 0.91283249357463192
 0.57530323197111466
 0.07570928483461975
 -0.57680275981140672
 -0.9649887322131383
 -0.96328999306189333
 -0.5715619408474234
 -0.071154896496347181
 0.58052721149389108
 0.91542760447624616
 0.96205395684648265
 0.56780872985143183
 -0.086640958364850085
 -0.58423955633417979
 -0.9673440726117527
 -0.90715275704229548
 -0.5640436772560169
 -0.062041763045416379
 0.5879397169116356
 0.91906542379149492
 0.99128758100646241
 0.78426098528443078
 0.20935274634661827
 -0.32052155160483159
 -0.76010394507765244
 -0.98556272514868337
 -0.86759008943263682
 -0.3520349582153795
 0.17651889277400565
 0.65534683009168626
 0.94956155470422277
 0.97628187600863758
 0.72798059751291655
 0.2746049511819631
 -0.2561277524118542
 -0.71470848232620454
 -0.97195363997356965
 -0.89905278190790505
 -0.5483653950146985
 0.10996002894475143
 0.6030952912798444
 0.92633675970593021
 0.98862632083086599
 0.77241681417527408
 0.33861512111599501
 -0.33833447215160561
 -0.77222735444307999
 -0.99999772252318309
 -0.85805436612590835
 -0.3343146628608224
 0.34262833256009806
 0.77512074157576627
 0.9892592595431221
 0.85570014665531058
 0.33000723250375069
 -0.34691504748586588
 -0.86485977345968701
 -0.98647320061060673
 -0.76364340535372321
 -0.32569291987586835
 0.20400626038883832
 0.67623625119079023
 0.99055302875026752
 0.92120526956857784
 0.5923511596013461
 -0.056586912209590688
 -0.55952301269355742
 -0.95926849380749435
 -0.91941886397094896
 -0.58866567994252117
 0.061145710446713887
 0.68293642097259744
 0.99176416681488366
 0.91761328397652675
 0.45417183831706781
 -0.065703233495606125
 -0.68626517685702493
 -0.99233871732669821
 -0.84366236101593606
 -0.4500985600028633
 0.070259386309538652
 0.570825047935834
 0.91058754221140992
 0.99383473207418238
 0.79711562872927277
 0.22983886917435997
 -0.4427640257093759
 -0.91246554077811393
 -0.99331805066669221
 -0.69220395107927979
 -0.22539202357372476
 0.44685409141316507
 0.91432450995893599
 0.96279588184073128
 0.68890093284016052
 0.069324945541670138
 -0.45093483801550066
 -0.84416489419142116
 -0.99959110969295029
 -0.78876855654392963
 -0.21648432361859246
 0.45500618041280882
 0.91798520548608953
 0.96028763077360757
 0.68225186464677556
 0.060210711553703992
 -0.58942264809752398
 -0.91978685548894856
 -0.99104428369290198
 -0.78312149655954333
 -0.35459098115184812
 0.32225870842005994
 0.76129471467094889
 0.99988903171155696
 0.86667637872741532
 0.48931833080765208
 -0.1783242704825769
 -0.65673136249930986
 -0.95013521478378304
 -0.93106911980553142
 -0.48533058049533734
 0.030447098077451381
 0.53764773570711577
 0.95154938063428185
 0.9748760017603072
 0.60961322745036917
 -0.035011369006196995
 -0.66359162882274891
 -0.9529437020089786
 -0.92769806037374358
 -0.60598684772426525
 0.039574909776025805
 0.54532624471903801
 0.89745750341030195
 0.97280090994462021
 0.71724266907984957
 0.2596349677644772
 -0.41500374368247817
 -0.82212859567070329
 -0.99639521405824028
 -0.81264031596820996
 -0.25522216160828837
 0.27550554513713005
 0.72862249453939665
 0.99795930465553018
 0.89007055452283868
 0.39577244673708739
 -0.12991594239927848
 -0.61900661196690854
 -0.97745859982628591
 -0.88797966488985158
 -0.52757223669842357
 0.1344425905599955
 0.62258678294217984
 0.93534636841227947
 0.94635565148416922
 0.52368727256847247
 0.013979977208803314
 -0.62615396992670891
 -0.97934612166406976
 -0.94487015805853269
 -0.51979138698807437
 0.1434873811730655
 0.74101151269808929
 0.99895914375123918
 0.88159605993130463
 0.37893198159176017
 -0.14800533499711871
 -0.6332490946224425
 -0.98115194723055799
 -0.87943136084701534
 -0.51196717669537917
 -0.00028026810314381957
 0.63677688436544455
 0.98202417657034946
 0.87724832130168195
 0.50803901515625172
 -0.15703188857470202
 -0.64029139418445169
 -0.98287592588523542
 -0.9387314485023539
 -0.5041002585096872
 0.0088530592542075646
 0.51931244306408963
 0.88347991836137973
 0.99876839005325435
 0.83270074194778887
 0.28918587074155172
 -0.24140825635502416
 -0.70399693697221599
 -0.96826752051269671
 -0.90560274921938144
 -0.42793577198471555
 0.094842643710131319
 0.59090359568530659
 0.9693987167671404
 0.90365644320560368
 0.55722404967220118
 -0.099387774929510453
 -0.71045408205694227
 -0.97050969629949302
 -0.90169129151887883
 -0.4196631483833223
 0.25468014892050156
 0.81231352710963023
 0.99634750575784725
 0.89970733514225409
 0.41551366535015938
 -0.10847172445420077
 -0.60190029667792921
 -0.97267091294254582
 -0.95448548382986664
 -0.6674185654672885
 -0.040135000622663876
 0.60554086019085052
 0.97372110498126263
 0.95311347734608709
 0.54196379738289779
 -0.11754662535427075
 -0.72319004198412096
 -0.97475099015488875
 -0.95172159376741927
 -0.53812027829209996
 -0.03100736960251144
 0.4848404102377788
 0.93086446592366345
 0.9503098621214513
 0.5342655367518574
 -0.12661172060870704
 -0.61638647735605456
 -0.97674975441813594
 -0.8895069447213011
 -0.39463800471769866
 0.28107804804847464
 0.73258388378708994
 0.99831296397730396
 0.80655438456449347
 0.24518357827358583
 -0.28545771561406558
 -0.83053919395180253
 -0.99856770736082057
 -0.80384632102063036
 -0.24075370706548865
 0.28983142998495609
 0.83307400675438814
 0.99455145437254244
 0.70026499464550118
 0.085074564858861945
 -0.43677950363603685
 -0.90971891406343963
 -0.96576984171147617
 -0.69699759914860648
 -0.231878994448591
 0.29856063441505654
 0.83809145881061864
 0.99355785265223451
 0.69371566783016436
 0.075970812445554814
 -0.4449773300437953
 -0.84057399342575734
 -0.9930299656656284
 -0.69041926913453366
 -0.071416512219100281
 0.4490623659983633
 0.84303899794670245
 0.99248136912938811
 0.68710847180785017
 0.066860722607749459
 -0.45313803679809933
 -0.845486420966024
 -0.99191207448445484
 -0.78724789385798333
 -0.21407228166829007
 0.45720425744531024
 0.84791621144290719
 0.99132209360340251
 0.68044395774559407
 0.20960920998794641
 -0.32027309532488762
 -0.75993348705546881
 -0.98551828393206375
 -0.9334795565583065
 -0.61847677409526547
 0.023786074093560219
 0.65514869784289442
 0.98628238008474745
 0.9318320622966344
 0.61488179360742934
 -0.028351239645533603
 -0.53587862659085617
 -0.95090254255329998
 -0.93016513476203078
 -0.4831695435136964
 0.032915813935010765
 0.66202159170945685
 0.98774885039587357
 0.86082956821913825
 0.47916623207818182
 -0.03747970176815317
 -0.54356748863500048
 -0.95368955510989162
 -0.97328447172790966
 -0.71870216652800389
 -0.11111296041333159
 0.54739495561019913
 0.95505324215194976
 0.92504810217897204
 0.47112971399971271
 -0.19868893592561135
 -0.77745624266941105
 -0.999945859213213
 -0.8537770782998112
 -0.32650759738066742
 0.35038750391824242
 0.86671376067056971
 0.99988791254349441
 0.76124612228590061
 0.32218776733811588
 -0.35466104879522864
 -0.7831680959575561
 -0.9910542876521572
 -0.84898630942477415
 -0.31786121809897533
 0.35892719724832056
 0.87123336167618004
