# Created by Octave 8.4.0, Thu Dec 11 09:16:06 2025 IST <gamana@Samsung>
# name: iq
# type: matrix
# rows: 2048
# columns: 1
 0.99706007033948296
 0.81741217677477895
 0.40749676511192734
 -0.11721173552297842
 -0.60890133064396568
 -0.92906155275357227
 -0.95182505386520067
 -0.53840448048633571
 0.12174574039319934
 0.72610466550790553
 0.9756866937503218
 0.89173695753970295
 0.39913916364882279
 -0.27636844752632383
 -0.72923708866562187
 -0.97667740455693652
 -0.88966097771079677
 -0.53068550131166847
 -0.022214290997900961
 0.61971144815431445
 0.97764774684509548
 0.88756644408310237
 0.52680937032475517
 0.017648480643128749
 -0.49648404018293579
 -0.93566355795921996
 -0.94606518067421075
 -0.64702319695337762
 -0.16571279352017626
 0.36227941227075194
 0.87299192731282182
 0.99961637728604458
 0.75293139567673473
 0.1612074989385934
 -0.50439146910589572
 -0.8752101648306293
 -0.99947947189198894
 -0.84219234522037123
 -0.44765705097149988
 0.22451727661408843
 0.69155575910797984
 0.96378086250028872
 0.96450593995209644
 0.57530323197111466
 0.07570928483461975
 -0.44521220012329865
 -0.84071604235180275
 -0.99938759605057081
 -0.87652859772277325
 -0.36907284080929581
 0.3075145173729773
 0.84318003849283296
 0.99244923265600671
 0.7898948670650332
 0.21827493776079607
 -0.31185672933426212
 -0.84562645019083471
 -0.99966550404728993
 -0.87209571834185651
 -0.49885389310436667
 0.16752163237433296
 0.64842084563481195
 0.94665791726123827
 0.97821854915588147
 0.73421201448290707
 0.13351431092211144
 -0.39243624425178625
 -0.80783630538709628
 -0.99818451591765156
 -0.82676733230775934
 -0.27899323612809723
 0.39663251303703095
 0.89049714453735651
 0.99789905398277001
 0.82418973826910924
 0.41830364459012159
 -0.10541986916648706
 -0.59944628234040342
 -0.97195363997356965
 -0.89905278190790505
 -0.5483653950146985
 0.10996002894475143
 0.71789508624863763
 0.99684699428045553
 0.81898303909962988
 0.26581129234256295
 -0.40917133979595066
 -0.8184675601388407
 -0.99719895765191047
 -0.89501634929027651
 -0.54070488933566718
 -0.034075203119590815
 0.48215357236133188
 0.92973861019853599
 0.95126092405016316
 0.53685768197021277
 -0.1235663705437246
 -0.72736480393270331
 -0.99784048800762737
 -0.81104502967743974
 -0.39745647397782563
 0.12809678987676251
 0.61756479500956363
 0.93306290263883518
 0.94840464974003225
 0.65257115358035622
 0.020380225184827103
 -0.49411048094498033
 -0.86940874861318307
 -0.98493489813929835
 -0.75771473591924188
 -0.16840663519935209
 0.49807561849560866
 0.87165606265217788
 0.999688319633386
 0.75472666710096414
 0.16390339698880679
 -0.50203036872450668
 -0.93790331511077729
 -0.98331443318542888
 -0.7517228585266672
 -0.15939674058782213
 0.50597464915570589
 0.87609610931798187
 0.99941860753662914
 0.84120181769794744
 0.44601589492410787
 -0.2263045458482901
 -0.69287968350990514
 -0.99342572139859497
 -0.91208187615920255
 -0.44192392822442306
 0.23075041581171793
 0.79768089846240808
 0.99393815228930615
 0.83622815318000376
 0.29530760337493717
 -0.2351914734962077
 -0.6994363906929727
 -0.96664793069210975
 -0.9615517828446648
 -0.56629770197952101
 0.088468395322842105
 0.7026928983702091
 0.99490081834697564
 0.90637927826073139
 0.42959307273497971
 -0.093016272330551625
 -0.58942264809752398
 -0.91978685548894856
 -0.99104428369290198
 -0.67890595335821213
 -0.20755856471407064
 0.46312031316029723
 0.8514298767049846
 0.99042414088762409
 0.67554588354773948
 0.20308914577979487
 -0.46716293429097694
 -0.92333257210777409
 -0.95637512183597873
 -0.67217172528928704
 -0.19861549143985219
 0.47119581278114436
 0.85618450009160074
 0.99998338686828148
 0.86208388551710813
 0.48133270865788846
 -0.035011369006196995
 -0.54149263660292424
 -0.89543376711611222
 -0.99712845815410922
 -0.81792900324223472
 -0.40831643863066625
 0.26671420194354067
 0.72233655415129017
 0.99733448906692401
 0.81529316103758886
 0.2596349677644772
 -0.41500374368247817
 -0.82212859567070329
 -0.99639521405824028
 -0.81264031596820996
 -0.25522216160828837
 0.41915429501371138
 0.90144878500030279
 0.97064466785397419
 0.71084844417378734
 0.25080403281712832
 -0.4232961049202259
 -0.82729391853123047
 -0.99824049707315343
 -0.80728383888807087
 -0.24638067353068496
 0.28427390587818346
 0.73484765382093153
 0.99850087127598641
 0.80458031858614487
 0.24195217599768648
 -0.28864923917442065
 -0.83239022919382866
 -0.99467943848793638
 -0.70114609033859421
 -0.23751863257405997
 0.43566822324319554
 0.83491237187186829
 0.99419861127584652
 0.69788263748098545
 0.081754434436132339
 -0.57183861803164726
 -0.96338046964987745
 -0.96490022720293422
 -0.57652725677815253
 0.076045533660961007
 0.69376963989668572
 0.96459493207099567
 0.96369087240910234
 0.69131213729148444
 0.072648282209853754
 -0.44795857031246838
 -0.84237411919693606
 -0.99949029421725744
 -0.87504698682238213
 -0.3662183487781972
 0.31043378884142714
 0.7531532776590677
 0.99962566030275579
 0.78800882612502365
 0.36196507827028734
 -0.16604534267755786
 -0.64728028114969927
 -0.98451791381517395
 -0.87058961707697269
 -0.49619128868304263
 0.017985648096398261
 0.650754512543403
 0.98530811818671238
 0.86833367476890355
 0.49222124044383364
 -0.022551427497307118
 -0.65421517251090366
 -0.94909097831870182
 -0.97660494362994621
 -0.72900630000091904
 -0.12594267756543712
 0.39944833561707799
 0.89188951756697665
 0.97561272956226286
 0.7258727564103723
 0.12141102097190457
 -0.53868862145428353
 -0.95192840572335036
 -0.97460016917982983
 -0.72272407480947987
 -0.26725439117702826
 0.4078046943816232
 0.81760638753376536
 0.99708585282110707
 0.81721787306131521
 0.26285100805909306
 -0.41197016019304566
 -0.82022726859247486
 -0.99742383889171715
 -0.89364305358104223
 -0.40301357030258678
 0.27230121880568781
 0.72633649203427009
 0.99774102377887197
 0.81191999367161027
 0.25402788856811498
 -0.42027523032400022
 -0.82541765911308806
 -0.99588627415353737
 -0.80924562749002904
 -0.24960833620042683
 0.28107804804847464
 0.73258388378708994
 0.99831296397730396
 0.88741104275028515
 0.39043783300440948
 -0.13566625401455998
 -0.62355274104028446
 -0.9786670389969816
 -0.88529663390267133
 -0.38622951874564443
 0.28983142998495609
 0.73877016397742057
 0.99880162570560704
 0.80112149333480798
 0.38201314970538847
 -0.14470947024985625
 -0.63066698845287272
 -0.98050268395307083
 -0.88101247234590618
 -0.51482631406600432
 -0.003612003576097977
 0.6342044204286742
 0.98138984345368674
 0.87884280898254086
 0.37355659917449718
 -0.15374061493672009
 -0.74793387261845989
 -0.98225653615836761
 -0.93987451980311765
 -0.63272696759215707
 0.0055214035258760244
 0.51646230997311038
 0.94358849556734636
 0.93830509815306196
 0.62918402735208534
 0.14281988564772793
 -0.52036743992919077
 -0.88405779351868652
 -0.99870635429799859
 -0.73748195008814421
 -0.13829850545761893
 0.38799006792188778
 0.88618295094858357
 0.99846372804915795
 0.8294742095736658
 0.28362722468448237
 -0.24703426848143711
 -0.80768168619747682
 -0.99564197502935825
 -0.82691484959557615
 -0.42268497007417344
 0.10061656235602887
 0.71132264799552403
 0.99605747492512753
 0.90115662367122262
 0.55239718669227666
 -0.10515904404881884
 -0.5992363264894498
 -0.97189192478739406
 -0.89916758903474137
 -0.41439002875065545
 0.10969933265927975
 0.60288605549076435
 0.92623792677698591
 0.95411641469722341
 0.54476078736602618
 0.038900987211602449
 -0.60652321135819354
 -0.92794963970399535
 -0.95273903001207627
 -0.66308693126258755
 -0.18664120956076188
 0.48192377313858803
 0.8624254734116823
 0.99997927181881596
 0.85583584132014823
 0.33025481062593198
 -0.19927645160890187
 -0.672670926025842
 -0.9898792794040554
 -0.85346479989839097
 -0.32594089083721095
 0.35094893923134723
 0.78069508365013429
 0.99987875705686646
 0.85107595954585802
 0.4625224530463129
 -0.20821827182906286
 -0.78354073279034975
 -0.99979722047228137
 -0.75788587203879176
 -0.31729274896499249
