# Created by Octave 8.4.0, Thu Dec 11 09:16:06 2025 IST <gamana@Samsung>
# name: iq
# type: matrix
# rows: 2048
# columns: 1
 0.99706007033948296
 0.8958330830115131
 0.40749676511192734
 -0.11721173552297842
 -0.60890133064396568
 -0.92906155275357227
 -0.98750228500057424
 -0.6608424346775631
 -0.031344426666491253
 0.61251750219373202
 0.9756866937503218
 0.89173695753970295
 0.5345505649007124
 0.026779638075654512
 -0.48853519495787168
 -0.93240144544834269
 -0.94898469904253735
 -0.65396009222976592
 -0.022214290997900961
 0.49251475324559779
 0.86850088041626661
 0.985250469487432
 0.75891061748844191
 0.17021463217652491
 -0.49648404018293579
 -0.87075548362775734
 -0.98445874839776404
 -0.64702319695337762
 -0.16571279352017626
 0.50044297299076146
 0.93726536135324057
 0.94457581101048138
 0.64353447266247155
 0.0085158509884466927
 -0.50439146910589572
 -0.9388476181633828
 -0.94306674230411036
 -0.64003232751865924
 -0.15669884238927639
 0.37077718740857579
 0.8774101499200383
 0.98196046852828767
 0.63651683455885644
 -0.00061748905173052778
 -0.51225682209534928
 -0.87959183670055963
 -0.99914313223323781
 -0.8372327419467338
 -0.43947131954170243
 0.23340805554780536
 0.79932567724122838
 0.99423482618450487
 0.90906497418168908
 0.43536466339879998
 -0.23784618978820501
 -0.80206146680018797
 -0.99471412193617259
 -0.90715275704229548
 -0.43124892776542673
 0.091189587921087126
 0.5879397169116356
 0.96849149417710867
 0.95952171996815627
 0.56026686158099936
 0.057483207986331115
 -0.46149364166221007
 -0.85046631654676685
 -0.99986002074606939
 -0.86759008943263682
 -0.49091736807458636
 0.024048282052691987
 0.65534683009168626
 0.94956155470422277
 0.97628187600863758
 0.61467493103747084
 -0.028613416223251562
 -0.65878935756162205
 -0.98706798589555911
 -0.93006880782054413
 -0.48293989111003849
 0.18550142810862433
 0.6622181460394142
 0.95238598048070489
 0.97426376220703059
 0.72168845298289652
 0.11538970234524717
 -0.54378762121797686
 -0.95376841510680677
 -0.92667456830169237
 -0.47492212768549869
 0.042304857596161642
 0.54761443469753268
 0.95513095897934219
 0.97216437610049722
 0.60016461899422868
 -0.046867033747573464
 -0.55142982772784532
 -0.95647358368258695
 -0.9232030263304648
 -0.46686474663636957
 0.20341932760986636
 0.78048430577675221
 0.99047064063879786
 0.8512529665268137
 0.32193945930560336
 -0.20788843009190797
 -0.67915351091042064
 -0.99108925768113243
 -0.91965447150011992
 -0.58915019910744659
 0.06054731728429652
 0.68249837391928281
 0.96038166485395848
 0.96772249425417678
 0.58545405011465856
 -0.065105013155937183
 -0.68582900348661102
 -0.96164433703970265
 -0.91602919982827036
 -0.58174569153089484
 0.06966135126844894
 0.57033270963107596
 0.96288695422024306
 0.96538036905262048
 0.57802520069364793
 -0.074216236599828955
 -0.57407791745470427
 -0.96410949048091532
 -0.96417909475583619
 -0.5742926551933929
 -0.074477793700477926
 0.57781115293558072
 0.96531192032584046
 0.9629577125917067
 0.57054813287203821
 0.069922994692288284
 -0.45039966562289363
 -0.91592396357618688
 -0.96171624803204947
 -0.68601985967528778
 -0.21706957207182662
 0.31302987997501996
 0.7549478544265199
 0.99969668159732372
 0.78632374567415608
 0.35941675965785358
 -0.31736381384729234
 -0.84870900418237416
 -0.99112415953073163
 -0.67934600227974873
 -0.20814497571020177
 0.32169112912610048
 0.85111530279515479
 0.99987992114534174
 0.78064825179414798
 0.20367611970904997
 -0.32601173556565088
 -0.7638610846955558
 -0.98652842266602814
 -0.93128767720556305
 -0.61370033579439642
 0.029847866612347472
 0.65971796292075569
 0.98726520282524977
 0.92961438575819666
 0.48185811012784718
 -0.034412226326070341
 -0.54098853304387418
 -0.95276179274796713
 -0.9739846416439677
 -0.72083302870849542
 -0.26462053999945312
 0.26613636670920432
 0.81917649590739106
 0.99729056693318985
 0.81564015632847064
 0.26021386615355924
 -0.27053560075472688
 -0.72507435890065097
 -0.9753574455450581
 -0.95087934728715373
 -0.53581535530827096
 0.12479178969424104
 0.6149408894302183
 0.97635482996805922
 0.94945575472370036
 0.65509208035033761
 0.023711157232476316
 -0.49121112914774684
 -0.86775773336314854
 -0.99985432172435307
 -0.7598847751608806
 -0.1716898524875731
 0.35662073253939414
 0.78447016306265849
 0.99976594875481661
 0.75690822893261911
 0.3158724996931519
 -0.36088345518522658
 -0.78729410116229492
 -0.99965672575733444
 -0.84544640193264708
 -0.45307123277109945
 0.21860401502443746
 0.79010162031504583
 0.99249053843869217
 0.84299868999530825
 0.44899540760658252
 -0.2230579892443621
 -0.79289266197034569
 -0.99937573922465328
 -0.74788412868125476
 -0.30284452437160619
 0.3736261111647376
 0.79566716792130066
 0.99920398154940382
 0.8380505755510308
 0.44081575119861865
 -0.080598222732407257
 -0.69705133323988455
 -0.99407316861236728
 -0.90968779540689537
 -0.43671209054113685
 0.08514923093521945
 0.7003184896409369
 0.96696348238648455
 0.90778178968163992
 0.43259932229274561
 -0.089698463358592009
 -0.58672791667811064
 -0.91847431573064442
 -0.99148368207262383
 -0.78518905320560317
 -0.35770425901355962
 0.31910292536187457
 0.75913017088655255
 0.98530811818671238
 0.9339217455717761
 0.49222124044383364
 -0.17504494541054377
 -0.76209490119393808
 -0.98607777404705177
 -0.86605962344102483
 -0.48824092697539156
 0.027116736590217863
 0.65766218888049544
 0.95051960352096865
 0.93061783695940536
 0.48425043128684137
 -0.031681480166081341
 -0.53868862145428353
 -0.89394552532936078
 -0.99737523200663469
 -0.81984127578264621
 -0.41135551681729121
 0.26350167441270839
 0.72002850987141109
 0.97372110498126263
 0.8956831742115805
 0.40718878950252729
 -0.11754662535427075
 -0.60916879520417599
 -0.97475099015488875
 -0.89364305358104223
 -0.40301357030258678
 0.12208044596978843
 0.72633649203427009
 0.99774102377887197
 0.89158429610588674
 0.5342655367518574
 0.026442536515764517
 -0.61638647735605456
 -0.97674975441813594
 -0.8895069447213011
 -0.39463800471769866
 0.13114035477173422
 0.73258388378708994
 0.97771859182372267
 0.94742697280711508
 0.65024226875192148
 0.017311311182923683
 -0.49677673522365212
 -0.93578250779400085
 -0.94595587526113267
 -0.64676603917887232
 -0.16538022551828968
 0.36259370507354283
 0.78842387647310075
 0.99960698059496689
 0.75270942807255592
 0.16087467946475087
 -0.36684585321390023
 -0.87537324331174171
 -0.98275142388085146
 -0.74969507541622005
 -0.3054473240688339
 0.22484587561108255
 0.6917993022821437
 0.9638707429922535
 0.91269474280555418
 0.44326655429247164
 -0.22929330316701357
 -0.79677703679194523
 -0.9991291183794988
 -0.83704828615673299
 -0.29673775849055872
 0.37955604050049663
 0.88191419914391256
 0.98012568485461038
 0.74055846159663596
 0.29237364760094314
 -0.23817371995497297
 -0.7016268198592065
 -0.99474869226751583
 -0.83201627094256037
 -0.43094465135510163
 0.24260652398668919
 0.70487348511119874
 0.99520571111073786
 0.90507827123668394
 0.42681926135309134
 -0.096071982314009
 -0.70810545029073779
 -0.96970115421624037
 -0.90312686476827797
 -0.55619814582020222
 -0.052586702724156269
 0.46583857587044308
 0.85303569840394
 0.99993004749988235
 0.86514103433169209
 0.48663913745476717
 -0.18134368802751832
 -0.65904302069962439
 -0.95108791243206647
 -0.97520842120142426
 -0.61079942113405361
 -0.11958990645928266
 0.54023327442822866
 0.89476619086006459
 0.99724072609621539
 0.8187894891587626
 0.40968274099887381
 -0.26527087964301094
 -0.81866126483892543
 -0.99689131497651151
 -0.71828519146551872
 -0.2610805915399585
 0.41364104130242635
 0.89880721535633923
 0.97208530999528753
 0.59989484973093987
 0.10597726537005564
 -0.41779443979418884
 -0.90079963176166622
 -0.97100369805400089
 -0.59623486975544926
 0.051765004297932744
 0.67604300803596629
 0.9905170277556401
 0.85107595954585802
 0.4625224530463129
 -0.20821827182906286
 -0.78354073279034975
 -0.99979722047228137
 -0.75788587203879176
