# Created by Octave 8.4.0, Thu Dec 11 09:16:06 2025 IST <gamana@Samsung>
# name: iq
# type: matrix
# rows: 2048
# columns: 1
 0.99706007033948296
 0.81741217677477895
 0.40749676511192734
 -0.11721173552297842
 -0.72295709950342013
 -0.97467563508643473
 -0.95182505386520067
 -0.53840448048633571
 0.12174574039319934
 0.61251750219373202
 0.9756866937503218
 0.95041478686084535
 0.65740811854692949
 0.17920756624578818
 -0.34947630729317497
 -0.77971163284007661
 -0.99990200276958874
 -0.7618765189682617
 -0.32310844176316006
 0.20668027481499857
 0.78256289391760381
 0.99982764492782827
 0.75891061748844191
 0.17021463217652491
 -0.35801914740060525
 -0.87075548362775734
 -0.98445874839776404
 -0.64702319695337762
 -0.013082302230897626
 0.50044297299076146
 0.93726536135324057
 0.98364649651042202
 0.64353447266247155
 0.0085158509884466927
 -0.50439146910589572
 -0.9388476181633828
 -0.94306674230411036
 -0.64003232751865924
 -0.0039492221486906965
 0.50832944618280662
 0.94041029539182541
 0.98196046852828767
 0.63651683455885644
 0.15218691789985109
 -0.37501452045592854
 -0.87959183670055963
 -0.98108672759545423
 -0.74384495350793745
 -0.29705977382799137
 0.37924403260955986
 0.79932567724122838
 0.99423482618450487
 0.90906497418168908
 0.56780872985143183
 0.066599024229182319
 -0.45337183085077554
 -0.84562645019083471
 -0.99966550404728993
 -0.78708613347960132
 -0.36056893869878703
 0.31619243755180926
 0.7571285669469523
 0.99977318748613397
 0.78426098528443078
 0.35630566381819206
 -0.17202205632633658
 -0.65189063542320946
 -0.94811962245698522
 -0.93338546174226766
 -0.49091736807458636
 0.17651889277400565
 0.76306347130970409
 0.98632564038788906
 0.8653101111236956
 0.34775691095553296
 -0.3291596362235587
 -0.85523523768182264
 -0.98939008741680945
 -0.77568764392683509
 -0.19593694714062365
 0.3334684266427943
 0.76893472152711884
 0.99999540351778604
 0.77279742987957578
 0.19145671714048751
 -0.3377702626083236
 -0.77184632306809275
 -0.99999882230188708
 -0.85836209249050632
 -0.47492212768549869
 0.19446848906226558
 0.77474182782419287
 0.98917145136069295
 0.85601021937775568
 0.33057309196900747
 -0.34635271246754379
 -0.86455865896230799
 -0.99994309558021077
 -0.85364049424972288
 -0.32625967769526004
 0.35063314737503665
 0.78048430577675221
 0.99988395123660889
 0.8512529665268137
 0.32193945930560336
 -0.35490626986012647
 -0.78333115921436058
 -0.99980395440413061
 -0.75810582758173006
 -0.1689975465227028
 0.49755567898470887
 0.93609865989502394
 0.94566435559940187
 0.52186918309512553
 -0.14107815892716888
 -0.62781543718359556
 -0.9376951805861069
 -0.98342331467676902
 -0.64258870869742002
 -0.15998855098596032
 0.50545745710063528
 0.87580690915030124
 0.98258500433542573
 0.74910065255297842
 0.15547900140922769
 -0.509392575397842
 -0.87800195033943063
 -0.98172620227317298
 -0.74606759889611551
 -0.30023946390148659
 0.23016704923830103
 0.79731920643367349
 0.99387206381583204
 0.91044811152414251
 0.43836165735905963
 -0.083321268984552388
 -0.69900780262412576
 -0.96649421867844976
 -0.90854972200353745
 -0.43425253739356928
 0.087871226153273418
 0.5852413956952025
 0.96765636088201856
 0.96045472696749501
 0.68269004969697578
 0.060809116983152368
 -0.58893824801691086
 -0.9687983227001733
 -0.95917317570695038
 -0.55924348713722538
 -0.056250228351296921
 0.59262281808500161
 0.92133642208986943
 0.95787162097705481
 0.67598778716342178
 0.20367611970904997
 -0.32601173556565088
 -0.8535038514756933
 -0.98986864202460945
 -0.77778605465602391
 -0.19920301606094334
 0.47066694847015184
 0.92484871853944095
 0.98920991118715429
 0.66922913426856767
 0.042566904316534378
 -0.4746912950254723
 -0.92657595352213129
 -0.95384720949172808
 -0.66582883744112153
 -0.19024443905519753
 0.33893240150115228
 0.860562501651286
 0.9999961643602806
 0.85772783948271503
 0.33371568541195351
 -0.19567974137969191
 -0.77552208599333883
 -0.98935194803207749
 -0.92447833088141018
 -0.59917633153129735
 0.04810061880376932
 0.67333494291237483
 0.99000628298972737
 0.85299658942327106
 0.32509202879037347
 -0.20462832907820289
 -0.78125578834147202
 -0.99986437470970757
 -0.85060425588363664
 -0.46172630843791007
 0.20909626830340569
 0.78409822979723109
 0.99125300021650498
 0.84819418306959704
 0.45767072341707316
 -0.21355984684494758
 -0.78692431895571124
 -0.9996722530126475
 -0.75430961863744106
 -0.16327648362920538
 0.5025798571863066
 0.93812356967355703
 0.98319863295447774
 0.64164196467474266
 0.0060459607215172474
 -0.63232066979907131
 -0.98091954833887085
 -0.94224235021670077
 -0.63813259114658893
 -0.0014792755109328095
 0.5104549277021273
 0.87859241165578594
 0.99922771763834428
 0.83837750983358095
 0.29906123418645231
 -0.23136869382886627
 -0.69662135093078159
 -0.99400781605094846
 -0.83587950193743465
 -0.43725132659997279
 0.084551888970616357
 0.69989041958487663
 0.99449663319225301
 0.83336406185027223
 0.43313974907902392
 -0.089101359923037027
 -0.70314489208791719
 -0.96796717331094617
 -0.9061106297105701
 -0.42901913846794526
 0.093648972674699113
 0.58993588089067583
 0.96910367364021632
 0.95882316854271554
 0.55821925975154996
 0.055017162925071701
 -0.59361711625913305
 -0.92181583720699822
 -0.99033620859227778
 -0.67507720063547971
 -0.20246687372753197
 0.32717899269765544
 0.76465753306271111
 0.98672970031970908
 0.86406943966609229
 0.4847748679069947
 -0.18344064817265887
 -0.66064556209724501
 -0.98746091400676894
 -0.86176167500221723
 -0.48077559422967447
 0.18792794758620526
 0.77051148493708665
 0.99999984205834835
 0.85943593837696164
 0.47676629402108173
 -0.040209878126289261
 -0.66747436862954301
 -0.95450783195983091
 -0.97265351050344262
 -0.71679971094190253
 -0.25902123359623186
 0.27172431995601209
 0.82249020627722469
 0.99770057115957789
 0.89185562410311559
 0.53477221143632692
 -0.12601701851596336
 -0.61591429094295513
 -0.93230661792593683
 -0.94906737002852937
 -0.53090778593700405
 -0.022476508495481912
 0.61950557935190098
 0.97759256833212316
 0.88768724200696714
 0.3909896837275314
 -0.13507226835580494
 -0.62308394802830314
 -0.97854369340411895
 -0.94615012161663581
 -0.64722315768840744
 -0.16597144449530166
 0.50021587916838484
 0.8728639727838754
 0.99962360723391863
 0.84478620458292519
 0.45196993621406401
 -0.068167649874410111
 -0.68805960798840127
 -0.96248175678768133
 -0.91479369043480918
 -0.57924634576443579
 -0.080523528307652692
 0.57285131597583161
 0.91160563668947248
 0.99355785265223451
 0.7956217731899673
 0.22743433812111521
 -0.4449773300437953
 -0.91347334786286249
 -0.96336037320867463
 -0.69041926913453366
 -0.071416512219100281
 0.58031363000642855
 0.96610880593672932
 0.96212549010061099
 0.56802461131976778
 -0.086379658688501032
 -0.58402667228351934
 -0.96727755929629
 -0.96087054195295962
 -0.56426023670636294
 -0.062303538622137125
 0.5877275347374693
 0.96842614017032003
 0.90533304465219033
 0.56048409449701031
 0.057745055301892521
 -0.46126094313928362
 -0.85032831870432257
 -0.99985559799969492
 -0.78158312069830338
 -0.20514176692661742
 0.46530800927823351
 0.92252538257895755
 0.99008012278011326
 0.77872625473123713
 0.34800281151606666
 -0.32891195782272448
 -0.85509928273339597
 -0.99996910253138693
 -0.8631445581430458
 -0.34371792593314032
 0.18524369092832746
 0.66202159170945685
 0.9523059789588959
 0.92847880871813848
 0.60765343796048421
 0.11565022938906054
 -0.40893200362750154
 -0.8965306462350312
 -0.99693837014674846
 -0.71870216652800389
 -0.26165925596843598
 0.41309515457527518
 0.82093309710364448
 0.99657089777049301
 0.81386045126370754
 0.40188301863227083
 -0.27348932174976931
 -0.72718478695228606
 -0.997823225944791
 -0.81119843305825856
 -0.25283322809198039
 0.42139552464273106
 0.90251524314443954
 0.995773610928675
 0.80851949738323936
 0.39350296080787661
 -0.28226302332939512
 -0.73342394586459891
 -0.9779770926331931
 -0.88684106715721245
 -0.52547237649733447
