# Created by Octave 8.4.0, Thu Dec 11 09:16:06 2025 IST <gamana@Samsung>
# name: iq
# type: matrix
# rows: 2048
# columns: 1
 0.99706007033948296
 0.8958330830115131
 0.54224716769547932
 0.035908561572159783
 -0.60890133064396568
 -0.97467563508643473
 -0.95182505386520067
 -0.53840448048633571
 -0.031344426666491253
 0.48454544831307755
 0.86393738386991581
 0.99995550774600939
 0.7648265315825612
 0.32742682899836506
 -0.20221001589228241
 -0.77971163284007661
 -0.9902997991842033
 -0.9219174737612722
 -0.46391580451806957
 0.20668027481499857
 0.78256289391760381
 0.99092400356524601
 0.84949989429398942
 0.31878331613078459
 -0.35801914740060525
 -0.78539783471713998
 -0.99973243577145421
 -0.84708169348121221
 -0.31445154230134043
 0.21560776862847272
 0.78821639611625471
 0.99961637728604458
 0.75293139567673473
 0.31011321061357677
 -0.36653212183670031
 -0.79101851933410983
 -0.99947947189198894
 -0.84219234522037123
 -0.30576841154300655
 0.22451727661408843
 0.69155575910797984
 0.9932140410785969
 0.91283249357463192
 0.4435688105502032
 -0.22896505360363265
 -0.79657321781796253
 -0.99914313223323781
 -0.8372327419467338
 -0.43947131954170243
 0.23340805554780536
 0.69812411955698905
 0.99423482618450487
 0.834726723741544
 0.43536466339879998
 -0.23784618978820501
 -0.80206146680018797
 -0.99471412193617259
 -0.90715275704229548
 -0.43124892776542673
 0.091189587921087126
 0.5879397169116356
 0.91906542379149492
 0.99128758100646241
 0.78426098528443078
 0.35630566381819206
 -0.17202205632633658
 -0.65189063542320946
 -0.94811962245698522
 -0.97726040292067717
 -0.73110392955089265
 -0.27899323612809723
 0.25171070789058819
 0.81051952955911122
 0.99608070785101932
 0.82418973826910924
 0.2746049511819631
 -0.40082051008727831
 -0.81318585042005176
 -0.9975927809538645
 -0.72484208350577484
 -0.27021093937455071
 0.40500014806224366
 0.89461555903131029
 0.97426376220703059
 0.72168845298289652
 0.11538970234524717
 -0.54378762121797686
 -0.89664680196432855
 -0.99691782759704184
 -0.71851977171296921
 -0.26140610184024543
 0.26934646894041164
 0.72422331303918408
 0.97508422786670002
 0.89297011361220469
 0.53685768197021277
 0.029510794185211624
 -0.48614937486377335
 -0.86485977345968701
 -0.98647320061060673
 -0.65602466714103314
 -0.17740248146386889
 0.49013503876520476
 0.86714330313380428
 0.9857143278662881
 0.76068700266561096
 0.17290636130483472
 -0.49411048094498033
 -0.86940874861318307
 -0.98493489813929835
 -0.75771473591924188
 -0.16840663519935209
 0.35973142613265052
 0.7865320410317943
 0.99176416681488366
 0.91761328397652675
 0.58496792371446682
 0.087535304603103034
 -0.56706950284859436
 -0.96180860780868604
 -0.96640760301753192
 -0.58125796803355856
 -0.08298521587512632
 0.43866472620209418
 0.91058754221140992
 0.99383473207418238
 0.69549253346794615
 0.078433396498033117
 -0.4427640257093759
 -0.91246554077811393
 -0.99331805066669221
 -0.69220395107927979
 -0.07387994139958845
 0.44685409141316507
 0.91432450995893599
 0.96279588184073128
 0.68890093284016052
 0.22094047744293438
 -0.45093483801550066
 -0.84416489419142116
 -0.99222255238622448
 -0.78876855654392963
 -0.21648432361859246
 0.45500618041280882
 0.84660422771807708
 0.99971126661039378
 0.78595322204321882
 0.35885725169557425
 -0.3179322687123336
 -0.84902590539055167
 -0.99104428369290198
 -0.78312149655954333
 -0.20755856471407064
 0.46312031316029723
 0.92156932342057896
 0.99042414088762409
 0.67554588354773948
 0.20308914577979487
 -0.32657842745172744
 -0.85381609152676541
 -0.99994663618800206
 -0.77740910920537365
 -0.34603634430327534
 0.33089133571998847
 0.85618450009160074
 0.98912190302467629
 0.66878354895063952
 0.041967936110490878
 -0.47521886452547285
 -0.85853505300654542
 -0.98843983512506073
 -0.66538142519188515
 -0.037404816318760435
 0.47923200562359664
 0.86086770125102496
 0.99999432420953505
 0.85741947795759588
 0.33315048880552711
 -0.1962676204535162
 -0.67039653886251627
 -0.95567269543164057
 -0.97173292160015401
 -0.59869625076160626
 0.048699420167262614
 0.55295926305115228
 0.95700731056670041
 0.97064466785397419
 0.71084844417378734
 0.099945520160762913
 -0.4232961049202259
 -0.82729391853123047
 -0.99824049707315343
 -0.88797966488985158
 -0.39157449206599887
 0.1344425905599955
 0.62258678294217984
 0.97841256309769253
 0.94635565148416922
 0.6477074493356495
 0.16659807147931871
 -0.36144249425195224
 -0.78766360041144112
 -0.99964083922039459
 -0.75352190530558161
 -0.16209344886943333
 0.36569669609986438
 0.79046895978453746
 0.99256369226162755
 0.91505018734590982
 0.44845964973260072
 -0.22364234870074773
 -0.6909070097649046
 -0.96354104640787885
 -0.9647426140393538
 -0.5760373117476536
 -0.076604434779631983
 0.57606916446769518
 0.9647528694319546
 0.91132818929290016
 0.57229837309841147
 -0.081195761801170066
 -0.57979598706790159
 -0.96594457262267019
 -0.90943866226183856
 -0.56854749921864145
 -0.067494761286094856
 0.4525714579813136
 0.84514690900176237
 0.99964188276285504
 0.87253467115035255
 0.36140616065792164
 -0.1666364945322362
 -0.75654178775331737
 -0.9997536648213502
 -0.78481766561972999
 -0.35714435702152109
 0.1711376127035914
 0.65120959186310456
 0.98541032809912954
 0.86803617648167908
 0.35287510517200593
 -0.1756351618155684
 -0.76248292226100611
 -0.98617728521833581
 -0.86575975137549621
 -0.34859849414428834
 0.32831177465123523
 0.76542966813970337
 0.99996390521556577
 0.7762539210985151
 0.34431461312667594
 -0.18461917775397735
 -0.76836045105227757
 -0.99999227854816175
 -0.77336688246613405
 -0.34002355145909097
 0.18910545721954594
 0.6649628784053786
 0.95349821657310452
 0.927011630027469
 0.60452654479767098
 0.11174447715168292
 -0.41251635255096947
 -0.82057006009937994
 -0.99746666412841634
 -0.81422953579564561
 -0.40246483547342121
 0.2728780197889436
 0.82317158576534022
 0.99623791357870883
 0.7127674959659509
 0.10266370251137813
 -0.42081914267924664
 -0.90224138893712413
 -0.97020180877802364
 -0.70955697453770561
 -0.098120056271630993
 0.42495741676912124
 0.82832308169498958
 0.99540486435650744
 0.70633165536328146
 0.24460232913425128
 -0.28603222367582692
 -0.73609062150147797
 -0.99859960296641448
 -0.88501768945102288
 -0.52212357749623084
 0.14078288242199291
 0.62758326021428712
 0.937591508117257
 0.94426787605151563
 0.51822332755886968
 0.007579156399447378
 -0.50520008637124525
 -0.87566291480781422
 -0.98264038014960697
 -0.63931231609601769
 -0.0030125029018574635
 0.63466782216768436
 0.94072840847183858
 0.98178291586250066
 0.63579409428747191
 0.15126103753606987
 -0.51306108690093866
 -0.88003707807898368
 -0.99910392432213546
 -0.74321856505431882
 -0.29616520348346187
 0.38011061459907602
 0.88219665278495163
 0.99890022348249063
 0.83421053650119825
 0.29180028695165083
 -0.38433058445293944
 -0.8843378293599633
 -0.9790877467046103
 -0.73707693247992045
 -0.13770473754745091
 0.38854253912744019
 0.88646056314994948
 0.99843033056584207
 0.73398302658285619
 0.13318010153099763
 -0.52865403833390945
 -0.88856480988550313
 -0.97718884210939361
 -0.73087381353651881
 -0.27866938929790458
 0.39694205174748343
 0.89065052568276315
 0.99787714938844085
 0.82399871852646989
 0.2742806783315328
 -0.40112943452200633
 -0.81338206817485037
 -0.99756933985126051
 -0.82140266898159908
 -0.26988624726652932
 0.40530845177862374
 0.81603017562444879
 0.99724072609621539
 0.72145498151342724
 0.2654861877484091
 -0.26527087964301094
 -0.81866126483892543
 -0.99722412327535703
 -0.89486588660375632
 -0.54042118413959839
 0.11936819089927433
 0.72445580781615626
 0.97515897982580757
 0.95115687533519111
 0.53657314727135219
 -0.12390100013857708
 -0.72759618081039457
 -0.97616036467522127
 -0.89075204234264915
 -0.53271392021889008
 0.1284312254337609
 0.73072137985246688
 0.97714139178899262
 0.88866723383728807
 0.39295175212837735
 -0.1329587723074456
 -0.73383133976659254
 -0.97810204070790241
 -0.94683839586884899
