# Created by Octave 8.4.0, Thu Dec 11 09:16:06 2025 IST <gamana@Samsung>
# name: iq
# type: matrix
# rows: 2048
# columns: 1
 0.99706007033948296
 0.71979445629436789
 0.11267528621267162
 -0.41166286191191009
 -0.89785314323009247
 -0.99669975492155383
 -0.71661680183738552
 -0.10813648706951674
 0.41582037352034329
 0.82263935911185238
 0.99631865342087256
 0.71342420240216764
 0.25435403320662997
 -0.27636844752632383
 -0.82522724334078956
 -0.99591677378527643
 -0.710216724570086
 -0.099052217956670074
 0.55750403353697353
 0.95857806179479299
 0.92037337700240041
 0.59063151170131145
 -0.058716099949635919
 -0.6811564268950393
 -0.99144949059920529
 -0.84740015524068646
 -0.31502057900881997
 0.3617205678104487
 0.8726993715879271
 0.99963280183650383
 0.84496660483630381
 0.31068310305869751
 -0.36597427427218027
 -0.87492000179672103
 -0.98292422259457279
 -0.75031465545842113
 -0.1572909121528088
 0.37022034837370582
 0.79343940089101905
 0.99314413982746996
 0.84004669004139421
 0.44410603043884272
 -0.076940660499172919
 -0.69441592225238924
 -0.99366761431796047
 -0.91120536368867255
 -0.44000974894806411
 0.081493026630829843
 0.69769476321970259
 0.96602170240438701
 0.90931459676141035
 0.43590429109398116
 -0.23726384717635296
 -0.7009590538261754
 -0.99465238427089475
 -0.83253555515828159
 -0.28890034813315035
 0.24169767759665903
 0.80442453577585094
 0.99511365919605155
 0.90547621171446713
 0.56076333730312433
 0.058081710296607025
 -0.46096171270085173
 -0.85015080695475087
 -0.99075723812089034
 -0.67733850237256721
 -0.053522108383987854
 0.59482136777734718
 0.97058155067745011
 0.90156229256511944
 0.55317778038844045
 -0.10422746684268504
 -0.71386935569545051
 -0.99637292962711677
 -0.82227788557542325
 -0.27136515109077158
 0.40390358431741602
 0.89407915539517679
 0.99735359228657894
 0.72251790892291912
 0.2669669747278347
 -0.40807700206854813
 -0.81777807867994523
 -0.99710856150388383
 -0.81704594477612835
 -0.40691636359691996
 0.1178428056668413
 0.60940529502096696
 0.97481754515344721
 0.89350916421702653
 0.40274059281794244
 -0.27258818954079106
 -0.82300050044391804
 -0.99626397487379925
 -0.81174584665667859
 -0.25373940768005926
 0.4205458456135841
 0.90211143923355397
 0.97027475728671442
 0.70976921809370142
 0.098419848900756127
 -0.55803147524699204
 -0.90407258028164894
 -0.99543366566765779
 -0.70654487300629731
 -0.24489441782848195
 0.42881470021768864
 0.90601486697828981
 0.99498736710943547
 0.70330579298981777
 0.24046421588398847
 -0.29011686860415925
 -0.73897114109952011
 -0.97965497591123873
 -0.8830238229112215
 -0.51848094733506178
 0.14500457767784947
 0.74204019442823377
 0.99902790623321591
 0.79820032845219147
 0.23158885991297906
 -0.2988452712272604
 -0.74509377257618103
 -0.98144707216966398
 -0.87870046987263228
 -0.51064952198229419
 0.15403531545940144
 0.74813181186125777
 0.98231242755160042
 0.87651128288918267
 0.50671779409502227
 -0.0058196519555612173
 -0.51671768419502473
 -0.94368721133921185
 -0.93820191791004059
 -0.50277549865423377
 0.010386219569572136
 0.64496502239690812
 0.98398166258675568
 0.93661165113456923
 0.62539526394140865
 0.13800311212198571
 -0.5245156740276754
 -0.88632110283631971
 -0.9782110819064348
 -0.73418759308442771
 -0.13347866264311337
 0.52839830145396482
 0.88842657045478468
 0.97725277506215757
 0.61824237828697004
 -0.024084241872780097
 -0.6553739989993248
 -0.94957283366233869
 -0.93172378779885434
 -0.61464655801608759
 0.028649371715106869
 0.65881641853285855
 0.9509948067909697
 0.97527504023077227
 0.61103791934713192
 0.11988898981049692
 -0.40503303598691809
 -0.81585601286574738
 -0.99726304439504687
 -0.72166355326915388
 -0.11535397230273702
 0.54381780791275292
 0.89666272708337202
 0.99691500498546315
 0.81633326735018108
 0.26137138215720318
 -0.26938110966468382
 -0.72424811640638931
 -0.99753265043221573
 -0.81368711193481091
 -0.40160989296164668
 0.12360206503732361
 0.61399494209203975
 0.93142356016275163
 0.9498314418179753
 0.53296884315862658
 0.02490981074519789
 -0.61759308592218221
 -0.93307584100640717
 -0.98570826891097341
 -0.76066365321370921
 -0.17287093272879953
 0.35550030419832296
 0.86942652071316784
 0.99979116993674422
 0.75769126175811474
 0.31700989307908162
 -0.3597649881427738
 -0.78655425392458278
 -0.99968742098075281
 -0.84608613658067455
 -0.45413979163061846
 0.21743384984906175
 0.68629133941743792
 0.96181845306282432
 0.96639835752710879
 0.58122869797873344
 0.082949369652468824
 -0.57085458171187231
 -0.96305827746042616
 -0.91393015311384551
 -0.57750652504275102
 -0.078397537020469157
 0.44279627771178393
 0.91248025753890827
 0.99331389873283826
 0.69217799084072595
 0.22535697877023961
 -0.30494778563713076
 -0.84172737665922182
 -0.99945129846568637
 -0.79154546007749638
 -0.36733379686858686
 0.30929379500995663
 0.84418417670030432
 0.99221807429387854
 0.6855573610751643
 0.21644920623506456
 -0.45503821119404869
 -0.84662337135716437
 -0.99971213028545058
 -0.87117891489750021
 -0.35882367711440522
 0.3179663723725924
 0.75834914455383284
 0.98510263602475268
 0.86892773498615949
 0.35455734797567179
 -0.17386432407647334
 -0.7613180374972367
 -0.99988956691775099
 -0.7802509414703559
 -0.20305392502080796
 0.46719473783917909
 0.92334638412697145
 0.98977821361547547
 0.6721450926597492
 0.046494249356239692
 -0.60046308408663684
 -0.92509022498049898
 -0.9891166112298605
 -0.77450581338902247
 -0.19410240898735903
 0.33523123234859892
 0.77012920700967546
 0.98807942122423364
 0.92768463095538856
 0.60595823391902881
 -0.039610851809863908
 -0.54535639547925485
 -0.89747336933524535
 -0.97279257706834643
 -0.60231911715031505
 -0.10899318029827681
 0.54917854097095864
 0.89947824164676637
 0.99639216196324176
 0.71402781945683991
 0.10445254430529899
 -0.41918695266203876
 -0.82474019895780748
 -0.99796160082336238
 -0.80994942734813913
 -0.39573941326269363
 0.27992717644922605
 0.73176722055036192
 0.99824262928657892
 0.88796312222442753
 0.39154139392700543
 -0.28430839191232327
 -0.73487204951963647
 -0.97841999611775887
 -0.88585356816572791
 -0.38733520903117857
 0.28868367814973406
 0.83241016300009274
 0.99467573224387973
 0.70112044247044591
 0.086269164465292605
 -0.4357006000363875
 -0.83493216873563958
 -0.99419474167923427
 -0.69785687470828972
 -0.081718584555200383
 0.57186812642707308
 0.91111211027294425
 0.96489078019203434
 0.6945787532044726
 0.2286017604034839
 -0.4439032486745963
 -0.91298481675354992
 -0.99317056949058025
 -0.69128614632389973
 -0.072612406971510488
 0.44799072936945222
 0.84239350276754099
 0.99262740922558323
 0.79079014877531362
 0.21970075948765599
 -0.31046798176943508
 -0.75317694001589408
 -0.98371364343916834
 -0.93713519537574463
 -0.50011984057062497
 0.16608081347385717
 0.75617314737950159
 0.99974099855076903
 0.87057191880125973
 0.35767066851744866
 -0.17058236556231213
 -0.75915358482092177
 -0.99983450381207861
 -0.86831583367136222
 -0.35340233096551121
 0.17508036017107351
 0.76211819018334714
 0.98608375471180088
 0.86604163989372962
 0.48820953511299425
 -0.027152693583766686
 -0.53486592519085507
 -0.95053077758514126
 -0.93060467152328996
 -0.48421895955322453
 0.031717432327392985
 0.53871892620914363
 0.95193942353251981
 0.97459211294156811
 0.72269921399082238
 0.26721972914681169
 -0.40783753743386086
 -0.89599886333126233
 -0.99703140555652559
 -0.81719714184640257
 -0.26281630249254145
 0.41200293591187848
 0.82024784439729825
 0.99666939121783504
 0.71635646334053027
 0.25840739482815506
 -0.27233582962657571
 -0.72636121532247189
 -0.99774343953291222
 -0.89156800623508348
 -0.53423513016281687
 -0.026406578837896964
 0.61641480149779482
 0.97675746518097772
 0.94886695751352801
 0.65367771669768138
 0.1743454575407879
 -0.35410045191432565
 -0.78279517765024942
 -0.99097410014976495
 -0.84930294363803938
 -0.31842957299204655
 0.21151098616212829
 0.78562878214341858
 0.9997237337577165
