# Created by Octave 8.4.0, Thu Dec 11 09:16:06 2025 IST <gamana@Samsung>
# name: iq
# type: matrix
# rows: 2048
# columns: 1
 0.99706007033948296
 0.81741217677477895
 0.2631763561998442
 -0.26757933088703667
 -0.82003431881388944
 -0.99739959216031482
 -0.89379434027545168
 -0.40332217000396425
 0.27197672523161615
 0.72610466550790553
 0.9977183133033527
 0.89173695753970295
 0.5345505649007124
 0.026779638075654512
 -0.48853519495787168
 -0.86622816469789188
 -0.99990200276958874
 -0.85190037886372305
 -0.46391580451806957
 0.054755275299491701
 0.55800162607063519
 0.95874864621098477
 0.96916833338707042
 0.70657032754456051
 0.093910099777458012
 -0.42878220469788947
 -0.83068524656400522
 -0.99858170584926753
 -0.80369027773976986
 -0.24049913052813435
 0.29008244521409926
 0.73894690613814729
 0.99881442798605458
 0.8009644889521762
 0.38177074593872068
 -0.14496898751574733
 -0.74201608110504058
 -0.99902631993877522
 -0.88088835778813113
 -0.37754595515819683
 0.2988109445787136
 0.74506978139404401
 0.98144017484354107
 0.87871764054369417
 0.51068044846592586
 -0.1539997744139284
 -0.74810794332050845
 -0.98230569151471603
 -0.93978491259906771
 -0.50674880414080337
 0.0057836823226367819
 0.51668688773089189
 0.94367531037086794
 0.93821436618430221
 0.62898014459081497
 -0.010350251264736661
 -0.52059139660806109
 -0.88418034830145964
 -0.97915629473220078
 -0.62542333140588668
 0.014916604353269872
 0.64842084563481195
 0.98477925608846884
 0.86985197422915883
 0.35630566381819206
 -0.32052155160483159
 -0.76010394507765244
 -0.98556272514868337
 -0.86759008943263682
 -0.49091736807458636
 0.17651889277400565
 0.65534683009168626
 0.98632564038788906
 0.8653101111236956
 0.34775691095553296
 -0.3291596362235587
 -0.85523523768182264
 -0.99997112992048121
 -0.77568764392683509
 -0.34347161125692577
 0.3334684266427943
 0.76893472152711884
 0.98778974619014315
 0.86069606453987113
 0.47893600348116838
 -0.18998693966562338
 -0.66563312401798547
 -0.98849090621939795
 -0.92667456830169237
 -0.60381116136497703
 -0.1108522977199087
 0.41333399829856854
 0.82108283884711719
 0.99654916134521687
 0.81370802101913009
 0.2569954597374593
 -0.4174880367582457
 -0.90065314739641111
 -0.99615971215125476
 -0.81104502967743974
 -0.39745647397782563
 0.12809678987676251
 0.73049112569938079
 0.99813004161283114
 0.80836512406540517
 0.24815818877633955
 -0.28251463140679067
 -0.73360221314005569
 -0.97803180066825379
 -0.88671984235211354
 -0.38905897338469098
 0.28689235719527861
 0.73669800137329189
 0.99864669548498619
 0.80295479393864755
 0.38484800857883378
 -0.14167164154906572
 -0.62828195559010802
 -0.93790331511077729
 -0.98331443318542888
 -0.6421292465344145
 -0.15939674058782213
 0.36823831622717579
 0.87609610931798187
 0.99941860753662914
 0.74870337284051514
 0.15488675998232163
 -0.37248028622255525
 -0.79491849299250317
 -0.99342572139859497
 -0.91208187615920255
 -0.44192392822442306
 0.23075041581171793
 0.79768089846240808
 0.9990655247378426
 0.83622815318000376
 0.29530760337493717
 -0.2351914734962077
 -0.6994363906929727
 -0.99442985469023693
 -0.90829909993624047
 -0.56629770197952101
 -0.064768503918316747
 0.58572740375838628
 0.91798520548608953
 0.96028763077360757
 0.56252791462795315
 -0.093016272330551625
 -0.70593475145094076
 -0.96894673588189228
 -0.95900345199133619
 -0.55874639580788033
 -0.055651663500177161
 0.59310560008093594
 0.92156932342057896
 0.95769927327928239
 0.55495322438255723
 0.051091454836268826
 -0.596776182900982
 -0.92333257210777409
 -0.95637512183597873
 -0.55114847945818168
 0.106647885100269
 0.60043432000801411
 0.92507656477813749
 0.95503102527647488
 0.54733224038238693
 0.041967936110490878
 -0.60407993511190405
 -0.97330167495113762
 -0.95366701163178647
 -0.66538142519188515
 -0.037404816318760435
 0.60771295218366916
 0.97433972013122938
 0.95228310934829397
 0.66196542496401622
 0.032840916452987139
 -0.61133329545709125
 -0.9753574455450581
 -0.95087934728715373
 -0.53581535530827096
 -0.028276331692887669
 0.48722822131491544
 0.93185925391478641
 0.94945575472370036
 0.65509208035033761
 0.17618695705555892
 -0.49121112914774684
 -0.86775773336314854
 -0.99985432172435307
 -0.7598847751608806
 -0.1716898524875731
 0.49518379281713676
 0.93513413588735561
 0.98472058781311855
 0.64816408847853257
 0.01457942004615246
 -0.62568642452632262
 -0.93674234064043382
 -0.98391506537880058
 -0.64467978024642647
 -0.16268499548422688
 0.50309805648286454
 0.87448489466216361
 0.99952665500974269
 0.75090784312405601
 0.30719361949593094
 -0.2230579892443621
 -0.79289266197034569
 -0.99937573922465328
 -0.84053339739696464
 -0.44491021868367014
 0.22750731161019144
 0.69376963989668572
 0.99356634228954255
 0.9115748296758901
 0.57278989074160702
 -0.080598222732407257
 -0.69705133323988455
 -0.99407316861236728
 -0.90968779540689537
 -0.43671209054113685
 0.08514923093521945
 0.7003184896409369
 0.99455926362965252
 0.8330325515970789
 0.43259932229274561
 -0.24082644017776364
 -0.80389089465875141
 -0.99856369517541654
 -0.83049745413946297
 -0.28538589488842303
 0.3905068220229197
 0.80659868263811108
 0.99830861010480987
 0.82794503673297959
 0.28100613039472744
 -0.39470685938945244
 -0.80928964907531076
 -0.99589306163665337
 -0.82537535260802997
 -0.27662050554376355
 0.2541003676522241
 0.81196373785045661
 0.99629613438374887
 0.89996885312693931
 0.55011758475158845
 0.04529650493705354
 -0.47228473929239162
 -0.92554488003732771
 -0.98893948579507385
 -0.66786488579440773
 -0.040734014305628702
 0.60506365761878733
 0.97358439673447417
 0.95329472382463132
 0.66445900241171152
 0.18844314139406976
 -0.48031556574649814
 -0.86149543713703836
 -0.9875435880617639
 -0.66103926179696526
 -0.031606579698358631
 0.61231015769750341
 0.93064526108400769
 0.95049632027062791
 0.53477221143632692
 0.027041826074332108
 -0.61591429094295513
 -0.93230661792593683
 -0.98606531023106403
 -0.76204637929906172
 -0.3233566452854974
 0.20642364779482933
 0.67805376596341482
 0.99088871254122568
 0.84963824263651433
 0.31903190422298738
 -0.35777423772728167
 -0.78523545681431273
 -0.99973846832989566
 -0.84722105796878744
 -0.31470050977912667
 0.36203493382883944
 0.78805496053472135
 0.99207748702807963
 0.84478620458292519
 0.45196993621406401
 -0.21980895658447358
 -0.68805960798840127
 -0.96248175678768133
 -0.91479369043480918
 -0.44789157041556454
 0.072723021987780773
 0.6913662822677682
 0.99318350320331317
 0.83986369513887471
 0.30166731015025761
 -0.22870973038454406
 -0.79641462932165763
 -0.99370544782199999
 -0.91106639288515368
 -0.43970690185345124
 0.23315300908548614
 0.69793630702392573
 0.99420666880394015
 0.90917422426779237
 0.56802461131976778
 0.066860722607749459
 -0.58402667228351934
 -0.96727755929629
 -0.90726309490466162
 -0.56426023670636294
 0.090928394588826081
 0.5877275347374693
 0.96842614017032003
 0.90533304465219033
 0.56048409449701031
 -0.095475234185722443
 -0.70768200929684
 -0.99558588756232258
 -0.82725181834082195
 -0.42322821055179527
 0.10002008265532036
 0.71090114945891436
 0.99600411379319209
 0.8246774739692172
 0.41908625650456766
 -0.25529461712429846
 -0.8126839849710944
 -0.99765217058657929
 -0.72543551228183079
 -0.1207802233251128
 0.40421205162844998
 0.81533655147607031
 0.99732901840245536
 0.81947724355123819
 0.26664197777726245
 -0.26411463704382998
 -0.72046934828005249
 -0.97386563363520129
 -0.89540040259902232
 -0.54142963429734614
 -0.034936476854929815
 0.60967262901388219
 0.97489269133026779
 0.95152633483001159
 0.53758454875979766
 0.030372194738322415
 -0.48539609972578496
 -0.86442682365432499
 -0.999945859213213
 -0.8537770782998112
 -0.46709667495756185
 0.05116629481860268
 0.5550155623611589
 0.90251524314443954
 0.97004763859141163
 0.59304526398535662
 0.097487628719073738
 -0.55880854320983553
 -0.90447252011329171
 -0.99534381309045672
 -0.70588167261913093
 -0.24398610906956891
 0.42966074223207928
