# Created by Octave 8.4.0, Thu Dec 11 09:16:06 2025 IST <gamana@Samsung>
# name: iq
# type: matrix
# rows: 2048
# columns: 1
 0.99706007033948296
 0.71979445629436789
 0.2631763561998442
 -0.41166286191191009
 -0.89785314323009247
 -0.99669975492155383
 -0.81477298767905471
 -0.40332217000396425
 0.27197672523161615
 0.82263935911185238
 0.9977183133033527
 0.81211680656676566
 0.25435403320662997
 -0.41996921323270014
 -0.9018370479926181
 -0.9704283499248888
 -0.710216724570086
 -0.24993486888935224
 0.42410929452530416
 0.90380080945259256
 0.96931587672916597
 0.59063151170131145
 0.094506937438585861
 -0.42824053105714127
 -0.83035132807013867
 -0.99505071406714374
 -0.7037574015908532
 -0.08995968598691377
 0.56506302386814056
 0.90767174576048582
 0.96703030897644238
 0.70050569115229744
 0.085410558434171072
 -0.56882488187623792
 -0.96239019836420125
 -0.91492984919274301
 -0.57952119936716195
 -0.08085964965199921
 0.44058031145546378
 0.83790744708233544
 0.99359601208065884
 0.795826014291943
 0.22776270875812374
 -0.44467530925009219
 -0.84039127412617853
 -0.99306965479367471
 -0.69066317872013372
 -0.22331365638335027
 0.44876103338158679
 0.84285757488642232
 0.99252258712934649
 0.68735344227596562
 0.067197185190656955
 -0.58375290518547418
 -0.91701713273622421
 -0.96096389680019023
 -0.68402937113825946
 -0.21440167295751505
 0.45690432002071296
 0.91882899113769867
 0.95969038861323452
 0.68069103463022174
 0.20993892776505721
 -0.31995361916473464
 -0.75971424992675674
 -0.99984981054348077
 -0.86788805486487475
 -0.35259602275589552
 0.17592877097638684
 0.76267586066973059
 0.99991852928111491
 0.86561044910871676
 0.34831893420021354
 -0.1804224147503094
 -0.65833821591201358
 -0.95079812180511336
 -0.93028888966230661
 -0.61154083816441651
 0.032578773816362379
 0.539444769141321
 0.95220302359858278
 0.9743987219147211
 0.72210331071667855
 0.26638918140600432
 -0.40862424436305445
 -0.81812296642813798
 -0.9969646812229912
 -0.81670014042814298
 -0.40636866435859498
 0.11843811123967478
 0.72380978565701937
 0.99748783614430614
 0.81405635073808913
 0.25757478171841441
 -0.4169432030477333
 -0.90039247786769683
 -0.9712272096662482
 -0.59698662027215366
 0.050829512641400787
 0.67535247435899426
 0.99038789654722414
 0.85156740657198415
 0.32250698795280197
 -0.2073019864333841
 -0.7829583640356752
 -0.99100922600826868
 -0.91988974850086858
 -0.45930103040332332
 0.059948902360856322
 0.56231104540088572
 0.96021441765734661
 0.91808919917908804
 0.45523972468607232
 -0.064506769417215074
 -0.68539258362582312
 -0.96147972065093112
 -0.96671507045462812
 -0.6996238189346462
 -0.084180028237785337
 0.56984016634588963
 0.91009131831587664
 0.99396695366690557
 0.79783904858190768
 0.2310056126214613
 -0.44168863140895431
 -0.83858087426586858
 -0.99345571300162749
 -0.79507759699523661
 -0.22656001653555566
 0.3037713983630882
 0.74852947834240957
 0.98242450771086454
 0.87622253538456674
 0.36848215629705672
 -0.30811913652456402
 -0.75154986251153877
 -0.98326668640036863
 -0.93799426797162899
 -0.62848598639690056
 -0.141931274197549
 0.52113386311773913
 0.88447702880257373
 0.97902702699783795
 0.73687533753128009
 0.2871436046763976
 -0.2434773626005656
 -0.70551000982053125
 -0.99529311415500421
 -0.82897243756720596
 -0.42600721445523398
 0.096965548000683841
 0.59262281808500161
 0.96992008031741128
 0.9027410274486326
 0.42187118343784913
 -0.25232567056790139
 -0.81089157050291494
 -0.99613671377553947
 -0.82382969408846374
 -0.2739938510167535
 0.25674197731389409
 0.81355553479764497
 0.99754851296243552
 0.82123252410635128
 0.26959904955817621
 -0.26115292972931092
 -0.8162025324656873
 -0.99721854071469085
 -0.81861822739462087
 -0.26519862563593694
 0.26555843582412669
 0.72150687115320833
 0.99724628636823809
 0.89473272591303799
 0.40523994382358991
 -0.26995840372191243
 -0.8214454074650902
 -0.99649621282851231
 -0.71489190435477024
 -0.25638127759757734
 0.27435274166173773
 0.72780075185382342
 0.97622505728464248
 0.89061644973602283
 0.39687326926709543
 -0.27874135800008448
 -0.73092495761217069
 -0.99816868423776495
 -0.80799086900373729
 -0.39267747318977064
 0.28312416121273076
 0.82918110175267723
 0.99525687875389923
 0.80529176356133636
 0.38847348785946451
 -0.28750105989676866
 -0.83172515286421833
 -0.99480224349196023
 -0.70200049996152902
 -0.238683157476864
 0.43458867450450844
 0.90870556934378455
 0.99432686171969897
 0.69874087967110676
 0.2342459522062188
 -0.29623677868468345
 -0.74326870013664503
 -0.99910709321684088
 -0.79709390842358185
 -0.22980386175754194
 0.44279627771178393
 0.83925302247024336
 0.99928961588829657
 0.79432796706929032
 0.37157741000626143
 -0.30494778563713076
 -0.84172737665922182
 -0.99277633864348791
 -0.79154546007749638
 -0.36733379686858686
 0.16035692393428203
 0.7523639750055382
 0.98349091491563567
 0.87341192645179322
 0.36308252301800925
 -0.31363335408881382
 -0.75536443630799988
 -0.99971213028545058
 -0.87117891489750021
 -0.49723192632059321
 0.1693653581618049
 0.75834914455383284
 0.99981127408820147
 0.86892773498615949
 0.35455734797567179
 -0.17386432407647334
 -0.65330788260348704
 -0.94871260618848463
 -0.93271256994566776
 -0.61679945874750275
 -0.12713204761900493
 0.39834885137739889
 0.81161365676743802
 0.99624440493583688
 0.90023004765829273
 0.41660396837504898
 -0.25793536291477787
 -0.71601546775071334
 -0.99662942810420063
 -0.8982322503103175
 -0.4124480866102142
 0.111818945495629
 0.60458623758386465
 0.92703973161485742
 0.95347562768427552
 0.54297105604711338
 -0.11635584548700217
 -0.72236142860321118
 -0.97448255748183354
 -0.8941805000132218
 -0.53913049674280444
 0.12089031888782699
 0.7255118448645036
 0.97549745364196949
 0.95068243680667319
 0.65805726073601745
 0.027641105913960573
 -0.61544188316722392
 -0.97649200589141216
 -0.94925608710775422
 -0.53141572791071234
 0.12995160770617539
 0.73176722055036192
 0.99824262928657892
 0.88796312222442753
 0.39154139392700543
 -0.13447823415134474
 -0.62261493107687904
 -0.93535909167438946
 -0.94634402792105321
 -0.52365662880302632
 0.13900205606516991
 0.62618201549604879
 0.93696457997385907
 0.98380134757385818
 0.75349825716331365
 0.16205795421785563
 -0.50364715031830654
 -0.87479295658324008
 -0.98297245168622671
 -0.75048801991438008
 -0.15754992491049469
 0.3699766894433123
 0.79327973525618889
 0.99935308682759982
 0.84018895336674537
 0.44434101396041331
 -0.22812607540270893
 -0.69422716638980897
 -0.99363811013704684
 -0.83770369636441011
 -0.29788254835190803
 0.37844648325968566
 0.88134834107030124
 0.99898293381570769
 0.74136365275471117
 0.14400649925114328
 -0.51934318233455534
 -0.94469826143564273
 -0.93713519537574463
 -0.6265628875523116
 0.013455460597118806
 0.52324031723198217
 0.94618601992062401
 0.97852083591811245
 0.62299719676952259
 0.13496237568132852
 -0.52712654000017511
 -0.94765404578221224
 -0.93390888641622483
 -0.49218992910733028
 0.17508036017107351
 0.65424237668371188
 0.98608375471180088
 0.93226650013630397
 0.48820953511299425
 -0.1795747034948168
 -0.65768928530242321
 -0.95053077758514126
 -0.97560483350051963
 -0.7258480145675128
 -0.12137531675140863
 0.40366363354108759
 0.89396164573534742
 0.97459211294156811
 0.72269921399082238
 0.26721972914681169
 -0.26353637325413143
 -0.81762709786077581
 -0.99708859626020208
 -0.89566717792756623
 -0.40715593603724126
 0.11758234614797786
 0.60919732066912191
 0.97475902148658577
 0.95171055163560181
 0.53808995977901553
 -0.12211614707923074
 -0.72636121532247189
 -0.99774343953291222
 -0.89156800623508348
 -0.53423513016281687
 -0.026406578837896964
 0.61641480149779482
 0.97675746518097772
 0.94886695751352801
 0.65367771669768138
 0.1743454575407879
 -0.35410045191432565
 -0.86868580620358304
 -0.98518654098922476
 -0.6502149407729344
 -0.0172753463236128
 0.62358086149604175
 0.93579518949575502
 0.94594420966769466
 0.52260411549241992
 0.012709142042689249
