# Created by Octave 8.4.0, Thu Dec 11 09:16:06 2025 IST <gamana@Samsung>
# name: iq
# type: matrix
# rows: 2048
# columns: 1
 0.99706007033948296
 0.8958330830115131
 0.40749676511192734
 -0.26757933088703667
 -0.82003431881388944
 -0.99669975492155383
 -0.81477298767905471
 -0.25876789299367536
 0.27197672523161615
 0.72610466550790553
 0.9756866937503218
 0.89173695753970295
 0.39913916364882279
 -0.27636844752632383
 -0.72923708866562187
 -0.97667740455693652
 -0.88966097771079677
 -0.39494783328271993
 0.28075440618218883
 0.82779791753061049
 0.99549412439592866
 0.70699443523279637
 0.094506937438585861
 -0.42824053105714127
 -0.83035132807013867
 -0.99505071406714374
 -0.7037574015908532
 -0.24108099541788655
 0.28950866682443271
 0.83288742170822871
 0.99878506466934591
 0.88332189054261379
 0.5190242297318719
 -0.14437579056859726
 -0.74161405106639489
 -0.98043636236127607
 -0.94306674230411036
 -0.64003232751865924
 -0.0039492221486906965
 0.50832944618280662
 0.8774101499200383
 0.98196046852828767
 0.63651683455885644
 0.15218691789985109
 -0.51225682209534928
 -0.94195336044907441
 -0.98108672759545423
 -0.6329880670983572
 0.0051841873744737305
 0.51617351493844721
 0.9434767811546485
 0.93842165869421512
 0.50332471182795113
 -0.0097507775814606734
 -0.64447925512746196
 -0.94498052573775193
 -0.9792778829548171
 -0.62589100331904679
 -0.13863247807766196
 0.38767924157623307
 0.80478052944019018
 0.99848235643527605
 0.82966251550724124
 0.42712419847488775
 -0.24670748503358705
 -0.70786729603693477
 -0.96961871794042342
 -0.90327160727240496
 -0.55647836159153252
 0.10028104696026842
 0.71108558651626785
 0.99602750333649714
 0.82452909748853165
 0.4188481031914722
 -0.10482368684166825
 -0.59896632268215722
 -0.92437830773569063
 -0.95557335273441868
 -0.54886662494658134
 -0.043800730362636646
 0.47360396434939761
 0.85759296924080952
 0.99999540351778604
 0.77279742987957578
 0.19145671714048751
 -0.3377702626083236
 -0.77184632306809275
 -0.98849090621939795
 -0.92667456830169237
 -0.60381116136497703
 -0.1108522977199087
 0.54761443469753268
 0.89865934540983339
 0.99654916134521687
 0.71533610577853302
 0.2569954597374593
 -0.27374159579893415
 -0.82368099394745231
 -0.99615971215125476
 -0.71213752157466126
 -0.10177064770085427
 0.55523372073924604
 0.90262816634349929
 0.96998389281815456
 0.70892408580754163
 0.24815818877633955
 -0.42576990720195163
 -0.82882571694540641
 -0.998398779306784
 -0.88671984235211354
 -0.38905897338469098
 0.28689235719527861
 0.73669800137329189
 0.9789735583027539
 0.88459937535560251
 0.38484800857883378
 -0.29126409986974627
 -0.83390129996400719
 -0.9943942548903667
 -0.80022448225587572
 -0.23486369851189498
 0.29562976825788428
 0.83641303144195311
 0.99390102147704307
 0.79747748196428803
 0.23042228230537098
 -0.29998927131410252
 -0.74589292680788943
 -0.9816762563472855
 -0.9409183725946465
 -0.63510089645229451
 0.002451968787792662
 0.63888119294273482
 0.98253623478184693
 0.93936212190982626
 0.5056837509888833
 -0.15972964099951256
 -0.6423877224089799
 -0.94408321150734609
 -0.97982756338423382
 -0.62801956676063164
 -0.14133781382581198
 0.38515923490199494
 0.88475658864781193
 0.97890471388091427
 0.73646992327589755
 0.28656929572213435
 -0.24405878165923398
 -0.70593475145094076
 -0.99535103343762399
 -0.82863699236744714
 -0.42546475484063667
 0.097562209492346161
 0.59310560008093594
 0.92156932342057896
 0.99042414088762409
 0.78027343914827174
 0.20308914577979487
 -0.46716293429097694
 -0.92333257210777409
 -0.98978334287695413
 -0.67217172528928704
 -0.046530180664730178
 0.60043432000801411
 0.92507656477813749
 0.95503102527647488
 0.54733224038238693
 0.041967936110490878
 -0.60407993511190405
 -0.92680126506087157
 -0.98843983512506073
 -0.66538142519188515
 -0.037404816318760435
 0.60771295218366916
 0.92850663698750324
 0.95228310934829397
 0.53966559836386452
 -0.12025948096078005
 -0.61133329545709125
 -0.93019264499265608
 -0.98701387251156136
 -0.76579026388864402
 -0.18068038726057722
 0.34807306442268504
 0.7787732659358052
 0.99009064908208233
 0.8526835451500393
 0.465241676691655
 -0.20521511058589292
 -0.78162986490910868
 -0.99072162615565063
 -0.85028888000473257
 -0.32020210376883135
 0.35662073253939414
 0.78447016306265849
 0.99133194181980266
 0.91893247106273235
 0.58766690383236808
 0.090853766772771322
 -0.56432210370605085
 -0.90729460854494737
 -0.96725854326979932
 -0.70114609033859421
 -0.086305000545913779
 0.43566822324319554
 0.83491237187186829
 0.99895914375123918
 0.88159605993130463
 0.37893198159176017
 -0.14800533499711871
 -0.74407029360156574
 -0.99915703246642684
 -0.79636930825928232
 -0.37470188890066913
 0.15252020218339782
 0.74711355698670412
 0.99933408385256284
 0.87724832130168195
 0.50803901515625172
 -0.15703188857470202
 -0.64029139418445169
 -0.94317884957564335
 -0.98036992927622912
 -0.74138779202865035
 -0.14404209446919933
 0.51931244306408963
 0.88347991836137973
 0.99876839005325435
 0.73831545079963434
 0.28918587074155172
 -0.24140825635502416
 -0.80424732122389797
 -0.99853139581912675
 -0.83016336776258803
 -0.28481127142188473
 0.39105865519140504
 0.88772174448364649
 0.99827357730354438
 0.7321246402313728
 0.28043073238907928
 -0.25026137315619335
 -0.80964165812629452
 -0.99594716016336071
 -0.82503673372531272
 -0.4196631483833223
 0.25468014892050156
 0.71366046350530787
 0.97160043594038459
 0.89970733514225409
 0.54961684782678955
 0.044697608200154511
 -0.4728130847931325
 -0.85713088116327518
 -0.98885038991703345
 -0.77336688246613405
 -0.19233778950696631
 0.47683216543617946
 0.92748864889265203
 0.98816003957529952
 0.77046371533771096
 0.18785434424611683
 -0.34122131553440338
 -0.77417388382841079
 -0.99998646081245512
 -0.85647397793049618
 -0.33142024428079914
 0.19806609134066691
 0.67175660134530502
 0.95621121573584256
 0.971298196903853
 0.7127674959659509
 0.10266370251137813
 -0.55448683748747507
 -0.95753781681130956
 -0.97020180877802364
 -0.70955697453770561
 -0.098120056271630993
 0.42495741676912124
 0.90420128748488515
 0.99540486435650744
 0.80619983693918862
 0.24460232913425128
 -0.28603222367582692
 -0.83087294452468408
 -0.99495719667694738
 -0.70309160570639617
 -0.24017179352942708
 0.43320729148554482
 0.83340547957469346
 0.99883078709797413
 0.80076254521241408
 0.2357362491636617
 -0.4373187200616811
 -0.9099676793875584
 -0.9939996218610524
 -0.79801882116799649
 -0.23129578853988478
 0.29913274172497478
 0.74529466087728902
 0.98150478742342817
 0.94122200399946154
 0.63579409428747191
 -0.0015542134212349434
 -0.63819028610314688
 -0.94226744669384188
 -0.93966960834163338
 -0.63226261305088494
 -0.14674529982003906
 0.38011061459907602
 0.7998882026690064
 0.99890022348249063
 0.74015546670460453
 0.29180028695165083
 -0.38433058445293944
 -0.8843378293599633
 -0.99867569066952333
 -0.73707693247992045
 -0.13770473754745091
 0.38854253912744019
 0.80533619044350724
 0.99526416606126766
 0.82913921057920092
 0.42627703109202647
 -0.096668695913488034
 -0.59238255469116108
 -0.92122043032456113
 -0.9579572357211904
 -0.67620754372123348
 -0.20396811198397719
 0.46636897503796382
 0.92298746017821198
 0.95663700848568967
 0.55189735231150727
 -0.10575520508773301
 -0.599716164981694
 -0.97203288982183245
 -0.95529683067236215
 -0.54808336655674661
 -0.04286488531363869
 0.60336424775845621
 0.97309522087936695
 0.89689483656565461
 0.54425795057319359
 0.038301930067534518
 -0.47844386165224989
 -0.86041054963190122
 -0.98787691854701487
 -0.6626380579904444
 -0.033738176038133443
 0.48244897976528095
 0.92986272891087873
 0.98715768600311338
 0.76636729425171868
 0.32968888441963923
 -0.34723130615429604
 -0.77820978414336794
 -0.99993266392534941
 -0.76342563917189665
 -0.17707059926871024
 0.49042894838602247
 0.86731120967855868
 0.98565747509285939
 0.76046806291977498
 0.17257420962805015
 -0.3557818599547613
 -0.78391308801466753
 -0.9997849683101554
