# Created by Octave 8.4.0, Thu Dec 11 09:16:06 2025 IST <gamana@Samsung>
# name: iq
# type: matrix
# rows: 2048
# columns: 1
 0.99706007033948296
 0.8958330830115131
 0.40749676511192734
 -0.26757933088703667
 -0.82003431881388944
 -0.99669975492155383
 -0.71661680183738552
 -0.25876789299367536
 0.41582037352034329
 0.82263935911185238
 0.9977183133033527
 0.89173695753970295
 0.39913916364882279
 -0.27636844752632383
 -0.72923708866562187
 -0.97667740455693652
 -0.88966097771079677
 -0.39494783328271993
 0.13080603864129745
 0.61971144815431445
 0.93404224138678449
 0.94753482023462876
 0.65049842763434806
 0.017648480643128749
 -0.62328907253604104
 -0.97859770037839833
 -0.88545340033792985
 -0.38654055032865986
 0.28950866682443271
 0.73854284938133441
 0.97952724534565039
 0.94457581101048138
 0.64353447266247155
 0.1612074989385934
 -0.50439146910589572
 -0.9388476181633828
 -0.98281373076484568
 -0.74991820004097443
 -0.15669884238927639
 0.37077718740857579
 0.8774101499200383
 0.99932172244443662
 0.74688936492934765
 0.30141723570001927
 -0.37501452045592854
 -0.87959183670055963
 -0.98108672759545423
 -0.6329880670983572
 -0.14767181956608888
 0.51617351493844721
 0.9434767811546485
 0.93842165869421512
 0.62944609872927793
 -0.0097507775814606734
 -0.52007944302982734
 -0.94498052573775193
 -0.9792778829548171
 -0.62589100331904679
 0.014317164436864309
 0.64796433750803051
 0.98467487951336408
 0.87014756089457157
 0.35686575795358699
 -0.17143145822393704
 -0.65143590665126416
 -0.98546104560661119
 -0.93360044124798824
 -0.49143957136519584
 0.17592877097638684
 0.65489389015789878
 0.98622665999936832
 0.93195438336710679
 0.6151476976129181
 0.12505201810772687
 -0.40027119857025584
 -0.89229517179135864
 -0.97541527964386687
 -0.61154083816441651
 0.032578773816362379
 0.66176881208249749
 0.95220302359858278
 0.9743987219147211
 0.72210331071667855
 0.11598518103835469
 -0.54328440608521777
 -0.95358806728458312
 -0.97336184318883701
 -0.60428893386840432
 0.041705882764596969
 0.5471127128822183
 0.89839621318548846
 0.99659874386674296
 0.81405635073808913
 0.25757478171841441
 -0.4169432030477333
 -0.90039247786769683
 -0.9962120225343184
 -0.71255826934013666
 -0.25315947834227942
 0.27755511442268971
 0.82592413058045877
 0.99809321681110275
 0.80871789563453389
 0.24873889534825208
 -0.42522738066342897
 -0.90432863318207168
 -0.99537626063437679
 -0.70612049614130767
 -0.24431312492717491
 0.286318003155562
 0.8310388742053465
 0.99492723749659617
 0.70287948678186651
 0.088729646848843727
 -0.43347608615063532
 -0.90818935012412527
 -0.96671507045462812
 -0.6996238189346462
 -0.084180028237785337
 0.56984016634588963
 0.91009131831587664
 0.99396695366690557
 0.69635356049630359
 0.079628654059893125
 -0.44168863140895431
 -0.83858087426586858
 -0.99924231199376601
 -0.79507759699523661
 -0.37272368253927118
 0.3037713983630882
 0.84105996677280404
 0.99292375390779652
 0.68976954495290488
 0.070521018712232431
 -0.58104452330167577
 -0.91568318697947149
 -0.96188036757380457
 -0.56728551795522719
 0.08727402540234655
 0.70183930737479805
 0.96750494892858208
 0.96062147796914976
 0.68312798938494734
 0.21319525028735797
 -0.31679524492009564
 -0.75754354767471233
 -0.99978651948124719
 -0.78386655901666646
 -0.35571182422530373
 0.17264802280907673
 0.65237239211708042
 0.94832145702324677
 0.93315721720895184
 0.49036363995544646
 -0.024683567584122105
 -0.5327773384036506
 -0.94976063540733258
 -0.93150589989614585
 -0.61417355727376055
 0.029248624419785225
 0.53663638247872347
 0.8928520251403671
 0.97514237786239644
 0.61056324143078522
 -0.033813071278031646
 -0.54048423505083965
 -0.95257954105960208
 -0.97412032261841397
 -0.72124842059896455
 -0.26519862563593694
 0.40975110039236384
 0.81883250830413812
 0.99724628636823809
 0.89473272591303799
 0.40523994382358991
 -0.26995840372191243
 -0.72466136787698021
 -0.97522500136899581
 -0.89268389624526956
 -0.53632144128767723
 -0.028875590832584942
 0.6144680261825699
 0.93164157445709228
 0.9496437689242001
 0.6555449172576302
 0.02431048835748555
 -0.61806448346233855
 -0.93329130271644045
 -0.94820297322449965
 -0.52859042667655221
 -0.019744878889376392
 0.6216480510635094
 0.97816407143006301
 0.94674240283801925
 0.64862049466800065
 0.015178857643599331
 -0.62521865425110601
 -0.97910298922187333
 -0.9452620882248215
 -0.52081531747420562
 -0.010612519844126429
 0.62877621856052379
 0.98002148790987431
 0.94376206025673304
 0.5169114299445664
 -0.14681942614894028
 -0.63232066979907131
 -0.93969524074499333
 -0.94224235021670077
 -0.51299676227404978
 0.15133511286020959
 0.74631604385532435
 0.99928961588829657
 0.79432796706929032
 0.22535697877023961
 -0.30494778563713076
 -0.74934782322077675
 -0.98265427993058763
 -0.87562672307979927
 -0.50513541329369049
 0.16035692393428203
 0.7523639750055382
 0.98349091491563567
 0.93756544664745745
 0.50118889593157823
 -0.16486286014802159
 -0.64636586979493948
 -0.94578563080678524
 -0.97877467785731409
 -0.62396275109292332
 0.01678682145707245
 0.64984365241436226
 0.98510263602475268
 0.86892773498615949
 0.49326458698302622
 -0.17386432407647334
 -0.65330788260348704
 -0.94871260618848463
 -0.9768620778668935
 -0.72982650510156966
 -0.27719656666990977
 0.39834885137739889
 0.89134662124414976
 0.97587520923888271
 0.61319848021496159
 -0.030483051619513885
 -0.53767806436940646
 -0.95156044072228874
 -0.97486798882213244
 -0.60958471348385557
 -0.11806753850852328
 0.40670962430749003
 0.89544978029820765
 0.97384043762212691
 0.72039243045416079
 0.11353154324839104
 -0.54535639547925485
 -0.95432889684410671
 -0.92596991072697832
 -0.60231911715031505
 -0.10899318029827681
 0.54917854097095864
 0.89947824164676637
 0.97172442901384048
 0.5986674390711636
 0.10445254430529899
 -0.41918695266203876
 -0.82474019895780748
 -0.99599420274534867
 -0.80994942734813913
 -0.39573941326269363
 0.12995160770617539
 0.73176722055036192
 0.9774661934888772
 0.94780994075947012
 0.65115271974429956
 0.1710637797767971
 -0.49573578531813189
 -0.93535909167438946
 -0.94634402792105321
 -0.64768004358274611
 -0.16656260382129034
 0.36147603246699667
 0.87257127982306093
 0.98380134757385818
 0.75349825716331365
 0.31093239590335586
 -0.21922407525367402
 -0.79049099111966836
 -0.9925680701471753
 -0.84265668830487783
 -0.30658881036181568
 0.3699766894433123
 0.87699638961587445
 0.98212305599750904
 0.74746213130601957
 0.30223883093854265
 -0.37421548846650315
 -0.79605193561595178
 -0.99363811013704684
 -0.83770369636441011
 -0.29788254835190803
 0.23256998554265645
 0.79880753438500507
 0.99898293381570769
 0.83520096912764985
 0.43614032895789234
 -0.085782380000612515
 -0.58353992932414578
 -0.91691249019940346
 -0.96103643057553478
 -0.68422067110503881
 -0.062901866674132029
 0.58724239511115484
 0.96827650942448973
 0.95976407268862951
 0.56098048206683471
 0.058343548505885939
 -0.59093261401139296
 -0.9205192458734156
 -0.95847169900927442
 -0.67753143319096576
 -0.20572848390994758
 0.46477727545199815
 0.85240938001516997
 0.99991514695253547
 0.8657417491556576
 0.48768624444110664
 -0.027751971601748842
 -0.53537237209859767
 -0.95071683091542147
 -0.97547304664155143
 -0.72543551228183079
 -0.1207802233251128
 0.40421205162844998
 0.89423014886649888
 0.99732901840245536
 0.81947724355123819
 0.26664197777726245
 -0.40838484391845892
 -0.89626491584420609
 -0.9969850670123489
 -0.81685146595519664
 -0.40660830075807419
 0.11817767027670485
 0.72362878561645982
 0.99746922224264523
 0.89335768603351851
 0.40243190678191099
 -0.12271114227330605
 -0.7267731317403282
 -0.99778351204304205
 -0.89129633857472446
 -0.39824712012492786
 0.27730312706414845
 0.72990232107662467
 0.99807699315903253
 0.88921640321184137
 0.52986082427676207
 0.02124182547795625
 -0.62047455498489301
 -0.93438920976822137
 -0.98508355736215503
 -0.75827684451423649
 -0.31786121809897533
 0.35892719724832056
 0.78599955294768586
