# Created by Octave 8.4.0, Thu Dec 11 09:16:06 2025 IST <gamana@Samsung>
# name: iq
# type: matrix
# rows: 2048
# columns: 1
 0.99706007033948296
 0.71979445629436789
 0.11267528621267162
 -0.54607854638925091
 -0.89785314323009247
 -0.97259255895290297
 -0.60163096747855127
 0.045034489605138867
 0.67106240716536125
 0.98956875465747796
 0.92390648709702716
 0.59797692748566744
 0.10359543274975808
 -0.41996921323270014
 -0.82522724334078956
 -0.99801622712169602
 -0.80944368883232731
 -0.24993486888935224
 0.28075440618218883
 0.73235430365016874
 0.9982933274023793
 0.88756644408310237
 0.52680937032475517
 0.017648480643128749
 -0.49648404018293579
 -0.87075548362775734
 -0.99973243577145421
 -0.7559288889967074
 -0.16571279352017626
 0.36227941227075194
 0.78821639611625471
 0.99211040285063745
 0.91652386521001739
 0.58274974275466684
 -0.068429320412764685
 -0.68824991106358091
 -0.99267257301273648
 -0.9146877172569069
 -0.57903252519821957
 0.072984607991762596
 0.57306627895981621
 0.91171342092136254
 0.96450593995209644
 0.69352673492061989
 0.07570928483461975
 -0.44521220012329865
 -0.91358003901312201
 -0.99299901827171977
 -0.79268712746483883
 -0.36907284080929581
 0.3075145173729773
 0.84318003849283296
 0.99953697267526553
 0.87432127497765744
 0.50280659161546182
 -0.1630177147739201
 -0.64493753308863866
 -0.94517646960071533
 -0.93662425339424948
 -0.62542333140588668
 -0.13803873810039718
 0.52448504859899803
 0.88630444548282983
 0.99844916080522506
 0.73421201448290707
 0.13351431092211144
 -0.52836776250192941
 -0.94811962245698522
 -0.97726040292067717
 -0.61827065004495774
 -0.12898709931501984
 0.53223945734323408
 0.89049714453735651
 0.99789905398277001
 0.82418973826910924
 0.41830364459012159
 -0.2561277524118542
 -0.71470848232620454
 -0.97195363997356965
 -0.9553964751913302
 -0.66970119209764278
 -0.19534902848114336
 0.33403355580847022
 0.76931786257913626
 0.99999704150406676
 0.86039069095073661
 0.33861512111599501
 -0.33833447215160561
 -0.86023865239462738
 -0.99999772252318309
 -0.85805436612590835
 -0.47439446219605502
 0.042903817223141814
 0.66947967032100175
 0.95530835070168174
 0.92472040895279062
 0.59968498202758747
 0.10571645577289666
 -0.5519298475756903
 -0.95664835839469498
 -0.92297246351408135
 -0.46633450418342737
 0.052026933857566293
 0.5557322250071377
 0.95796841527318854
 0.92120526956857784
 0.5923511596013461
 -0.056586912209590688
 -0.55952301269355742
 -0.95926849380749435
 -0.96871468726843024
 -0.58866567994252117
 0.061145710446713887
 0.56330213157844045
 0.96054856688459667
 0.96757123444803605
 0.58496792371446682
 0.087535304603103034
 -0.56706950284859436
 -0.96180860780868604
 -0.96640760301753192
 -0.58125796803355856
 0.070259386309538652
 0.570825047935834
 0.91058754221140992
 0.96522381724434902
 0.57753589027058483
 -0.074814073870330539
 -0.69287968350990514
 -0.99342572139859497
 -0.91208187615920255
 -0.44192392822442306
 0.079367201190443562
 0.69616529633341284
 0.96546827697460613
 0.96279588184073128
 0.57005567924401146
 0.069324945541670138
 -0.58201994412750735
 -0.96664793069210975
 -0.9615517828446648
 -0.68558354763474372
 -0.064768503918316747
 0.58572740375838628
 0.91798520548608953
 0.99164375835976593
 0.68225186464677556
 0.060210711553703992
 -0.58942264809752398
 -0.96894673588189228
 -0.90444055412780355
 -0.42546475484063667
 0.097562209492346161
 0.59310560008093594
 0.970065839412798
 0.95769927327928239
 0.55495322438255723
 0.051091454836268826
 -0.46716293429097694
 -0.92333257210777409
 -0.95637512183597873
 -0.67217172528928704
 -0.046530180664730178
 0.47119581278114436
 0.85618450009160074
 0.98912190302467629
 0.77452856646619817
 0.19413769499189698
 -0.33519734327953327
 -0.77010626153079897
 -0.98807388314734257
 -0.92769806037374358
 -0.47732479867057148
 0.039574909776025805
 0.66700103896563889
 0.98876676377317252
 0.85741947795759588
 0.33315048880552711
 -0.3437882972126497
 -0.77590042571686879
 -0.98943902375805948
 -0.92424961311068343
 -0.46927919879232782
 0.048699420167262614
 0.55295926305115228
 0.90144878500030279
 0.99599741848162138
 0.71084844417378734
 0.25080403281712832
 -0.27989264407547659
 -0.73174270439393807
 -0.99824049707315343
 -0.88797966488985158
 -0.52757223669842357
 -0.018546090785699351
 0.49570454580256879
 0.93534636841227947
 0.94635565148416922
 0.52368727256847247
 0.013979977208803314
 -0.49966552062251407
 -0.93695201049059973
 -0.98380779503866689
 -0.75352190530558161
 -0.16209344886943333
 0.50361607496346472
 0.87477552854699847
 0.99950803184176107
 0.84267605597806827
 0.44845964973260072
 -0.22364234870074773
 -0.6909070097649046
 -0.96354104640787885
 -0.91319871065743574
 -0.44437323788879984
 0.076643287975348376
 0.57606916446769518
 0.913214589892828
 0.96353061944121765
 0.57229837309841147
 0.072050349334576741
 -0.44849447889429384
 -0.91506590390669518
 -0.99255894810305934
 -0.68757003990861654
 -0.067494761286094856
 0.4525714579813136
 0.84514690900176237
 0.99964188276285504
 0.87253467115035255
 0.49963176565289641
 -0.014018941148241214
 -0.64773713795558541
 -0.98462282033713611
 -0.93533258351264548
 -0.62255628822060993
 0.018585051827564647
 0.52760533980484603
 0.88799758481421553
 0.97745037193131534
 0.61897600677404019
 -0.023150774917322287
 -0.6546684648538259
 -0.98617728521833581
 -0.86575975137549621
 -0.34859849414428834
 0.32831177465123523
 0.76542966813970337
 0.98692367569994355
 0.93039825583691349
 0.48372582062468594
 -0.18461917775397735
 -0.76836045105227757
 -0.98764948397803776
 -0.86115278299169851
 -0.47972390636529832
 0.18910545721954594
 0.77127520987753551
 0.99999979713272458
 0.77046371533771096
 0.33572539863128775
 -0.19358779290802877
 -0.77417388382841079
 -0.98903929380659694
 -0.85647397793049618
 -0.33142024428079914
 0.19806609134066691
 0.77705641245335788
 0.98970326637270012
 0.92354767364821833
 0.46765847087616669
 -0.20254025912300952
 -0.77992273563746839
 -0.99034659876718778
 -0.92178678654374213
 -0.46361704105805235
 0.20701020294663866
 0.67849428688606228
 0.99096927757341313
 0.84932193198522976
 0.31846367064830305
 -0.21147582959131025
 -0.7856065269148238
 -0.9997245785693325
 -0.84690242494468848
 -0.45550525983347107
 0.21593704592681448
 0.78842387647310075
 0.99215262290844974
 0.91638893144898803
 0.45143507759741341
 -0.068765747042522973
 -0.56959504976055142
 -0.9099676793875584
 -0.9656141565470755
 -0.57875755451358868
 -0.079925956665632389
 0.44142102839570441
 0.83841835543494314
 0.9934897346948528
 0.69328375107809725
 0.075373027398763642
 -0.57707819725182719
 -0.96507712748675856
 -0.96319940693050832
 -0.57128519866632965
 0.082426600067351322
 0.69836552224373061
 0.9942709280307731
 0.90892441789562195
 0.56753111057003847
 -0.086976906331164811
 -0.5845132053407629
 -0.91739034106205852
 -0.99183580306267727
 -0.78687807629106243
 -0.36025438120915887
 0.16785407835510183
 0.75734881886213667
 0.99978031252525268
 0.78405171832161935
 0.35599055457862572
 -0.17235424060308335
 -0.76032302855692135
 -0.9856197642320309
 -0.933264388344899
 -0.6180055709143798
 -0.12865268805560975
 0.53252491628911025
 0.94966724670251723
 0.97620881102840229
 0.61440890274510263
 0.12412259154013992
 -0.40112943452200633
 -0.81338206817485037
 -0.99650247768692635
 -0.89890508186728502
 -0.41384434611591675
 0.11029519876566761
 0.60336424775845621
 0.92646373697704298
 0.95393673023051972
 0.54425795057319359
 0.038301930067534518
 -0.47844386165224989
 -0.86041054963190122
 -0.98787691854701487
 -0.7692929668113283
 -0.33399682605863357
 0.34294512241960362
 0.86272877776806922
 0.99997523213711059
 0.8555255955910952
 0.32968888441963923
 -0.34723130615429604
 -0.86502901377401642
 -0.98641786637543472
 -0.76342563917189665
 -0.32537406714891443
 0.20433637786943065
 0.78106958064656473
 0.99986924220881324
 0.76046806291977498
 0.17257420962805015
 -0.3557818599547613
 -0.86957531788667963
