# Created by Octave 8.4.0, Thu Dec 11 09:16:06 2025 IST <gamana@Samsung>
# name: iq
# type: matrix
# rows: 2048
# columns: 1
 0.99706007033948296
 0.81741217677477895
 0.2631763561998442
 -0.41166286191191009
 -0.82003431881388944
 -0.99669975492155383
 -0.81477298767905471
 -0.40332217000396425
 0.27197672523161615
 0.72610466550790553
 0.9977183133033527
 0.89173695753970295
 0.5345505649007124
 0.026779638075654512
 -0.48853519495787168
 -0.86622816469789188
 -0.99990200276958874
 -0.7618765189682617
 -0.32310844176316006
 0.35375141607369498
 0.78256289391760381
 0.99982764492782827
 0.84949989429398942
 0.45986541708857864
 -0.2111462234393818
 -0.78539783471713998
 -0.99973243577145421
 -0.84708169348121221
 -0.4558054392076315
 0.06387260574650877
 0.5655575416944385
 0.9613048499970458
 0.966877464742528
 0.58274974275466684
 -0.068429320412764685
 -0.56931784686309095
 -0.90982778912911666
 -0.96570177215863195
 -0.69680949900727573
 -0.23162385210571532
 0.44111841487869557
 0.83823451315416331
 0.99352809498320716
 0.7954628564466879
 0.37331329069111102
 -0.30316589222440382
 -0.84071604235180275
 -0.99938759605057081
 -0.79268712746483883
 -0.36907284080929581
 0.15851039745388298
 0.75113050352384558
 0.99953697267526553
 0.7898948670650332
 0.36482469394694789
 -0.1630177147739201
 -0.75413739896883958
 -0.98397524954642002
 -0.93662425339424948
 -0.49885389310436667
 0.014916604353269872
 0.64842084563481195
 0.94665791726123827
 0.97821854915588147
 0.62185347507426159
 -0.019482646357389975
 -0.65189063542320946
 -0.94811962245698522
 -0.97726040292067717
 -0.73110392955089265
 -0.27899323612809723
 0.39663251303703095
 0.89049714453735651
 0.99789905398277001
 0.72798059751291655
 0.2746049511819631
 -0.40082051008727831
 -0.81318585042005176
 -0.9975927809538645
 -0.82159495582841269
 -0.41415131091223267
 0.10996002894475143
 0.71789508624863763
 0.97301746871639383
 0.9540378449337561
 0.54454082034982465
 0.038638901418714747
 -0.6067317227218294
 -0.97406100526838946
 -0.89501634929027651
 -0.54070488933566718
 0.11903337424526578
 0.72422331303918408
 0.99753012452978629
 0.89297011361220469
 0.40164283463597866
 -0.27374159579893415
 -0.82368099394745231
 -0.99615971215125476
 -0.81104502967743974
 -0.39745647397782563
 0.12809678987676251
 0.73049112569938079
 0.99813004161283114
 0.80836512406540517
 0.24815818877633955
 -0.42576990720195163
 -0.82882571694540641
 -0.99531849785788795
 -0.70569586549307994
 -0.24373174421850885
 0.429897566468319
 0.83137217755029091
 0.99864669548498619
 0.88459937535560251
 0.38484800857883378
 -0.14167164154906572
 -0.62828195559010802
 -0.93790331511077729
 -0.98331443318542888
 -0.6421292465344145
 -0.15939674058782213
 0.36823831622717579
 0.79213950956971435
 0.99941860753662914
 0.84120181769794744
 0.44601589492410787
 -0.2263045458482901
 -0.69287968350990514
 -0.99342572139859497
 -0.91208187615920255
 -0.5738017680491504
 0.079367201190443562
 0.57830034652362083
 0.91432450995893599
 0.99278065370158464
 0.68890093284016052
 0.069324945541670138
 -0.45093483801550066
 -0.84416489419142116
 -0.99959110969295029
 -0.78876855654392963
 -0.36311603830396288
 0.1648273820018433
 0.64633842309115219
 0.98430069118706343
 0.9359799933913362
 0.62399085977890023
 -0.016750856276448699
 -0.64981631217011537
 -0.94724746803781934
 -0.97783610591117232
 -0.7329653126523108
 -0.28161594200985629
 0.24906550352207987
 0.80891620192005398
 0.99807234521878718
 0.72985109505014845
 0.12716772590537276
 -0.5337916222166712
 -0.95013521478378304
 -0.97588306195568009
 -0.61322689374806227
 -0.12263677028153504
 0.53764773570711577
 0.89339135663213731
 0.99746389138161906
 0.72357706217531093
 0.26844424417016538
 -0.40667676316387258
 -0.81689469149932292
 -0.99699087892641325
 -0.81792900324223472
 -0.26404235925702368
 0.26671420194354067
 0.72233655415129017
 0.97447448285525728
 0.95209995995565033
 0.66151595720052903
 0.032241729992935481
 -0.48375992560273723
 -0.86348492593323356
 -0.99996357337194397
 -0.8547494142055011
 -0.32827496664948513
 0.34863501727421764
 0.77914919810931149
 0.99017465933090221
 0.85237019441807671
 0.32395791469121754
 -0.20580181833824582
 -0.67758654772169435
 -0.95849306770997056
 -0.96938914977365198
 -0.70720533416515197
 -0.2457996061470448
 0.42797099107609238
 0.83018509244493799
 0.99853350618279191
 0.88559196763026304
 0.52317645471332352
 -0.13956009696432306
 -0.73834173226001609
 -0.99877032270178823
 -0.88346166250266167
 -0.38260035040052293
 0.14408065574513776
 0.63017369911379184
 0.98037761168548043
 0.94316590043829451
 0.51537099862649982
 0.0042474728687656475
 -0.63371296572816804
 -0.98126761775088112
 -0.94163844768396199
 -0.51145210780814754
 0.15311266472664142
 0.74751191084947555
 0.98213715956934433
 0.87696037967363016
 0.50752255070260899
 -0.15762392656564658
 -0.75053754313392529
 -0.98298621900666272
 -0.87475664689714616
 -0.50358240926045261
 0.16213190117196896
 0.64425117554893574
 0.98381477835576814
 0.93693839218237585
 0.49963176565289641
 -0.1666364945322362
 -0.64773713795558541
 -0.98462282033713611
 -0.87029449877232379
 -0.49567070227032711
 0.1711376127035914
 0.65120959186310456
 0.98541032809912954
 0.9337072685669523
 0.49169930172031201
 -0.1756351618155684
 -0.6546684648538259
 -0.98617728521833581
 -0.86575975137549621
 -0.34859849414428834
 0.32831177465123523
 0.76542966813970337
 0.98692367569994355
 0.86346527092844227
 0.48372582062468594
 -0.03228067746727812
 -0.66154517983159566
 -0.98764948397803776
 -0.86115278299169851
 -0.34002355145909097
 0.18910545721954594
 0.6649628784053786
 0.9883546949159574
 0.927011630027469
 0.47571198750746807
 -0.19358779290802877
 -0.77417388382841079
 -0.98903929380659694
 -0.85647397793049618
 -0.47169014771937318
 0.19806609134066691
 0.77705641245335788
 0.99995226986548125
 0.76460923810912385
 0.32710817819128124
 -0.20254025912300952
 -0.77992273563746839
 -0.99034659876718778
 -0.85172372649409922
 -0.32278929029045333
 0.35406681205242768
 0.7827727936038511
 0.99982132737852258
 0.84932193198522976
 0.45956594254873184
 -0.05965118289711676
 -0.68184193980649765
 -0.99157128980546694
 -0.84690242494468848
 -0.45550525983347107
 0.21593704592681448
 0.68517537297528308
 0.99215262290844974
 0.84446525583110477
 0.45143507759741341
 -0.068765747042522973
 -0.56959504976055142
 -0.9099676793875584
 -0.9656141565470755
 -0.57875755451358868
 0.073320925474022622
 0.57334260201009113
 0.91185190848861342
 0.9644168381515249
 0.57502737266173032
 -0.077874574804260743
 -0.69508966027877517
 -0.99377242836424529
 -0.91081907787510319
 -0.57128519866632965
 0.082426600067351322
 0.69836552224373061
 0.9942709280307731
 0.90892441789562195
 0.56753111057003847
 0.066262548155808801
 -0.45367237737390509
 -0.84580640228606607
 -0.99967416865729253
 -0.78687807629106243
 -0.36025438120915887
 0.31651233945367091
 0.75734881886213667
 0.98483781237670287
 0.86968556933719121
 0.35599055457862572
 -0.17235424060308335
 -0.76032302855692135
 -0.9856197642320309
 -0.933264388344899
 -0.6180055709143798
 0.024385404138185334
 0.53252491628911025
 0.89065052568276315
 0.99787714938844085
 0.72774935818324415
 0.12412259154013992
 -0.40112943452200633
 -0.89271766704429001
 -0.99756933985126051
 -0.72460972568330329
 -0.26988624726652932
 0.40530845177862374
 0.89476619086006459
 0.9741876934915108
 0.60717720135664366
 -0.038078777750887242
 -0.54407059385501433
 -0.95386971012119892
 -0.92654776616293766
 -0.47462533683833424
 0.19479926101805431
 0.7749550010800943
 0.98922088721011936
 0.85583584132014823
 0.33025481062593198
 -0.34666904124527759
 -0.77783315318496116
 -0.9898792794040554
 -0.85346479989839097
 -0.46656650589086629
 0.051765004297932744
 0.67604300803596629
 0.9905170277556401
 0.85107595954585802
 0.4625224530463129
 -0.056325047540602191
 -0.67940099123065623
 -0.99113411896468162
 -0.91952198293002108
 -0.58887768312041511
