# Created by Octave 8.4.0, Thu Dec 11 09:16:06 2025 IST <gamana@Samsung>
# name: iq
# type: matrix
# rows: 2048
# columns: 1
 0.99706007033948296
 0.81741217677477895
 0.2631763561998442
 -0.41166286191191009
 -0.82003431881388944
 -0.99669975492155383
 -0.71661680183738552
 -0.25876789299367536
 0.27197672523161615
 0.82263935911185238
 0.9977183133033527
 0.81211680656676566
 0.25435403320662997
 -0.41996921323270014
 -0.9018370479926181
 -0.99591677378527643
 -0.710216724570086
 -0.24993486888935224
 0.28075440618218883
 0.73235430365016874
 0.97764774684509548
 0.88756644408310237
 0.52680937032475517
 -0.13533214306748165
 -0.73545624545231092
 -0.97859770037839833
 -0.88545340033792985
 -0.38654055032865986
 0.13985542515412888
 0.73854284938133441
 0.97952724534565039
 0.94457581101048138
 0.5190242297318719
 -0.14437579056859726
 -0.74161405106639489
 -0.99899969140049327
 -0.79858297189933158
 -0.23220701116232156
 0.44058031145546378
 0.83790744708233544
 0.99919348408392272
 0.795826014291943
 0.373869386604954
 -0.30259454778575384
 -0.84039127412617853
 -0.99936643867810504
 -0.79305245980539629
 -0.22331365638335027
 0.44876103338158679
 0.91518615002584003
 0.96221736417247017
 0.68735344227596562
 0.21885994682257345
 -0.3112870671345041
 -0.75374355922055913
 -0.99964981960557098
 -0.78745579190865311
 -0.21440167295751505
 0.31562363430071849
 0.84773739218477961
 0.99136636673651912
 0.78463279521646101
 0.20993892776505721
 -0.46096171270085173
 -0.85015080695475087
 -0.99075723812089034
 -0.78179343507867682
 -0.35259602275589552
 0.17592877097638684
 0.76267586066973059
 0.99991852928111491
 0.77893777070989356
 0.20100039576986675
 -0.46904757370125261
 -0.854924397079591
 -0.98947700756754897
 -0.67059113056997532
 -0.19652479537939213
 0.47307587339161261
 0.92588443193064862
 0.98880593232892833
 0.77317776783661152
 0.19204509648218823
 -0.33720593166871321
 -0.77146501428768111
 -0.98840003545151311
 -0.9268997341204479
 -0.60428893386840432
 -0.11144808692793674
 0.4127880280337809
 0.89839621318548846
 0.99659874386674296
 0.71575489892035005
 0.10690866857780772
 -0.4169432030477333
 -0.82334089515210096
 -0.99780093100154443
 -0.81139558397687261
 -0.25315947834227942
 0.42108968274909531
 0.82592413058045877
 0.99809321681110275
 0.80871789563453389
 0.39381295355228096
 -0.1320303058023965
 -0.73319467094717705
 -0.99836468747738893
 -0.80602334155402411
 -0.38961117419928509
 0.286318003155562
 0.8310388742053465
 0.99492723749659617
 0.80331197793003184
 0.23988225937810825
 -0.43347608615063532
 -0.90818935012412527
 -0.96671507045462812
 -0.6996238189346462
 -0.23544639110632265
 0.29505700746927255
 0.83608429323105826
 0.99396695366690557
 0.69635356049630359
 0.2310056126214613
 -0.44168863140895431
 -0.91197430663594548
 -0.99345571300162749
 -0.79507759699523661
 -0.22656001653555566
 0.44578112974414197
 0.91383827581477584
 0.99292375390779652
 0.68976954495290488
 0.070521018712232431
 -0.44986433135439413
 -0.84352151905061579
 -0.99237108747937297
 -0.78950500794454959
 -0.36423294539298129
 0.1636446553781746
 0.6454230546514419
 0.94538379920820492
 0.93640143507562779
 0.62492735376650566
 -0.01555200480670464
 -0.64890448980632387
 -0.94686250148140771
 -0.93478907361285146
 -0.4943384925459326
 0.020117995974901666
 0.52890718330563458
 0.94832145702324677
 0.93315721720895184
 0.61777106458305009
 0.12835690768192648
 -0.5327773384036506
 -0.94976063540733258
 -0.93150589989614585
 -0.61417355727376055
 -0.12382663922268553
 0.53663638247872347
 0.95118000661973989
 0.92983515611251089
 0.61056324143078522
 -0.033813071278031646
 -0.66269418017688764
 -0.95257954105960208
 -0.97412032261841397
 -0.60694019234694374
 -0.11475844965649423
 0.544320815873372
 0.89692797491782272
 0.97307795218369009
 0.60330448558058436
 0.11022071766582678
 -0.41391256458337461
 -0.8214454074650902
 -0.99757455878886059
 -0.81333847222205879
 -0.25638127759757734
 0.27435274166173773
 0.72780075185382342
 0.99788202688277594
 0.81067312387003299
 0.39687326926709543
 -0.12872700293448133
 -0.73092495761217069
 -0.97720475411549423
 -0.94820297322449965
 -0.65208950559648549
 -0.019744878889376392
 0.49466286186017294
 0.869722556749563
 0.98482480954644724
 0.64862049466800065
 0.015178857643599331
 -0.49862655892901125
 -0.9365323341203855
 -0.9452620882248215
 -0.52081531747420562
 0.14230067753188994
 0.62877621856052379
 0.93812356967355703
 0.94376206025673304
 0.64164196467474266
 0.0060459607215172474
 -0.63232066979907131
 -0.98091954833887085
 -0.94224235021670077
 -0.51299676227404978
 0.15133511286020959
 0.63585193404755169
 0.94124731455764654
 0.94070298979814415
 0.63460990942125484
 0.14974527051499953
 -0.37730307052849954
 -0.79806397900131565
 -0.99400781605094846
 -0.9099366016055852
 -0.43725132659997279
 0.23580907452596009
 0.80080742946930705
 0.99882716155569551
 0.83336406185027223
 0.29033344048779852
 -0.385745604551474
 -0.80353417917116288
 -0.99859563564291698
 -0.83083124203139913
 -0.42901913846794526
 0.093648972674699113
 0.70638470056819525
 0.99541203730261552
 0.82828109530251082
 0.28158142740539416
 -0.24910034005624931
 -0.70960977745975928
 -0.97021996340050698
 -0.95751620892136058
 -0.55442447309244725
 0.10273824425630476
 0.71282005550396421
 0.99624440493583688
 0.82312903420732286
 0.41660396837504898
 -0.25793536291477787
 -0.81427303824434039
 -0.99662942810420063
 -0.8982322503103175
 -0.4124480866102142
 0.111818945495629
 0.71919594755999483
 0.97344733857658416
 0.95347562768427552
 0.66490690711661848
 0.036769779306858492
 -0.47978965707740173
 -0.86119087502127423
 -0.99999198125360811
 -0.85709227829338019
 -0.33255124967947286
 0.19689069525206784
 0.77630116135875893
 0.98953093577264317
 0.92400680960145565
 0.5981871302220686
 -0.049334130498314532
 -0.67424749498310488
 -0.9571914453849667
 -0.92225097586733729
 -0.46467907137845199
 0.20583701845338415
 0.78202607935758106
 0.9908077913786828
 0.92047590867298401
 0.46063050324539889
 -0.21030378760737023
 -0.7848641044962863
 -0.99975199877945442
 -0.75649278027463351
 -0.16656260382129034
 0.36147603246699667
 0.78768576136543023
 0.99963987460314707
 0.84510684971438899
 0.31093239590335586
 -0.36573017458993407
 -0.79049099111966836
 -0.9925680701471753
 -0.84265668830487783
 -0.30658881036181568
 0.2236774077141763
 0.69093301377287253
 0.96355067000154482
 0.91318405167090688
 0.44434101396041331
 -0.22812607540270893
 -0.69422716638980897
 -0.99363811013704684
 -0.83770369636441011
 -0.44024526209659331
 0.08123161321943638
 0.57982529386499893
 0.96595387926357601
 0.90942370387819937
 0.56851790791858747
 -0.085782380000612515
 -0.70077196909311512
 -0.9946252616293646
 -0.83268082385064457
 -0.43202630015226667
 0.090331357797997905
 0.70402248268821932
 0.99508772818509117
 0.83014331309076361
 0.4279032614774641
 -0.24587224440542177
 -0.7072583139584484
 -0.99552944227673668
 -0.90364103807373131
 -0.42377129891905568
 0.25029619859891
 0.71047939542087601
 0.9705183667323255
 0.95715933648978879
 0.67416558449940411
 0.2012573189494406
 -0.46881591634326025
 -0.85478830768936565
 -0.99996421018503501
 -0.86344712668334977
 -0.34428084209006543
 0.18465452954925485
 0.76838347213204672
 0.98765511914161686
 0.9287012888662467
 0.47969234506656072
 -0.036880612315026831
 -0.54306418805411272
 -0.89626491584420609
 -0.9969850670123489
 -0.81685146595519664
 -0.40660830075807419
 0.26851643083041526
 0.82059061821265755
 0.99746922224264523
 0.81420865299611456
 0.25782820598727979
 -0.27291262473125366
 -0.7267731317403282
 -0.97589941772691657
 -0.89129633857472446
 -0.39824712012492786
 0.12724205514016593
 0.72990232107662467
 0.97688579182994772
 0.94867753784339925
 0.52986082427676207
 -0.13177031438553685
 -0.73301628836640964
 -0.97785179306862535
 -0.94722344751826693
 -0.64975935062759882
 -0.16925605113976636
 0.35892719724832056
 0.87123336167618004
 0.99970946313293974
