# Created by Octave 8.4.0, Thu Dec 11 09:16:06 2025 IST <gamana@Samsung>
# name: iq
# type: matrix
# rows: 2048
# columns: 1
 0.99706007033948296
 0.8958330830115131
 0.54224716769547932
 0.035908561572159783
 -0.48054559651702428
 -0.92906155275357227
 -0.98750228500057424
 -0.76776059380909523
 -0.18369847411188231
 0.48454544831307755
 0.9307412043625467
 0.95041478686084535
 0.5345505649007124
 0.026779638075654512
 -0.48853519495787168
 -0.86622816469789188
 -0.99990200276958874
 -0.7618765189682617
 -0.17471292102219657
 0.49251475324559779
 0.93404224138678449
 0.94753482023462876
 0.65049842763434806
 0.17021463217652491
 -0.49648404018293579
 -0.93566355795921996
 -0.94606518067421075
 -0.5229222527763302
 0.13985542515412888
 0.73854284938133441
 0.99878506466934591
 0.80132327513146184
 0.3823247730738224
 -0.14437579056859726
 -0.63040525104876677
 -0.9388476181633828
 -0.94306674230411036
 -0.51511538248430411
 -0.0039492221486906965
 0.50832944618280662
 0.8774101499200383
 0.99932172244443662
 0.83972129973922371
 0.30141723570001927
 -0.22896505360363265
 -0.69484718481991314
 -0.9649887322131383
 -0.96328999306189333
 -0.5715619408474234
 -0.071154896496347181
 0.44929670050794807
 0.91542760447624616
 0.99244923265600671
 0.7898948670650332
 0.21827493776079607
 -0.31185672933426212
 -0.75413739896883958
 -0.99966550404728993
 -0.78708613347960132
 -0.36056893869878703
 0.31619243755180926
 0.7571285669469523
 0.99977318748613397
 0.78426098528443078
 0.20935274634661827
 -0.32052155160483159
 -0.85046631654676685
 -0.99067573919877039
 -0.67689734269446189
 -0.20488505504967391
 0.32484398121003566
 0.76306347130970409
 0.98632564038788906
 0.93173685042504906
 0.48693370707140277
 -0.028613416223251562
 -0.536100052379056
 -0.95098368393158716
 -0.97528298882685538
 -0.61106639304019938
 0.033177953663624922
 0.6622181460394142
 0.95238598048070489
 0.97426376220703059
 0.60744511130886403
 -0.037741799180791728
 -0.54378762121797686
 -0.95376841510680677
 -0.92667456830169237
 -0.47492212768549869
 0.19446848906226558
 0.66903422027829129
 0.98917145136069295
 0.92494844217390204
 0.60016461899422868
 0.10631258127998891
 -0.55142982772784532
 -0.90065314739641111
 -0.99615971215125476
 -0.81104502967743974
 -0.25257945801771692
 0.2781310138013558
 0.73049112569938079
 0.977069646269493
 0.8888218168869445
 0.39326182440105123
 -0.13262453776289626
 -0.62115016073397611
 -0.93469587767668683
 -0.94694682925076201
 -0.52524920526344476
 0.1371495197763625
 0.62472257242825535
 0.9789735583027539
 0.94546926027148714
 0.64562337082936083
 0.16390339698880679
 -0.50203036872450668
 -0.87388519838325185
 -0.99956388649198535
 -0.7517228585266672
 -0.15939674058782213
 0.36823831622717579
 0.79213950956971435
 0.99941860753662914
 0.74870337284051514
 0.30402127670330764
 -0.37248028622255525
 -0.87828874934801482
 -0.99925248579709669
 -0.74566827301361671
 -0.29966756480902224
 0.37671448817543773
 0.79768089846240808
 0.99393815228930615
 0.83622815318000376
 0.43782274524140236
 -0.2351914734962077
 -0.80042666836970566
 -0.99885772825792152
 -0.83371513570537759
 -0.29094148332762448
 0.38515923490199494
 0.88475658864781193
 0.97890471388091427
 0.73646992327589755
 0.13681547761836058
 -0.52553613306817071
 -0.94705515494779313
 -0.97796144940880547
 -0.62088584817830406
 -0.13229028813657909
 0.39357185195279359
 0.80856359383003795
 0.99810937180197989
 0.82607197240836805
 0.27780708268757176
 -0.39776589243916055
 -0.89105836659263005
 -0.99781828131895878
 -0.82348972479342486
 -0.41718158624638879
 0.25732133973037058
 0.81390399247921841
 0.99657709558577379
 0.82089030337516489
 0.26902169520804903
 -0.26173158241395567
 -0.71875427025180472
 -0.99694422685007722
 -0.81827376236426919
 -0.26462053999945312
 0.26613636670920432
 0.81917649590739106
 0.99682017986520099
 0.71766028860472586
 0.10962484661941579
 -0.41445822861210652
 -0.82178714924509855
 -0.99644589250719506
 -0.71447258176090922
 -0.25580176557114981
 0.41860992106483791
 0.90118910628606363
 0.99605082436071568
 0.81032196923136679
 0.25138433026619494
 -0.27931705123175316
 -0.82695698694418485
 -0.99820477003535257
 -0.80763749908038651
 -0.39212605309391713
 0.13384850513027419
 0.62211752879892024
 0.93513413588735561
 0.98472058781311855
 0.75690822893261911
 0.16718916734334063
 -0.36088345518522658
 -0.78729410116229492
 -0.99965672575733444
 -0.75391589745208354
 -0.31153630812522931
 0.36513865163940556
 0.79010162031504583
 0.99952665500974269
 0.75090784312405601
 0.30719361949593094
 -0.2230579892443621
 -0.79289266197034569
 -0.99303879523100436
 -0.91344285313471929
 -0.57652725677815253
 0.076045533660961007
 0.57557902585817122
 0.91297014053824677
 0.96369087240910234
 0.57278989074160702
 -0.080598222732407257
 -0.69705133323988455
 -0.99407316861236728
 -0.90968779540689537
 -0.43671209054113685
 0.08514923093521945
 0.7003184896409369
 0.99455926362965252
 0.8330325515970789
 0.28975970768520559
 -0.24082644017776364
 -0.70357104096355216
 -0.9950246172039402
 -0.90585685224972345
 -0.42847753222482732
 0.094245825128639826
 0.59041984438793671
 0.92027078201715529
 0.95865273487232627
 0.55772175493586962
 -0.098791221410575017
 -0.71003205735290709
 -0.99589306163665337
 -0.90195034323742196
 -0.55392544587614156
 -0.049858050913958639
 0.59776668361302476
 0.9238061010348807
 0.98960650546753481
 0.67125684091562299
 0.19740496596936324
 -0.47228473929239162
 -0.92554488003732771
 -0.95466411877607582
 -0.54629825097485496
 -0.040734014305628702
 0.47630511916939311
 0.85916763922364559
 0.98825184187956794
 0.66445900241171152
 0.036170674170068154
 -0.60869325477939451
 -0.92896449571977835
 -0.9519054479984026
 -0.53862548430978674
 0.12148540426003865
 0.7259242988997987
 0.97562917563660601
 0.95049632027062791
 0.65760573526850563
 0.027041826074332108
 -0.61591429094295513
 -0.93230661792593683
 -0.98606531023106403
 -0.65415849443225915
 -0.022476508495481912
 0.61950557935190098
 0.93394853159813018
 0.98529531704751827
 0.75908138870197783
 0.31903190422298738
 -0.35777423772728167
 -0.78523545681431273
 -0.99149343853740313
 -0.84722105796878744
 -0.45603887622061912
 0.063610856130871932
 0.68473858428850043
 0.96123256142768809
 0.96694437685696777
 0.70026499464550118
 0.085074564858861945
 -0.43677950363603685
 -0.83559144587430434
 -0.99901471413331877
 -0.7983799583331106
 -0.37778881381560825
 0.29856063441505654
 0.74489481655070955
 0.99920696820001331
 0.87884280898254086
 0.37355659917449718
 -0.30291594242750181
 -0.84057399342575734
 -0.9930299656656284
 -0.69041926913453366
 -0.071416512219100281
 0.4490623659983633
 0.91532200863263968
 0.96212549010061099
 0.68710847180785017
 0.21853088889063887
 -0.31160751590123287
 -0.845486420966024
 -0.99191207448445484
 -0.78724789385798333
 -0.36081356617801502
 0.3159436001005983
 0.84791621144290719
 0.99132209360340251
 0.68044395774559407
 0.057745055301892521
 -0.46126094313928362
 -0.85032831870432257
 -0.99985559799969492
 -0.86772048768357102
 -0.35228043953203181
 0.17626072228136108
 0.76289392539196699
 0.98628238008474745
 0.9318320622966344
 0.61488179360742934
 -0.028351239645533603
 -0.65859201221444852
 -0.95090254255329998
 -0.93016513476203078
 -0.4831695435136964
 0.032915813935010765
 0.53972868560925691
 0.9523059789588959
 0.92847880871813848
 0.60765343796048421
 -0.03747970176815317
 -0.66543736480437243
 -0.98845119397121139
 -0.85849662577286689
 -0.33512673965938639
 0.34181858154243305
 0.77457596549159458
 0.99998295210296995
 0.85614577945751935
 0.33082061813699404
 -0.34610665174172517
 -0.77745624266941105
 -0.98979402472519373
 -0.8537770782998112
 -0.46709667495756185
 0.20316252151698605
 0.78032030606800395
 0.99043448389922084
 0.92154022886593456
 0.46305389465675628
 -0.055726485204822873
 -0.55880854320983553
 -0.90447252011329171
 -0.99534381309045672
 -0.70588167261913093
 -0.24398610906956891
 0.42966074223207928
