# Created by Octave 8.4.0, Thu Dec 11 09:16:06 2025 IST <gamana@Samsung>
# name: iq
# type: matrix
# rows: 2048
# columns: 1
 0.99706007033948296
 0.71979445629436789
 0.2631763561998442
 -0.26757933088703667
 -0.82003431881388944
 -0.99739959216031482
 -0.89379434027545168
 -0.53840448048633571
 0.12174574039319934
 0.72610466550790553
 0.9977183133033527
 0.81211680656676566
 0.25435403320662997
 -0.27636844752632383
 -0.72923708866562187
 -0.97667740455693652
 -0.94898469904253735
 -0.65396009222976592
 -0.17471292102219657
 0.49251475324559779
 0.93404224138678449
 0.94753482023462876
 0.65049842763434806
 0.17021463217652491
 -0.35801914740060525
 -0.78539783471713998
 -0.99152754231630602
 -0.84708169348121221
 -0.31445154230134043
 0.36227941227075194
 0.87299192731282182
 0.98364649651042202
 0.64353447266247155
 0.1612074989385934
 -0.50439146910589572
 -0.8752101648306293
 -0.99947947189198894
 -0.74991820004097443
 -0.30576841154300655
 0.22451727661408843
 0.69155575910797984
 0.9932140410785969
 0.91283249357463192
 0.57530323197111466
 -0.077538373483401396
 -0.57680275981140672
 -0.91358003901312201
 -0.96328999306189333
 -0.69022950739697697
 -0.071154896496347181
 0.44929670050794807
 0.84318003849283296
 0.99953697267526553
 0.87432127497765744
 0.50280659161546182
 -0.1630177147739201
 -0.64493753308863866
 -0.94517646960071533
 -0.93662425339424948
 -0.62542333140588668
 0.014916604353269872
 0.64842084563481195
 0.94665791726123827
 0.97821854915588147
 0.62185347507426159
 -0.019482646357389975
 -0.52836776250192941
 -0.94811962245698522
 -0.97726040292067717
 -0.61827065004495774
 -0.12898709931501984
 0.53223945734323408
 0.89049714453735651
 0.99789905398277001
 0.72798059751291655
 0.12445719769369468
 -0.536100052379056
 -0.95098368393158716
 -0.97528298882685538
 -0.72484208350577484
 -0.27021093937455071
 0.26053945541214196
 0.81583521236402634
 0.99726570321822938
 0.72168845298289652
 0.11538970234524717
 -0.40917133979595066
 -0.89664680196432855
 -0.99691782759704184
 -0.71851977171296921
 -0.26140610184024543
 0.41333399829856854
 0.89865934540983339
 0.99654916134521687
 0.81370802101913009
 0.40164283463597866
 -0.1235663705437246
 -0.61396655002752176
 -0.976087115172108
 -0.89090525512361429
 -0.39745647397782563
 0.2781310138013558
 0.73049112569938079
 0.99813004161283114
 0.80836512406540517
 0.39326182440105123
 -0.28251463140679067
 -0.73360221314005569
 -0.998398779306784
 -0.88671984235211354
 -0.52524920526344476
 -0.015814255536007973
 0.62472257242825535
 0.9789735583027539
 0.88459937535560251
 0.38484800857883378
 -0.14167164154906572
 -0.73977842583670239
 -0.97989489953272035
 -0.94397197361676277
 -0.6421292465344145
 -0.15939674058782213
 0.50597464915570589
 0.87609610931798187
 0.9824734317532009
 0.63862173069241412
 0.0021147486843296568
 -0.50990837753160867
 -0.94103251339940608
 -0.9816119409268943
 -0.74566827301361671
 -0.15037354922751256
 0.37671448817543773
 0.79768089846240808
 0.99393815228930615
 0.91019997911661832
 0.57005567924401146
 -0.083918673314793177
 -0.58201994412750735
 -0.96664793069210975
 -0.90829909993624047
 -0.56629770197952101
 -0.064768503918316747
 0.45500618041280882
 0.91798520548608953
 0.96028763077360757
 0.56252791462795315
 -0.093016272330551625
 -0.58942264809752398
 -0.91978685548894856
 -0.99104428369290198
 -0.78312149655954333
 -0.35459098115184812
 0.17382890156623876
 0.76129471467094889
 0.99988903171155696
 0.86667637872741532
 0.35031731564544222
 -0.1783242704825769
 -0.65673136249930986
 -0.98662631820244562
 -0.93106911980553142
 -0.48533058049533734
 0.030447098077451381
 0.66016837953679552
 0.98736039633053196
 0.86208388551710813
 0.48133270865788846
 -0.18730375783299533
 -0.77010626153079897
 -0.99999928298596319
 -0.77163187100420239
 -0.18965584981998099
 0.33949636032895242
 0.77301140416510317
 0.98876676377317252
 0.85741947795759588
 0.47330693411798463
 -0.044137625214724266
 -0.67039653886251627
 -0.98943902375805948
 -0.85506042765754497
 -0.46927919879232782
 0.20074345876300026
 0.67377805770053945
 0.95700731056670041
 0.92249645868675645
 0.465241676691655
 -0.20521511058589292
 -0.78162986490910868
 -0.99985432172435307
 -0.85028888000473257
 -0.32020210376883135
 0.20968248266632986
 0.68049887040798596
 0.99133194181980266
 0.84787648216215594
 0.4571376091762453
 -0.21414548183765864
 -0.78729410116229492
 -0.99192158334645664
 -0.84544640193264708
 -0.45307123277109945
 0.066935492729034415
 0.56808628456274546
 0.96214591601666388
 0.91529182682589483
 0.44899540760658252
 -0.2230579892443621
 -0.69047347805072579
 -0.96338046964987745
 -0.96490022720293422
 -0.57652725677815253
 -0.0772021633450269
 0.57557902585817122
 0.91297014053824677
 0.9931747655467954
 0.79359901194327176
 0.22418865208546143
 -0.30608946424582323
 -0.84237411919693606
 -0.99949029421725744
 -0.87504698682238213
 -0.3662183487781972
 0.16154030008025003
 0.64379255078461561
 0.94468646471431217
 0.93714774717803118
 0.62659092130276683
 0.13952151045415628
 -0.52320966358971066
 -0.88561006608120318
 -0.97852825047564906
 -0.73522771206905113
 -0.28481127142188473
 0.24583737821367846
 0.70723288415332175
 0.9693987167671404
 0.90365644320560368
 0.55722404967220118
 -0.099387774929510453
 -0.71045408205694227
 -0.97050969629949302
 -0.90169129151887883
 -0.55342621957623661
 0.10393083342588144
 0.59824718058907844
 0.92403546149932281
 0.95583758460567037
 0.67081235308410769
 0.19681722358073409
 -0.33262192165991472
 -0.76836045105227757
 -0.98764948397803776
 -0.86115278299169851
 -0.34002355145909097
 0.18910545721954594
 0.77127520987753551
 0.99999979713272458
 0.77046371533771096
 0.33572539863128775
 -0.34122131553440338
 -0.77417388382841079
 -0.99998646081245512
 -0.85647397793049618
 -0.47169014771937318
 0.04597024429589211
 0.67175660134530502
 0.95621121573584256
 0.92354767364821833
 0.59722586772224207
 0.10266370251137813
 -0.42081914267924664
 -0.82575594426271981
 -0.9958317729581404
 -0.80889329122735509
 -0.39408708759389033
 0.13173465771257073
 0.62044634576658009
 0.97784426391835821
 0.88713452455363617
 0.3898858419559777
 -0.28603222367582692
 -0.83087294452468408
 -0.99859960296641448
 -0.88501768945102288
 -0.38567646528425986
 0.29040514975541359
 0.739174071362661
 0.97971538920854007
 0.94426787605151563
 0.64281720510437035
 0.007579156399447378
 -0.63113212229248328
 -0.98062031368972058
 -0.94275477055799772
 -0.51431227012111369
 0.14981936313580321
 0.63466782216768436
 0.94072840847183858
 0.98178291586250066
 0.63579409428747191
 0.15126103753606987
 -0.51306108690093866
 -0.88003707807898368
 -0.99910392432213546
 -0.83672012973495158
 -0.29616520348346187
 0.38011061459907602
 0.7998882026690064
 0.99890022348249063
 0.83421053650119825
 0.29180028695165083
 -0.38433058445293944
 -0.80262056584572172
 -0.99480987132116694
 -0.831683545882551
 -0.28742928495139086
 0.24318807400921305
 0.7052986063965454
 0.99526416606126766
 0.82913921057920092
 0.28305228863950394
 -0.3927463907825941
 -0.88856480988550313
 -0.99816414828841271
 -0.82657758365299772
 -0.27866938929790458
 0.25203705689095912
 0.81071699771620309
 0.99787714938844085
 0.82399871852646989
 0.4179973205467552
 -0.10575520508773301
 -0.599716164981694
 -0.92473524121230355
 -0.95529683067236215
 -0.54808336655674661
 -0.04286488531363869
 0.47442876563596731
 0.92646373697704298
 0.95393673023051972
 0.54425795057319359
 -0.1148328922472336
 -0.60699974742872231
 -0.97413725812455376
 -0.9525567355248995
 -0.6626380579904444
 -0.033738176038133443
 0.61062258817443182
 0.92986272891087873
 0.98715768600311338
 0.65921096082010155
 0.18156329611815283
 -0.34723130615429604
 -0.86502901377401642
 -0.98641786637543472
 -0.65577011586513889
 -0.024608652350957341
 0.61782999094179081
 0.97714139178899262
 0.88866723383728807
 0.39295175212837735
 -0.1329587723074456
 -0.73383133976659254
 -0.99841779827284749
 -0.88656389225759114
