# Created by Octave 8.4.0, Thu Dec 11 09:16:06 2025 IST <gamana@Samsung>
# name: iq
# type: matrix
# rows: 2048
# columns: 1
 0.99706007033948296
 0.8958330830115131
 0.54224716769547932
 -0.11721173552297842
 -0.60890133064396568
 -0.97467563508643473
 -0.95182505386520067
 -0.53840448048633571
 0.12174574039319934
 0.72610466550790553
 0.9977183133033527
 0.81211680656676566
 0.25435403320662997
 -0.27636844752632383
 -0.82522724334078956
 -0.99801622712169602
 -0.80944368883232731
 -0.24993486888935224
 0.28075440618218883
 0.73235430365016874
 0.9982933274023793
 0.80675369022336518
 0.39074826631547099
 -0.13533214306748165
 -0.73545624545231092
 -0.99854960836650131
 -0.80404686683955928
 -0.38654055032865986
 0.28950866682443271
 0.83288742170822871
 0.99458655204620394
 0.80132327513146184
 0.3823247730738224
 -0.29387678624149521
 -0.83540614555488213
 -0.99410164801316581
 -0.69723937173125705
 -0.08085964965199921
 0.44058031145546378
 0.91146696481628098
 0.99359601208065884
 0.69395851144652154
 0.22776270875812374
 -0.44467530925009219
 -0.91333608119151988
 -0.99306965479367471
 -0.79305245980539629
 -0.22331365638335027
 0.30694400810481892
 0.84285757488642232
 0.99252258712934649
 0.79026236628191826
 0.21885994682257345
 -0.3112870671345041
 -0.8453062979285888
 -0.99964981960557098
 -0.78745579190865311
 -0.21440167295751505
 0.31562363430071849
 0.84773739218477961
 0.99976024002897124
 0.78463279521646101
 0.35686575795358699
 -0.17143145822393704
 -0.65143590665126416
 -0.98546104560661119
 -0.93360044124798824
 -0.49143957136519584
 0.17592877097638684
 0.76267586066973059
 0.99991852928111491
 0.86561044910871676
 0.34831893420021354
 -0.1804224147503094
 -0.65833821591201358
 -0.98697170672481427
 -0.93028888966230661
 -0.48346476204753758
 0.032578773816362379
 0.539444769141321
 0.89434751792973222
 0.99730982697147408
 0.8193268979110363
 0.41053706793381189
 -0.11390231364833965
 -0.60625506401228335
 -0.92782390279400195
 -0.95284142018813345
 -0.54120910228613728
 0.11843811123967478
 0.72380978565701937
 0.99748783614430614
 0.81405635073808913
 0.40219178600183031
 -0.1229714388149704
 -0.72695326304485031
 -0.9759566197678079
 -0.89117738323677409
 -0.53350643239463069
 -0.025545082696878618
 0.61709316219078447
 0.97694182433784282
 0.94859455951793425
 0.65302529690071753
 0.17349680460094399
 -0.35490626986012647
 -0.78333115921436058
 -0.99980395440413061
 -0.84884768600070171
 -0.458768420102943
 0.21235319707962388
 0.68249837391928281
 0.96038166485395848
 0.96772249425417678
 0.70245292795551217
 0.088132491563609597
 -0.56657560757064096
 -0.96164433703970265
 -0.91602919982827036
 -0.58174569153089484
 -0.083582637076471816
 0.57033270963107596
 0.96288695422024306
 0.96538036905262048
 0.6959231720412592
 0.23042228230537098
 -0.29998927131410252
 -0.83890731960218134
 -0.99926546539418393
 -0.79471385035233399
 -0.22597606066310341
 0.3043425181213476
 0.74892687579832318
 0.99943004815055925
 0.79193364505529973
 0.36792477034572635
 -0.30868941789305326
 -0.7519452059868672
 -0.99957378788416562
 -0.78913692405411384
 -0.3636745572016995
 0.31302987997501996
 0.7549478544265199
 0.98419470203205239
 0.87149073500076379
 0.49778317453547566
 -0.1687390302799123
 -0.75793475849732128
 -0.99979872672709624
 -0.7834941685839707
 -0.20814497571020177
 0.46258889234239531
 0.92133642208986943
 0.95787162097705481
 0.67598778716342178
 0.20367611970904997
 -0.32601173556565088
 -0.8535038514756933
 -0.98986864202460945
 -0.77778605465602391
 -0.19920301606094334
 0.47066694847015184
 0.92484871853944095
 0.95520861010101676
 0.54783387611315026
 0.042566904316534378
 -0.4746912950254723
 -0.85822750015938709
 -0.98853055046695493
 -0.77201305843660495
 -0.33801711923289846
 0.19119927952835253
 0.66655425462834572
 0.95413885114572949
 0.92620967709367286
 0.47383495062976799
 -0.043538697587652483
 -0.5486473611136512
 -0.95549601106452198
 -0.92447833088141018
 -0.59917633153129735
 0.04810061880376932
 0.55245965203411107
 0.95683324420089355
 0.97078868493983261
 0.59551390107624014
 -0.052661536885855127
 -0.67670425882568808
 -0.99063997145637572
 -0.85060425588363664
 -0.32076998583533983
 0.35606058235383559
 0.78409822979723109
 0.99125300021650498
 0.9191687592134139
 0.45767072341707316
 -0.061779983200696019
 -0.68340048286253452
 -0.99184535648545624
 -0.91736051401446572
 -0.58445240019361921
 -0.08690225208096268
 0.43512852706753002
 0.8345822651241197
 0.99426291516930421
 0.79948325508046658
 0.23366308595342544
 -0.43923570699769482
 -0.9108500101553022
 -0.99376407532853228
 -0.79673175151610309
 -0.37525764885050583
 0.3011671405145831
 0.74671493460754579
 0.981910840626954
 0.87753594764229947
 0.50855529701815605
 -0.0036869410735316153
 -0.63983078090230217
 -0.98276527951328996
 -0.87533701225132698
 -0.36677613873400783
 0.30986384760900021
 0.75275876160493482
 0.98359922291909652
 0.93735676535810908
 0.62705803109328695
 0.14011512559396239
 -0.38629864067209896
 -0.80389089465875141
 -0.9950246172039402
 -0.90585685224972345
 -0.42847753222482732
 0.094245825128639826
 0.59041984438793671
 0.92027078201715529
 0.99087861687119372
 0.78235290523988077
 0.35343597986706526
 -0.17504494541054377
 -0.65421517251090366
 -0.94909097831870182
 -0.97660494362994621
 -0.72900630000091904
 -0.12594267756543712
 0.39944833561707799
 0.89188951756697665
 0.99769548936931174
 0.7258727564103723
 0.12141102097190457
 -0.40363072384035797
 -0.89394552532936078
 -0.99737523200663469
 -0.81984127578264621
 -0.26725439117702826
 0.26350167441270839
 0.81760638753376536
 0.99703417447419029
 0.7195603208637491
 0.26285100805909306
 -0.26790424016846759
 -0.72319004198412096
 -0.99742383889171715
 -0.89364305358104223
 -0.53812027829209996
 -0.03100736960251144
 0.4848404102377788
 0.93086446592366345
 0.98671752975550331
 0.65715397345424653
 0.026442536515764517
 -0.61638647735605456
 -0.93252327229805121
 -0.94887831184973592
 -0.65370493758158688
 -0.021877151972351568
 0.61997607397048027
 0.93416263098438557
 0.98519270874744136
 0.65024226875192148
 0.017311311182923683
 -0.62355274104028446
 -0.93578250779400085
 -0.94595587526113267
 -0.52263478249728768
 -0.012745109367646898
 0.50073490017408062
 0.93738286894452327
 0.94446504989139402
 0.51873595737724332
 -0.14470947024985625
 -0.63066698845287272
 -0.98050268395307083
 -0.94295452778891731
 -0.63977318806970362
 -0.003612003576097977
 0.6342044204286742
 0.94052491117439774
 0.94142434045552237
 0.51090593409880236
 -0.15374061493672009
 -0.63772862612896031
 -0.98225653615836761
 -0.8766548174323272
 -0.50697489923478045
 0.0055214035258760244
 0.51646230997311038
 0.94358849556734636
 0.98012568485461038
 0.62918402735208534
 -0.010087981973328627
 -0.64473706499241601
 -0.98392844930791656
 -0.87222403267404025
 -0.36081356617801502
 0.16726305010571701
 0.64822115199523045
 0.94657336656161561
 0.93510758318871434
 0.62205885630624247
 -0.019220412485174646
 -0.52814506197965061
 -0.88828962711363857
 -0.99820027893006624
 -0.73128285119524605
 -0.12924718682223069
 0.53201739187242914
 0.94947927516166009
 0.9318320622966344
 0.61488179360742934
 0.12471743714137844
 -0.53587862659085617
 -0.95090254255329998
 -0.93016513476203078
 -0.61127398981570313
 -0.12018508648974423
 0.53972868560925691
 0.9523059789588959
 0.92847880871813848
 0.47916623207818182
 -0.18972942720639832
 -0.66543736480437243
 -0.95368955510989162
 -0.9267731193331129
 -0.60402021354809721
 0.04204280796555189
 0.54739495561019913
 0.89854426479811322
 0.99657089777049301
 0.7155193594217325
 0.25724892448168524
 -0.27348932174976931
 -0.72718478695228606
 -0.97603006659610958
 -0.9499246819238828
 -0.53322118190329848
 -0.025207970311606029
 0.48990640385738971
 0.86701264097890396
 0.98575846919369059
 0.76085722933077538
 0.17316468790596914
 -0.3552215182091768
 -0.86927912638004867
 -0.98498021969111815
 -0.6493035269555244
 -0.016076505177411264
