# Created by Octave 8.4.0, Thu Dec 11 09:16:06 2025 IST <gamana@Samsung>
# name: iq
# type: matrix
# rows: 2048
# columns: 1
 0.99706007033948296
 0.81741217677477895
 0.2631763561998442
 -0.26757933088703667
 -0.72295709950342013
 -0.99739959216031482
 -0.89379434027545168
 -0.40332217000396425
 0.12174574039319934
 0.61251750219373202
 0.9307412043625467
 0.98677225365717247
 0.7648265315825612
 0.32742682899836506
 -0.20221001589228241
 -0.77971163284007661
 -0.99990200276958874
 -0.85190037886372305
 -0.32310844176316006
 0.35375141607369498
 0.86850088041626661
 0.99982764492782827
 0.84949989429398942
 0.31878331613078459
 -0.35801914740060525
 -0.87075548362775734
 -0.99973243577145421
 -0.84708169348121221
 -0.4558054392076315
 0.21560776862847272
 0.6849297096298741
 0.9613048499970458
 0.91652386521001739
 0.451735955545704
 -0.068429320412764685
 -0.56931784686309095
 -0.96255289322519511
 -0.96570177215863195
 -0.69680949900727573
 -0.23162385210571532
 0.44111841487869557
 0.91171342092136254
 0.96450593995209644
 0.69352673492061989
 0.22717892085399657
 -0.44521220012329865
 -0.84071604235180275
 -0.99938759605057081
 -0.79268712746483883
 -0.22272925180653891
 0.3075145173729773
 0.84318003849283296
 0.99953697267526553
 0.87432127497765744
 0.36482469394694789
 -0.31185672933426212
 -0.84562645019083471
 -0.99966550404728993
 -0.78708613347960132
 -0.36056893869878703
 0.16752163237433296
 0.64842084563481195
 0.98477925608846884
 0.93501460739056352
 0.62185347507426159
 -0.019482646357389975
 -0.52836776250192941
 -0.94811962245698522
 -0.93338546174226766
 -0.49091736807458636
 0.17651889277400565
 0.76306347130970409
 0.99992600201619608
 0.77856168107880996
 0.34775691095553296
 -0.181012047936218
 -0.65878935756162205
 -0.95098368393158716
 -0.93006880782054413
 -0.48293989111003849
 0.033177953663624922
 0.6622181460394142
 0.95238598048070489
 0.92838136871562715
 0.47893600348116838
 -0.18998693966562338
 -0.77184632306809275
 -0.99999882230188708
 -0.85836209249050632
 -0.47492212768549869
 0.19446848906226558
 0.66903422027829129
 0.95513095897934219
 0.92494844217390204
 0.47089834743204406
 -0.19894598283625273
 -0.77762117540992637
 -0.99994309558021077
 -0.85364049424972288
 -0.46686474663636957
 0.20341932760986636
 0.78048430577675221
 0.99047064063879786
 0.8512529665268137
 0.46282140941885924
 -0.055988358703845706
 -0.67915351091042064
 -0.99108925768113243
 -0.91965447150011992
 -0.58915019910744659
 0.06054731728429652
 0.68249837391928281
 0.96038166485395848
 0.91785140651800046
 0.58545405011465856
 0.088132491563609597
 -0.56657560757064096
 -0.90844011502318567
 -0.9943942548903667
 -0.80022448225587572
 -0.38062901780274139
 0.29562976825788428
 0.83641303144195311
 0.99390102147704307
 0.79747748196428803
 0.37640208904310912
 -0.15070692720004675
 -0.74589292680788943
 -0.9816762563472855
 -0.87812746374023176
 -0.5096182613695085
 0.15521990264824989
 0.63888119294273482
 0.94256769103511717
 0.93936212190982626
 0.5056837509888833
 -0.0070186351243288854
 -0.5177438501891326
 -0.94408321150734609
 -0.97982756338423382
 -0.7395514844487685
 -0.29094148332762448
 0.38515923490199494
 0.80315574545163138
 0.99490081834697564
 0.90637927826073139
 0.42959307273497971
 -0.093016272330551625
 -0.58942264809752398
 -0.91978685548894856
 -0.95900345199133619
 -0.55874639580788033
 0.097562209492346161
 0.59310560008093594
 0.970065839412798
 0.90248296796936045
 0.55495322438255723
 0.051091454836268826
 -0.46716293429097694
 -0.92333257210777409
 -0.98978334287695413
 -0.67217172528928704
 -0.046530180664730178
 0.47119581278114436
 0.92507656477813749
 0.95503102527647488
 0.54733224038238693
 0.041967936110490878
 -0.60407993511190405
 -0.92680126506087157
 -0.95366701163178647
 -0.66538142519188515
 -0.037404816318760435
 0.60771295218366916
 0.97433972013122938
 0.95228310934829397
 0.53966559836386452
 -0.12025948096078005
 -0.72507435890065097
 -0.9753574455450581
 -0.89241354939925388
 -0.53581535530827096
 0.12479178969424104
 0.72821175405807848
 0.99792084509802448
 0.89034366212641014
 0.53195393787215595
 -0.12932149590627612
 -0.73133396242559634
 -0.97733185259986799
 -0.88825520681746439
 -0.39212605309391713
 0.13384850513027419
 0.62211752879892024
 0.93513413588735561
 0.98472058781311855
 0.75690822893261911
 0.3158724996931519
 -0.21414548183765864
 -0.78729410116229492
 -0.99192158334645664
 -0.84544640193264708
 -0.45307123277109945
 0.21860401502443746
 0.79010162031504583
 0.99249053843869217
 0.91529182682589483
 0.44899540760658252
 -0.071491258666853949
 -0.57183861803164726
 -0.91109728423998393
 -0.96490022720293422
 -0.69460463034444542
 -0.0772021633450269
 0.44387101636617432
 0.83990436892725195
 0.99933408385256284
 0.79359901194327176
 0.37046398183577256
 -0.15703188857470202
 -0.75014123938655175
 -0.99949029421725744
 -0.790812165192052
 -0.21973585073413712
 0.45203678212348919
 0.8448263018309673
 0.99206806997202313
 0.68468396839564494
 0.21527846681165561
 -0.4561055667485257
 -0.84726086568929992
 -0.99974017928601222
 -0.87058961707697269
 -0.49619128868304263
 0.17054692241431579
 0.650754512543403
 0.98530811818671238
 0.86833367476890355
 0.35343597986706526
 -0.32342755649263732
 -0.8520769343569492
 -0.99990666682747809
 -0.86605962344102483
 -0.34916032984535117
 0.32774544257114785
 0.85445833872757682
 0.9999586319136059
 0.77663172110021084
 0.19740496596936324
 -0.3320564935482308
 -0.76797662005141698
 -0.98755537645856961
 -0.92893675340063486
 -0.60863379684069807
 -0.11687683236262683
 0.5425304763448201
 0.95331735554538732
 0.92723629695034715
 0.60500399200341626
 0.11234020629758215
 -0.54636101681158478
 -0.95468642402066628
 -0.92551650307139577
 -0.60136156986289846
 -0.10780123738777925
 0.41612703440426646
 0.90000152013413215
 0.97144062343148863
 0.59770660638150441
 -0.049932895571018494
 -0.55398783516922856
 -0.9573648031389832
 -0.92201904689465719
 -0.464148139626821
 0.20642364779482933
 0.67805376596341482
 0.95867405792466798
 0.92024145753600073
 0.46009830557788145
 -0.21088984649677303
 -0.68140328042767151
 -0.95996331965004555
 -0.91844467662543139
 -0.58666723142977939
 0.063610856130871932
 0.68473858428850043
 0.99207748702807963
 0.84478620458292519
 0.45196993621406401
 -0.21980895658447358
 -0.68805960798840127
 -0.96248175678768133
 -0.91479369043480918
 -0.57924634576443579
 0.072723021987780773
 0.57285131597583161
 0.91160563668947248
 0.96457516552375233
 0.69371566783016436
 0.075970812445554814
 -0.4449773300437953
 -0.84057399342575734
 -0.99937838389625189
 -0.8766548174323272
 -0.36931659404445405
 0.1582514249800219
 0.64123953205676343
 0.94358849556734636
 0.98012568485461038
 0.74055846159663596
 0.14281988564772793
 -0.52036743992919077
 -0.94509078595567964
 -0.93671610823552076
 -0.49908119296237063
 0.014654350036806126
 0.64822115199523045
 0.94657336656161561
 0.97827295958773519
 0.73439005846064775
 0.28362722468448237
 -0.39219498831718441
 -0.80768168619747682
 -0.99820027893006624
 -0.82691484959557615
 -0.42268497007417344
 0.25145686109895288
 0.71132264799552403
 0.99605747492512753
 0.82433824438349557
 0.41854186373866809
 -0.25587420960649715
 -0.81303317267706665
 -0.9964522021328357
 -0.82174444767227495
 -0.27046345643873931
 0.26028622188069594
 0.71771247291264939
 0.97295691831292452
 0.8971598023399584
 0.41022955169625069
 -0.11423733350010555
 -0.60652321135819354
 -0.97400162091040132
 -0.89513330545907011
 -0.4060605193418762
 0.26909386979366645
 0.72404242682852316
 0.99751166747468134
 0.81386045126370754
 0.25724892448168524
 -0.27348932174976931
 -0.72718478695228606
 -0.97603006659610958
 -0.9499246819238828
 -0.65622259989165388
 -0.025207970311606029
 0.48990640385738971
 0.86701264097890396
 0.99987875705686646
 0.76085722933077538
 0.17316468790596914
 -0.3552215182091768
 -0.86927912638004867
 -0.99979722047228137
 -0.75788587203879176
 -0.31729274896499249
