# Created by Octave 8.4.0, Thu Dec 11 09:16:06 2025 IST <gamana@Samsung>
# name: iq
# type: matrix
# rows: 2048
# columns: 1
 0.99706007033948296
 0.81741217677477895
 0.2631763561998442
 -0.41166286191191009
 -0.89785314323009247
 -0.97259255895290297
 -0.71661680183738552
 -0.10813648706951674
 0.54989853666459632
 0.89985447880301794
 0.99631865342087256
 0.71342420240216764
 0.25435403320662997
 -0.27636844752632383
 -0.82522724334078956
 -0.99801622712169602
 -0.80944368883232731
 -0.24993486888935224
 0.28075440618218883
 0.73235430365016874
 0.9982933274023793
 0.88756644408310237
 0.52680937032475517
 -0.13533214306748165
 -0.73545624545231092
 -0.97859770037839833
 -0.88545340033792985
 -0.38654055032865986
 0.28950866682443271
 0.73854284938133441
 0.99878506466934591
 0.88332189054261379
 0.3823247730738224
 -0.14437579056859726
 -0.74161405106639489
 -0.99899969140049327
 -0.88117195914959878
 -0.37810102247061
 0.29823877688491174
 0.7446697864578582
 0.99919348408392272
 0.795826014291943
 0.373869386604954
 -0.30259454778575384
 -0.84039127412617853
 -0.99936643867810504
 -0.79305245980539629
 -0.36962995372724544
 0.30694400810481892
 0.84285757488642232
 0.99252258712934649
 0.68735344227596562
 0.21885994682257345
 -0.3112870671345041
 -0.8453062979285888
 -0.99964981960557098
 -0.87238892007601454
 -0.36112805074835524
 0.31562363430071849
 0.75673679541218208
 0.99976024002897124
 0.78463279521646101
 0.20993892776505721
 -0.31995361916473464
 -0.85015080695475087
 -0.99984981054348077
 -0.78179343507867682
 -0.20547180431535203
 0.46500949206638426
 0.8525464919069532
 0.99012744735315783
 0.67397184428203039
 0.20100039576986675
 -0.32859348091960006
 -0.76562156587699015
 -0.98697170672481427
 -0.86331479112535514
 -0.48346476204753758
 0.18491229583117941
 0.66176881208249749
 0.95220302359858278
 0.92860399486731282
 0.47946219183674782
 -0.037142715594454159
 -0.66518560712459007
 -0.98840003545151311
 -0.9268997341204479
 -0.60428893386840432
 0.041705882764596969
 0.66858852978133054
 0.98908328766509801
 0.92517614296391726
 0.47142713767571365
 -0.046268180162347322
 -0.67197750908508203
 -0.95629846520908701
 -0.9712272096662482
 -0.59698662027215366
 -0.1023670206571104
 0.42108968274909531
 0.82592413058045877
 0.99580452529075758
 0.70934677942200919
 0.24873889534825208
 -0.42522738066342897
 -0.90432863318207168
 -0.99537626063437679
 -0.70612049614130767
 -0.24431312492717491
 0.286318003155562
 0.8310388742053465
 0.99861533733890595
 0.80331197793003184
 0.23988225937810825
 -0.29069053647477588
 -0.73937491633562791
 -0.97977511379001769
 -0.88274230014638688
 -0.51796822483325666
 0.14559771938948285
 0.63136344189249582
 0.93927214572946993
 0.94265526511560149
 0.51405646439116126
 0.0027142508996653475
 -0.509392575397842
 -0.87800195033943063
 -0.98172620227317298
 -0.74606759889611551
 -0.15096620933205945
 0.51331707035921126
 0.88017868087772855
 0.9808469264002444
 0.63203151200921293
 0.14645026886832396
 -0.51723086013975772
 -0.88233705536967755
 -0.99888619500537212
 -0.83404602882728585
 -0.29151500094968152
 0.38460591340230282
 0.80279843518809202
 0.9986603018114758
 0.83151790381238011
 0.4301343611309012
 -0.092419350775549594
 -0.70551000982053125
 -0.9687983227001733
 -0.95917317570695038
 -0.55924348713722538
 -0.056250228351296921
 0.46258889234239531
 0.92133642208986943
 0.99050672924155281
 0.67598778716342178
 0.051690166626058617
 -0.46663278619843457
 -0.8535038514756933
 -0.99994026315875784
 -0.77778605465602391
 -0.34659874936696677
 0.18222648701769353
 0.76680038323000432
 0.98726520282524977
 0.86238753857084249
 0.34231150373757346
 -0.33463246164541943
 -0.85822750015938709
 -0.99999838537229402
 -0.86006665733274223
 -0.47785151315373381
 0.19119927952835253
 0.66655425462834572
 0.95413885114572949
 0.97293960590383544
 0.6028262662184477
 0.10962484661941579
 -0.5486473611136512
 -0.95549601106452198
 -0.97187427959669481
 -0.71447258176090922
 -0.10508452125710538
 0.41860992106483791
 0.90118910628606363
 0.99605082436071568
 0.7112699746563621
 0.10054200436666021
 -0.42275288344574552
 -0.90315903864523062
 -0.9696828445732264
 -0.70805253408118418
 -0.24696165236387882
 0.42688702935371275
 0.90511013570477716
 0.96855678155907665
 0.58815185864004971
 0.091450774980200711
 -0.56382707900378393
 -0.9607251061180615
 -0.9674105193813286
 -0.58445240019361921
 -0.08690225208096268
 0.43512852706753002
 0.8345822651241197
 0.99426291516930421
 0.698311884064443
 0.23366308595342544
 -0.43923570699769482
 -0.9108500101553022
 -0.96505749357654713
 -0.57701699460184863
 -0.077799864163606514
 0.44333372670715848
 0.91272536305760776
 0.99324451062833596
 0.6917451883744351
 0.073246188974974799
 -0.44742250073204154
 -0.84205089924673893
 -0.99947097594890577
 -0.87533701225132698
 -0.50461792658281668
 0.1609486409301393
 0.75275876160493482
 0.98359922291909652
 0.87311982178659209
 0.50067003238648233
 -0.012820041241621906
 -0.5226986699188424
 -0.88533147958915415
 -0.99856369517541654
 -0.73563393581916581
 -0.28538589488842303
 0.24525622822431584
 0.80659868263811108
 0.99546921963032331
 0.90391302325552925
 0.42434680629691318
 -0.24968090147450372
 -0.71003205735290709
 -0.970365004227011
 -0.90195034323742196
 -0.42020723065496823
 0.10333455741059976
 0.59776668361302476
 0.97145840219953794
 0.95601360429414595
 0.55011758475158845
 0.04529650493705354
 -0.47228473929239162
 -0.92554488003732771
 -0.98893948579507385
 -0.66786488579440773
 -0.19292606540949148
 0.33636061951733709
 0.85916763922364559
 0.98825184187956794
 0.66445900241171152
 0.18844314139406976
 -0.48031556574649814
 -0.86149543713703836
 -0.99998940073362763
 -0.8567832820780219
 -0.33198580663880228
 0.19747842878373487
 0.77667892647719483
 0.98961727890937345
 0.85441940454648735
 0.32767464277460195
 -0.20195314414651017
 -0.77954738047339189
 -0.99990564019671446
 -0.76204637929906172
 -0.17497116393201925
 0.49228647034934875
 0.86837084011363574
 0.99983247997102931
 0.84963824263651433
 0.31903190422298738
 -0.35777423772728167
 -0.87062648486684047
 -0.99973846832989566
 -0.7561005675315795
 -0.16597144449530166
 0.36203493382883944
 0.78805496053472135
 0.99207748702807963
 0.84478620458292519
 0.3103625522847524
 -0.36628807972477462
 -0.79085802944057393
 -0.99264084583298418
 -0.91479369043480918
 -0.44789157041556454
 0.22426168196300064
 0.6913662822677682
 0.96371087967815416
 0.91293956129574116
 0.57551774398311595
 -0.077276877469169419
 -0.69465853816616863
 -0.99370544782199999
 -0.91106639288515368
 -0.43970690185345124
 0.081829121348277425
 0.58031363000642855
 0.96610880593672932
 0.96212549010061099
 0.68710847180785017
 0.066860722607749459
 -0.58402667228351934
 -0.91715158044517486
 -0.99191207448445484
 -0.78724789385798333
 -0.21407228166829007
 0.3159436001005983
 0.75695720037518566
 0.99976756718698545
 0.86998133186959403
 0.35655072077143918
 -0.32027309532488762
 -0.85032831870432257
 -0.99985559799969492
 -0.86772048768357102
 -0.4911458537354722
 0.023786074093560219
 0.65514869784289442
 0.94947927516166009
 0.9318320622966344
 0.61488179360742934
 0.12471743714137844
 -0.40058020401269867
 -0.81303317267706665
 -0.9964522021328357
 -0.82174444767227495
 -0.27046345643873931
 0.26028622188069594
 0.71771247291264939
 0.97295691831292452
 0.95411641469722341
 0.66649838973862252
 0.038900987211602449
 -0.60652321135819354
 -0.92794963970399535
 -0.95273903001207627
 -0.66308693126258755
 -0.034337332617050374
 0.48192377313858803
 0.8624254734116823
 0.99997927181881596
 0.85583584132014823
 0.33025481062593198
 -0.34666904124527759
 -0.86472807410797525
 -0.9999394412608994
 -0.85346479989839097
 -0.46656650589086629
 0.051765004297932744
 0.67604300803596629
 0.95789314023449235
 0.96990183591888457
 0.70868620867103405
 0.24783150212176325
 -0.42607501114555518
 -0.90472806512921378
 -0.96877974656918697
 -0.58887768312041511
