# Created by Octave 8.4.0, Thu Dec 11 09:16:06 2025 IST <gamana@Samsung>
# name: iq
# type: matrix
# rows: 2048
# columns: 1
 0.99706007033948296
 0.8958330830115131
 0.54224716769547932
 0.035908561572159783
 -0.60890133064396568
 -0.97467563508643473
 -0.89379434027545168
 -0.40332217000396425
 0.27197672523161615
 0.72610466550790553
 0.9756866937503218
 0.95041478686084535
 0.65740811854692949
 0.17920756624578818
 -0.34947630729317497
 -0.86622816469789188
 -0.98602164326815445
 -0.7618765189682617
 -0.32310844176316006
 0.20668027481499857
 0.67824652386242867
 0.99092400356524601
 0.84949989429398942
 0.45986541708857864
 -0.2111462234393818
 -0.78539783471713998
 -0.99152754231630602
 -0.91834089914126482
 -0.4558054392076315
 0.06387260574650877
 0.5655575416944385
 0.90792318296106844
 0.99452407799023024
 0.8009644889521762
 0.38177074593872068
 -0.14496898751574733
 -0.63087051240796377
 -0.98055419032676894
 -0.88088835778813113
 -0.37754595515819683
 0.14948593972267568
 0.63440718674615271
 0.94061398283979769
 0.94133585988494217
 0.51068044846592586
 -0.0012169927623786735
 -0.51277160339566497
 -0.942154470878239
 -0.98097050610764491
 -0.74344414005284531
 -0.14707886180448676
 0.51668688773089189
 0.88203781161932693
 0.98007362009303423
 0.74038218407304623
 0.29212281523455474
 -0.2384284469169469
 -0.70181368405008948
 -0.99477550209621857
 -0.83187074051656729
 -0.28775225948871086
 0.38823179124436774
 0.88630444548282983
 0.99844916080522506
 0.73421201448290707
 0.28337570269565582
 -0.24728841396539203
 -0.70829062570729828
 -0.99566640077387125
 -0.82676733230775934
 -0.27899323612809723
 0.39663251303703095
 0.89049714453735651
 0.97628187600863758
 0.61467493103747084
 -0.028613416223251562
 -0.65878935756162205
 -0.98706798589555911
 -0.86301208685108277
 -0.34347161125692577
 0.3334684266427943
 0.76893472152711884
 0.99999540351778604
 0.86069606453987113
 0.47893600348116838
 -0.037741799180791728
 -0.66563312401798547
 -0.98849090621939795
 -0.85836209249050632
 -0.33487961217098988
 0.19446848906226558
 0.66903422027829129
 0.95513095897934219
 0.97216437610049722
 0.60016461899422868
 0.10631258127998891
 -0.4174880367582457
 -0.82368099394745231
 -0.99615971215125476
 -0.71213752157466126
 -0.10177064770085427
 0.55523372073924604
 0.90262816634349929
 0.96998389281815456
 0.59283406142640771
 -0.055988358703845706
 -0.67915351091042064
 -0.99108925768113243
 -0.91965447150011992
 -0.58915019910744659
 -0.092680508055636157
 0.429897566468319
 0.90652169075643541
 0.99486675030193172
 0.70245292795551217
 0.088132491563609597
 -0.56657560757064096
 -0.96164433703970265
 -0.96656151042960048
 -0.58174569153089484
 -0.083582637076471816
 0.43812590268212964
 0.83641303144195311
 0.99390102147704307
 0.79747748196428803
 0.23042228230537098
 -0.44222640802835655
 -0.91222008763525775
 -0.96417909475583619
 -0.5742926551933929
 0.07876957415834368
 0.57781115293558072
 0.96531192032584046
 0.91044811152414251
 0.43836165735905963
 -0.083321268984552388
 -0.58153233821740702
 -0.96649421867844976
 -0.90854972200353745
 -0.56679171182125632
 -0.065366737446402923
 0.4544722474186727
 0.84628500582049038
 0.99172092001569312
 0.68269004969697578
 0.060809116983152368
 -0.45853535123706013
 -0.84870900418237416
 -0.99112415953073163
 -0.67934600227974873
 -0.056250228351296921
 0.59262281808500161
 0.96992008031741128
 0.95787162097705481
 0.55545184092149236
 -0.10150972301813228
 -0.71195336393539066
 -0.99613671377553947
 -0.82382969408846374
 -0.2739938510167535
 0.40140262300969998
 0.81355553479764497
 0.99754851296243552
 0.82123252410635128
 0.4135728135876256
 -0.26115292972931092
 -0.71833732746926005
 -0.97316389613177423
 -0.95384720949172808
 -0.66582883744112153
 -0.19024443905519753
 0.47870574193700199
 0.92828386484757086
 0.98783057403202179
 0.66241465481381889
 0.18575915252785319
 -0.34322527295248667
 -0.77552208599333883
 -0.98935194803207749
 -0.85537113379660201
 -0.46980850632099586
 0.20015612234780542
 0.67333494291237483
 0.95683324420089355
 0.92272770475762633
 0.59551390107624014
 0.10054200436666021
 -0.55626042145876686
 -0.95815052266696876
 -0.9696828445732264
 -0.59183905123294156
 0.057221356716363872
 0.56004959012291766
 0.90511013570477716
 0.96855678155907665
 0.70482032713478615
 0.091450774980200711
 -0.56382707900378393
 -0.9607251061180615
 -0.91736051401446572
 -0.58445240019361921
 -0.08690225208096268
 0.56759280932219036
 0.90895566155885299
 0.99426291516930421
 0.79948325508046658
 0.37948670914245436
 -0.14741240706340067
 -0.63278499592379212
 -0.93990010998605222
 -0.94204138792272474
 -0.51248206157902254
 0.15192768482357455
 0.63631452355382023
 0.94144960872359518
 0.98137545065624499
 0.63414647918112677
 -0.0036869410735316153
 -0.63983078090230217
 -0.94297947361517021
 -0.98048795545716472
 -0.74178997201371843
 -0.14463532063038551
 0.38208240309828206
 0.80116634160787004
 0.99879795529096516
 0.73871965688208541
 0.14011512559396239
 -0.38629864067209896
 -0.88533147958915415
 -0.99856369517541654
 -0.83049745413946297
 -0.42847753222482732
 0.094245825128639826
 0.59041984438793671
 0.92027078201715529
 0.95865273487232627
 0.67799868370998118
 0.20635032318008584
 -0.32342755649263732
 -0.76209490119393808
 -0.99990666682747809
 -0.86605962344102483
 -0.48824092697539156
 0.027116736590217863
 0.534835532261557
 0.95051960352096865
 0.93061783695940536
 0.48425043128684137
 -0.031681480166081341
 -0.66109548976492238
 -0.98755537645856961
 -0.86145738380298953
 -0.34058727400126604
 0.33636061951733709
 0.77089348593878015
 0.99999999929803707
 0.85912929147213657
 0.47623922634562982
 -0.19299959502625752
 -0.66792065896118524
 -0.9889505977893237
 -0.92551650307139577
 -0.47221868416594392
 0.19747842878373487
 0.67131238493471701
 0.98961727890937345
 0.9237774076299472
 0.46818829390851685
 -0.049932895571018494
 -0.55398783516922856
 -0.90198270191125685
 -0.97034689319511946
 -0.59403917778321069
 0.054493383907177437
 0.55778395400348058
 0.95867405792466798
 0.92024145753600073
 0.46009830557788145
 -0.059052735788742081
 -0.56156844030411857
 -0.95996331965004555
 -0.91844467662543139
 -0.45603887622061912
 0.063610856130871932
 0.68473858428850043
 0.99207748702807963
 0.84478620458292519
 0.3103625522847524
 -0.21980895658447358
 -0.68805960798840127
 -0.99264084583298418
 -0.84233373325760386
 -0.44789157041556454
 0.072723021987780773
 0.57285131597583161
 0.91160563668947248
 0.96457516552375233
 0.57551774398311595
 0.075970812445554814
 -0.4449773300437953
 -0.91347334786286249
 -0.96336037320867463
 -0.69041926913453366
 -0.22298493867120009
 0.4490623659983633
 0.84303899794670245
 0.99952895764717375
 0.79005568291226769
 0.21853088889063887
 -0.45313803679809933
 -0.91715158044517486
 -0.99191207448445484
 -0.6837833448964501
 -0.21407228166829007
 0.45720425744531024
 0.91896202514489145
 0.99132209360340251
 0.78442368682047992
 0.20960920998794641
 -0.32027309532488762
 -0.85032831870432257
 -0.99071143879023971
 -0.6770903799978768
 -0.053185367713742382
 0.46530800927823351
 0.85272269244596266
 0.99992277691483245
 0.77872625473123713
 0.20067004565239421
 -0.46934537146098876
 -0.85509928273339597
 -0.99996910253138693
 -0.7758531484989436
 -0.19619413942258937
 0.33322114493355337
 0.7687670104067964
 0.99999457388324242
 0.86082956821913825
 0.47916623207818182
 -0.03747970176815317
 -0.66543736480437243
 -0.95368955510989162
 -0.9267731193331129
 -0.60402021354809721
 -0.11111296041333159
 0.54739495561019913
 0.95505324215194976
 0.97222579552915267
 0.7155193594217325
 0.10657337418694574
 -0.55121100671340062
 -0.90053914430225124
 -0.97114684364983439
 -0.59671605039669295
 0.05116629481860268
 0.67560113478077399
 0.95772083556631227
 0.92154022886593456
 0.59304526398535662
 -0.055726485204822873
 -0.6789609728205056
 -0.95902468630621518
 -0.96892820327769935
 -0.58936210966894675
 0.060285513420233333
