# Created by Octave 8.4.0, Thu Dec 11 09:16:06 2025 IST <gamana@Samsung>
# name: iq
# type: matrix
# rows: 2048
# columns: 1
 0.99706007033948296
 0.81741217677477895
 0.2631763561998442
 -0.41166286191191009
 -0.82003431881388944
 -0.99669975492155383
 -0.81477298767905471
 -0.25876789299367536
 0.41582037352034329
 0.89985447880301794
 0.97152058492562143
 0.71342420240216764
 0.10359543274975808
 -0.55370705885596561
 -0.95726733173653833
 -0.9704283499248888
 -0.710216724570086
 -0.24993486888935224
 0.28075440618218883
 0.82779791753061049
 0.99549412439592866
 0.80675369022336518
 0.24551049220311386
 -0.42824053105714127
 -0.83035132807013867
 -0.99854960836650131
 -0.80404686683955928
 -0.24108099541788655
 0.28950866682443271
 0.73854284938133441
 0.99878506466934591
 0.88332189054261379
 0.3823247730738224
 -0.14437579056859726
 -0.63040525104876677
 -0.98043636236127607
 -0.94306674230411036
 -0.64003232751865924
 -0.15669884238927639
 0.37077718740857579
 0.8774101499200383
 0.98196046852828767
 0.63651683455885644
 0.15218691789985109
 -0.37501452045592854
 -0.87959183670055963
 -0.99914313223323781
 -0.74384495350793745
 -0.14767181956608888
 0.37924403260955986
 0.79932567724122838
 0.99423482618450487
 0.90906497418168908
 0.56780872985143183
 0.066599024229182319
 -0.58423955633417979
 -0.91725607877992499
 -0.96079785708328713
 -0.5640436772560169
 -0.062041763045416379
 0.45743750616528306
 0.91906542379149492
 0.99128758100646241
 0.78426098528443078
 0.35630566381819206
 -0.32052155160483159
 -0.76010394507765244
 -0.99986002074606939
 -0.78141948139773487
 -0.3520349582153795
 0.17651889277400565
 0.76306347130970409
 0.99992600201619608
 0.8653101111236956
 0.34775691095553296
 -0.3291596362235587
 -0.85523523768182264
 -0.98939008741680945
 -0.77568764392683509
 -0.34347161125692577
 0.18550142810862433
 0.6622181460394142
 0.95238598048070489
 0.97426376220703059
 0.60744511130886403
 0.11538970234524717
 -0.40917133979595066
 -0.8184675601388407
 -0.99719895765191047
 -0.89501634929027651
 -0.40582081906933309
 0.26934646894041164
 0.72422331303918408
 0.97508422786670002
 0.89297011361220469
 0.40164283463597866
 -0.27374159579893415
 -0.82368099394745231
 -0.99784048800762737
 -0.89090525512361429
 -0.5329992784866211
 -0.024945769805903319
 0.61756479500956363
 0.93306290263883518
 0.94840464974003225
 0.65257115358035622
 0.020380225184827103
 -0.62115016073397611
 -0.97803180066825379
 -0.88671984235211354
 -0.52524920526344476
 0.1371495197763625
 0.73669800137329189
 0.99864669548498619
 0.80295479393864755
 0.23930021665734427
 -0.43401626026004414
 -0.83390129996400719
 -0.9943942548903667
 -0.80022448225587572
 -0.23486369851189498
 0.43812590268212964
 0.83641303144195311
 0.99908004304739784
 0.79747748196428803
 0.23042228230537098
 -0.44222640802835655
 -0.83890731960218134
 -0.99926546539418393
 -0.79471385035233399
 -0.22597606066310341
 0.44631769078305872
 0.91408155714959471
 0.99285238222274652
 0.68933536277182117
 0.069922994692288284
 -0.58153233821740702
 -0.91592396357618688
 -0.99229699825105167
 -0.68601985967528778
 -0.21706957207182662
 0.31302987997501996
 0.84628500582049038
 0.99969668159732372
 0.87149073500076379
 0.49778317453547566
 -0.016151433444036755
 -0.52553613306817071
 -0.88687569161064339
 -0.97796144940880547
 -0.62088584817830406
 -0.13229028813657909
 0.39357185195279359
 0.88897629886156937
 0.99810937180197989
 0.82607197240836805
 0.42132756391753479
 -0.2529057306336317
 -0.81124225234633263
 -0.99781828131895878
 -0.82348972479342486
 -0.27341723999365541
 0.40195163755402535
 0.81390399247921841
 0.99657709558577379
 0.89851137326958597
 0.54733224038238693
 0.041967936110490878
 -0.60407993511190405
 -0.92680126506087157
 -0.95366701163178647
 -0.54350458674249169
 -0.037404816318760435
 0.47923200562359664
 0.92850663698750324
 0.95228310934829397
 0.66196542496401622
 0.032840916452987139
 -0.48323515238183556
 -0.86318239617788683
 -0.98701387251156136
 -0.76579026388864402
 -0.18068038726057722
 0.34807306442268504
 0.86547908951437158
 0.99992184282293362
 0.76284547406125769
 0.17618695705555892
 -0.49121112914774684
 -0.93350642899691172
 -0.98550557398912264
 -0.65163487930751562
 -0.019145488278022892
 0.49518379281713676
 0.93513413588735561
 0.98472058781311855
 0.64816408847853257
 0.16718916734334063
 -0.49914612947357034
 -0.87226068289134251
 -0.99965672575733444
 -0.84544640193264708
 -0.31153630812522931
 0.36513865163940556
 0.87448489466216361
 0.98308902348526839
 0.75090784312405601
 0.30719361949593094
 -0.36938623316022245
 -0.79289266197034569
 -0.99303879523100436
 -0.91344285313471929
 -0.57652725677815253
 -0.0772021633450269
 0.44387101636617432
 0.91297014053824677
 0.96369087240910234
 0.69131213729148444
 0.22418865208546143
 -0.44795857031246838
 -0.84237411919693606
 -0.99949029421725744
 -0.87504698682238213
 -0.3662183487781972
 0.31043378884142714
 0.8448263018309673
 0.99962566030275579
 0.78800882612502365
 0.36196507827028734
 -0.31477163936862168
 -0.84726086568929992
 -0.99148368207262383
 -0.78518905320560317
 -0.35770425901355962
 0.17054692241431579
 0.75913017088655255
 0.99983384877874237
 0.78235290523988077
 0.20635032318008584
 -0.32342755649263732
 -0.76209490119393808
 -0.99990666682747809
 -0.86605962344102483
 -0.34916032984535117
 0.17953931786032531
 0.65766218888049544
 0.95051960352096865
 0.97561272956226286
 0.7258727564103723
 0.12141102097190457
 -0.40363072384035797
 -0.81496845536821072
 -0.99672707261570836
 -0.8977046154509839
 -0.41135551681729121
 0.11301035331454241
 0.60554086019085052
 0.92748864889265203
 0.98816003957529952
 0.66401085889695832
 0.035571556033356613
 -0.48084130178777795
 -0.9291862464554993
 -0.95172159376741927
 -0.66058930444052788
 -0.03100736960251144
 0.4848404102377788
 0.86410715897615442
 0.99995226986548125
 0.76460923810912385
 0.17887579425213712
 -0.34979224499924849
 -0.86639660744903924
 -0.98596540036085667
 -0.65370493758158688
 -0.17438087676587846
 0.49280821003958597
 0.86866798729944894
 0.99982132737852258
 0.75869097778854966
 0.16988232258226452
 -0.35833399507441271
 -0.87092125115799168
 -0.9843994710296855
 -0.75570808304221859
 -0.31413140947528839
 0.36259370507354283
 0.78842387647310075
 0.99215262290844974
 0.91638893144898803
 0.58247566642925475
 -0.068765747042522973
 -0.56959504976055142
 -0.9099676793875584
 -0.9656141565470755
 -0.57875755451358868
 0.073320925474022622
 0.57334260201009113
 0.9638707429922535
 0.91269474280555418
 0.57502737266173032
 0.075373027398763642
 -0.44551413093429654
 -0.91371712100103808
 -0.96319940693050832
 -0.68998545825173063
 -0.22240048904039264
 0.30783538028013108
 0.84336129110560609
 0.99954717667545245
 0.78968802398976323
 0.21794583567536724
 -0.31217711507956075
 -0.7543588147266056
 -0.98403532181835085
 -0.93650605963703171
 -0.49856160000648819
 0.015253786964101002
 0.52477213534678935
 0.94676652961209029
 0.93489497256578857
 0.62158935063365273
 -0.019819802221215446
 -0.52865403833390945
 -0.88856480988550313
 -0.99816414828841271
 -0.73087381353651881
 -0.12865268805560975
 0.53252491628911025
 0.94966724670251723
 0.97620881102840229
 0.61440890274510263
 -0.028950497499741039
 -0.65904302069962439
 -0.95108791243206647
 -0.92994486488287587
 -0.48264457491927476
 0.18583278572983522
 0.76915027238281941
 0.98784222664825339
 0.92825599487008159
 0.60717720135664366
 -0.038078777750887242
 -0.66588474714962409
 -0.95386971012119892
 -0.97314664918583926
 -0.71828519146551872
 -0.11051714876850045
 0.41364104130242635
 0.89880721535633923
 0.99652111377909025
 0.71510042164526089
 0.10597726537005564
 -0.41779443979418884
 -0.82387216943413188
 -0.99786258122388205
 -0.81084771477814355
 -0.39714701031852595
 0.27845491328665334
 0.73072137985246688
 0.97714139178899262
 0.94829767569298717
 0.52884358346608917
 -0.1329587723074456
 -0.73383133976659254
 -0.99841779827284749
