# Created by Octave 8.4.0, Thu Dec 11 09:16:06 2025 IST <gamana@Samsung>
# name: iq
# type: matrix
# rows: 2048
# columns: 1
 0.99706007033948296
 0.81741217677477895
 0.2631763561998442
 -0.41166286191191009
 -0.82003431881388944
 -0.99739959216031482
 -0.89379434027545168
 -0.53840448048633571
 0.12174574039319934
 0.61251750219373202
 0.9756866937503218
 0.95041478686084535
 0.65740811854692949
 0.026779638075654512
 -0.48853519495787168
 -0.86622816469789188
 -0.99990200276958874
 -0.85190037886372305
 -0.32310844176316006
 0.20668027481499857
 0.78256289391760381
 0.99092400356524601
 0.84949989429398942
 0.45986541708857864
 -0.059314559022868391
 -0.56178544187468848
 -0.96003675884366646
 -0.91834089914126482
 -0.4558054392076315
 0.21560776862847272
 0.6849297096298741
 0.9613048499970458
 0.91652386521001739
 0.451735955545704
 -0.068429320412764685
 -0.68824991106358091
 -0.99267257301273648
 -0.84219234522037123
 -0.30576841154300655
 0.37077718740857579
 0.79380414593267479
 0.99932172244443662
 0.74688936492934765
 0.15218691789985109
 -0.37501452045592854
 -0.87959183670055963
 -0.98108672759545423
 -0.6329880670983572
 0.0051841873744737305
 0.64098073219064022
 0.98304095823534621
 0.87461208566586512
 0.36538281225045838
 -0.16242620102223765
 -0.64447925512746196
 -0.94498052573775193
 -0.93683411263050442
 -0.62589100331904679
 0.014317164436864309
 0.64796433750803051
 0.98467487951336408
 0.9352270289765664
 0.49541164415814748
 -0.018883252709112678
 -0.65143590665126416
 -0.98546104560661119
 -0.93360044124798824
 -0.61874172821212581
 0.023448947172842981
 0.65489389015789878
 0.94937339120327868
 0.93195438336710679
 0.48745724964467341
 -0.028014152610905268
 -0.53559388212582526
 -0.95079812180511336
 -0.97541527964386687
 -0.72525496053724303
 -0.12051985628836237
 0.40445193887085795
 0.89434751792973222
 0.99730982697147408
 0.8193268979110363
 0.26638918140600432
 -0.40862424436305445
 -0.89638121253194536
 -0.97336184318883701
 -0.71893660149723992
 -0.2619847133958928
 0.4127880280337809
 0.89839621318548846
 0.99659874386674296
 0.81405635073808913
 0.40219178600183031
 -0.27316494175828576
 -0.82334089515210096
 -0.9962120225343184
 -0.71255826934013666
 -0.25315947834227942
 0.27755511442268971
 0.73008157988849232
 0.97694182433784282
 0.88909638161822035
 0.52963836788862773
 0.020979600942368393
 -0.49358918395682855
 -0.86911238135537339
 -0.98503839069289045
 -0.75810582758173006
 -0.31761252689779229
 0.21235319707962388
 0.68249837391928281
 0.96038166485395848
 0.91785140651800046
 0.45470586321335715
 -0.065105013155937183
 -0.56657560757064096
 -0.90844011502318567
 -0.96656151042960048
 -0.69919534082601087
 -0.23486369851189498
 0.29562976825788428
 0.83641303144195311
 0.99390102147704307
 0.6959231720412592
 0.079031039481038554
 -0.44222640802835655
 -0.83890731960218134
 -0.99926546539418393
 -0.87812746374023176
 -0.5096182613695085
 0.002451968787792662
 0.51383147181467992
 0.94256769103511717
 0.98072997867282441
 0.63156681724073349
 0.14585720244600886
 -0.38094083378193982
 -0.88261903416678134
 -0.97982756338423382
 -0.7395514844487685
 -0.29094148332762448
 0.38515923490199494
 0.88475658864781193
 0.99862910069091138
 0.73646992327589755
 0.28656929572213435
 -0.24405878165923398
 -0.80586807279352213
 -0.99535103343762399
 -0.90444055412780355
 -0.42546475484063667
 0.097562209492346161
 0.70916188232663657
 0.970065839412798
 0.90248296796936045
 0.42132756391753479
 -0.2529057306336317
 -0.71237422369576531
 -0.99618918079676655
 -0.82348972479342486
 -0.27341723999365541
 0.40195163755402535
 0.81390399247921841
 0.99657709558577379
 0.89851137326958597
 0.54733224038238693
 -0.11118743406544458
 -0.71875427025180472
 -0.99694422685007722
 -0.89649744755550087
 -0.54350458674249169
 0.11572466422679378
 0.60771295218366916
 0.97433972013122938
 0.95228310934829397
 0.66196542496401622
 0.18517004939254975
 -0.3437882972126497
 -0.77590042571686879
 -0.99996851064241199
 -0.85506042765754497
 -0.46927919879232782
 0.048699420167262614
 0.55295926305115228
 0.95700731056670041
 0.92249645868675645
 0.59503218556979909
 -0.053260199497821945
 -0.6771455249584406
 -0.95832196740132169
 -0.96953617140151371
 -0.70762906128587488
 -0.24638067353068496
 0.28427390587818346
 0.73484765382093153
 0.99850087127598641
 0.80458031858614487
 0.38736837114448691
 -0.13896643493271216
 -0.73793727806691978
 -0.99874042183395029
 -0.80186001883484936
 -0.38315417169083399
 0.29301855271703736
 0.83491237187186829
 0.99419861127584652
 0.79912299636577122
 0.37893198159176017
 -0.14800533499711871
 -0.74407029360156574
 -0.98115194723055799
 -0.87943136084701534
 -0.51196717669537917
 -0.00028026810314381957
 0.63677688436544455
 0.98202417657034946
 0.94029557266769315
 0.50803901515625172
 -0.0042864402721787022
 -0.64029139418445169
 -0.98287592588523542
 -0.87504698682238213
 -0.5041002585096872
 0.0088530592542075646
 0.64379255078461561
 0.98370717741206704
 0.87282740331773245
 0.36196507827028734
 -0.16604534267755786
 -0.75614960898846761
 -0.99974017928601222
 -0.87058961707697269
 -0.35770425901355962
 0.31910292536187457
 0.84967775999932593
 0.99087861687119372
 0.67799868370998118
 0.20635032318008584
 -0.46421451522251034
 -0.9220480561402048
 -0.9573431522354271
 -0.55392544587614156
 -0.049858050913958639
 0.46825450996007534
 0.9238061010348807
 0.95601360429414595
 0.67125684091562299
 0.04529650493705354
 -0.60142144191066849
 -0.97253154049542179
 -0.95466411877607582
 -0.66786488579440773
 -0.040734014305628702
 0.60506365761878733
 0.92726435688547848
 0.98825184187956794
 0.66445900241171152
 0.036170674170068154
 -0.60869325477939451
 -0.92896449571977835
 -0.9875435880617639
 -0.66103926179696526
 -0.18395628741404277
 0.48431599538613296
 0.93064526108400769
 0.98681473911223938
 0.65760573526850563
 0.027041826074332108
 -0.61591429094295513
 -0.97662105565601998
 -0.94906737002852937
 -0.53090778593700405
 0.13054600469839833
 0.73217568374252728
 0.97759256833212316
 0.94761862707272504
 0.52703228840410865
 -0.13507226835580494
 -0.62308394802830314
 -0.93557096785863769
 -0.94615012161663581
 -0.52314579966074126
 -0.013344562320217936
 0.50021587916838484
 0.9371738928716784
 0.98369370243437959
 0.75310397795260287
 0.3103625522847524
 -0.21980895658447358
 -0.68805960798840127
 -0.96248175678768133
 -0.96576984171147617
 -0.57924634576443579
 -0.080523528307652692
 0.57285131597583161
 0.96371087967815416
 0.91293956129574116
 0.57551774398311595
 -0.077276877469169419
 -0.57658848534133278
 -0.96491990446587583
 -0.91106639288515368
 -0.57177713983155798
 0.081829121348277425
 0.69793630702392573
 0.99420666880394015
 0.90917422426779237
 0.43560076978030499
 -0.23759142540159833
 -0.8019047929304397
 -0.99468715569620947
 -0.90726309490466162
 -0.56426023670636294
 0.090928394588826081
 0.70444811049079614
 0.96842614017032003
 0.90533304465219033
 0.56048409449701031
 0.057745055301892521
 -0.46126094313928362
 -0.92075330497514141
 -0.99071143879023971
 -0.6770903799978768
 -0.20514176692661742
 0.32459591128292553
 0.76289392539196699
 0.98628238008474745
 0.86544154726569933
 0.34800281151606666
 -0.32891195782272448
 -0.85509928273339597
 -0.99996910253138693
 -0.8631445581430458
 -0.34371792593314032
 0.18524369092832746
 0.66202159170945685
 0.98774885039587357
 0.86082956821913825
 0.47916623207818182
 -0.03747970176815317
 -0.66543736480437243
 -0.98845119397121139
 -0.9267731193331129
 -0.47515292767449607
 0.19421120669451822
 0.77457596549159458
 0.99998295210296995
 0.85614577945751935
 0.47112971399971271
 -0.046605037363985337
 -0.67222720714079276
 -0.98979402472519373
 -0.8537770782998112
 -0.32650759738066742
 0.20316252151698605
 0.78032030606800395
 0.99988791254349441
 0.76124612228590061
 0.17375510394757721
 -0.35466104879522864
 -0.86898262245016622
 -0.98508355736215503
 -0.75827684451423649
 -0.16925605113976636
 0.49732814920591017
