# Created by Octave 8.4.0, Thu Dec 11 09:16:06 2025 IST <gamana@Samsung>
# name: iq
# type: matrix
# rows: 2048
# columns: 1
 0.99706007033948296
 0.81741217677477895
 0.2631763561998442
 -0.26757933088703667
 -0.72295709950342013
 -0.99739959216031482
 -0.81477298767905471
 -0.40332217000396425
 0.12174574039319934
 0.61251750219373202
 0.9307412043625467
 0.95041478686084535
 0.65740811854692949
 0.026779638075654512
 -0.48853519495787168
 -0.86622816469789188
 -0.98602164326815445
 -0.7618765189682617
 -0.17471292102219657
 0.35375141607369498
 0.78256289391760381
 0.99092400356524601
 0.84949989429398942
 0.31878331613078459
 -0.2111462234393818
 -0.78539783471713998
 -0.99152754231630602
 -0.91834089914126482
 -0.4558054392076315
 0.21560776862847272
 0.78821639611625471
 0.99961637728604458
 0.75293139567673473
 0.31011321061357677
 -0.22006481733715735
 -0.68824991106358091
 -0.99267257301273648
 -0.9146877172569069
 -0.57903252519821957
 0.072984607991762596
 0.69155575910797984
 0.9932140410785969
 0.91283249357463192
 0.4435688105502032
 -0.077538373483401396
 -0.69484718481991314
 -0.9649887322131383
 -0.96328999306189333
 -0.5715619408474234
 -0.071154896496347181
 0.58052721149389108
 0.96617647717373156
 0.90906497418168908
 0.43536466339879998
 -0.086640958364850085
 -0.70138649497904204
 -0.9673440726117527
 -0.96079785708328713
 -0.5640436772560169
 -0.062041763045416379
 0.45743750616528306
 0.8480552264261183
 0.99977318748613397
 0.86985197422915883
 0.35630566381819206
 -0.17202205632633658
 -0.76010394507765244
 -0.98556272514868337
 -0.86759008943263682
 -0.3520349582153795
 0.17651889277400565
 0.65534683009168626
 0.98632564038788906
 0.93173685042504906
 0.61467493103747084
 0.12445719769369468
 -0.536100052379056
 -0.89256565897215878
 -0.9975927809538645
 -0.82159495582841269
 -0.41415131091223267
 0.26053945541214196
 0.81583521236402634
 0.99684699428045553
 0.89704391948377393
 0.54454082034982465
 0.038638901418714747
 -0.6067317227218294
 -0.97406100526838946
 -0.95265931830368522
 -0.66289057852064825
 -0.18638352895506891
 0.48215357236133188
 0.92973861019853599
 0.98721150054603468
 0.76658388232805563
 0.33000723250375069
 -0.19953346721139156
 -0.67286497702485237
 -0.95664835839469498
 -0.97094096211380831
 -0.59602428583060985
 0.052026933857566293
 0.67623625119079023
 0.95796841527318854
 0.92120526956857784
 0.46228989505802376
 -0.20847479903427638
 -0.67959342251120436
 -0.99116893315155996
 -0.91941886397094896
 -0.58866567994252117
 0.061145710446713887
 0.56330213157844045
 0.96054856688459667
 0.91761328397652675
 0.45417183831706781
 -0.2173987400559155
 -0.78934400614948819
 -0.99233871732669821
 -0.84366236101593606
 -0.4500985600028633
 0.22185395632415195
 0.79213950956971435
 0.99941860753662914
 0.84120181769794744
 0.30402127670330764
 -0.37248028622255525
 -0.79491849299250317
 -0.99342572139859497
 -0.83872373119254717
 -0.44192392822442306
 0.23075041581171793
 0.79768089846240808
 0.9990655247378426
 0.83622815318000376
 0.43782274524140236
 -0.083918673314793177
 -0.58201994412750735
 -0.91616441098525458
 -0.9615517828446648
 -0.68558354763474372
 -0.21648432361859246
 0.45500618041280882
 0.84660422771807708
 0.99971126661039378
 0.78595322204321882
 0.21202365503335402
 -0.3179322687123336
 -0.84902590539055167
 -0.99104428369290198
 -0.67890595335821213
 -0.055651663500177161
 0.46312031316029723
 0.8514298767049846
 0.99042414088762409
 0.78027343914827174
 0.20308914577979487
 -0.32657842745172744
 -0.76424785569545672
 -0.99994663618800206
 -0.86438914550077395
 -0.48533058049533734
 0.030447098077451381
 0.53764773570711577
 0.95154938063428185
 0.9748760017603072
 0.72357706217531093
 0.11810325707900529
 -0.54149263660292424
 -0.9529437020089786
 -0.97384861061456984
 -0.60598684772426525
 0.039574909776025805
 0.66700103896563889
 0.98876676377317252
 0.92598349239297739
 0.47330693411798463
 -0.044137625214724266
 -0.54914848010589656
 -0.89946252330987009
 -0.97173292160015401
 -0.59869625076160626
 0.048699420167262614
 0.67377805770053945
 0.95700731056670041
 0.97064466785397419
 0.59503218556979909
 -0.053260199497821945
 -0.55675851408126154
 -0.95832196740132169
 -0.92072406568307263
 -0.46119445201813503
 0.20968248266632986
 0.68049887040798596
 0.99133194181980266
 0.84787648216215594
 0.3158724996931519
 -0.36088345518522658
 -0.87226068289134251
 -0.99965672575733444
 -0.75391589745208354
 -0.31153630812522931
 0.21860401502443746
 0.79010162031504583
 0.99952665500974269
 0.75090784312405601
 0.15817743084431238
 -0.36938623316022245
 -0.79289266197034569
 -0.99937573922465328
 -0.84053339739696464
 -0.44491021868367014
 0.22750731161019144
 0.79566716792130066
 0.99356634228954255
 0.8380505755510308
 0.44081575119861865
 -0.23195188933175362
 -0.79842508030580706
 -0.9990113855659839
 -0.74178997201371843
 -0.29412747756966146
 0.23639162971772915
 0.7003184896409369
 0.96696348238648455
 0.96121189540502372
 0.68468396839564494
 0.21527846681165561
 -0.31477163936862168
 -0.75614960898846761
 -0.99974017928601222
 -0.78518905320560317
 -0.35770425901355962
 0.17054692241431579
 0.75913017088655255
 0.99983384877874237
 0.86833367476890355
 0.49222124044383364
 -0.17504494541054377
 -0.76209490119393808
 -0.98607777404705177
 -0.93227951256782382
 -0.48824092697539156
 0.17953931786032531
 0.65766218888049544
 0.95051960352096865
 0.93061783695940536
 0.48425043128684137
 -0.18402994603395961
 -0.76797662005141698
 -0.98755537645856961
 -0.92893675340063486
 -0.48024983659958298
 0.18851673627980456
 0.66451500356302839
 0.95331735554538732
 0.97356728359948941
 0.60500399200341626
 0.11234020629758215
 -0.54636101681158478
 -0.95468642402066628
 -0.92551650307139577
 -0.60136156986289846
 -0.10780123738777925
 0.55018016296902827
 0.95603558259739696
 0.97144062343148863
 0.71318786016985414
 0.25402788856811498
 -0.27669251862572475
 -0.72946779440294807
 -0.99803740086770543
 -0.80924562749002904
 -0.24960833620042683
 0.28107804804847464
 0.82798706032986946
 0.99546209140484987
 0.80655438456449347
 0.24518357827358583
 -0.42854524143090444
 -0.90588859223877527
 -0.99501714838476762
 -0.80384632102063036
 -0.24075370706548865
 0.43266688414771959
 0.83307400675438814
 0.99455145437254244
 0.70026499464550118
 0.085074564858861945
 -0.43677950363603685
 -0.90971891406343963
 -0.99406501908017475
 -0.69699759914860648
 -0.231878994448591
 0.29856063441505654
 0.74489481655070955
 0.99920696820001331
 0.7956217731899673
 0.22743433812111521
 -0.30291594242750181
 -0.84057399342575734
 -0.99937838389625189
 -0.8766548174323272
 -0.36931659404445405
 0.1582514249800219
 0.75095733059333059
 0.99952895764717375
 0.79005568291226769
 0.36506888685045302
 -0.16275893470427472
 -0.75396512742134258
 -0.99965868631257737
 -0.78724789385798333
 -0.21407228166829007
 0.3159436001005983
 0.75695720037518566
 0.98473363488519361
 0.93510758318871434
 0.49511868617650917
 -0.019220412485174646
 -0.52814506197965061
 -0.88828962711363857
 -0.99820027893006624
 -0.73128285119524605
 -0.27924509506351897
 0.25145686109895288
 0.71132264799552403
 0.99605747492512753
 0.90115662367122262
 0.55239718669227666
 -0.10515904404881884
 -0.71452501113115185
 -0.97189192478739406
 -0.89916758903474137
 -0.54858470737123244
 -0.043463830529603772
 0.47390094072350675
 0.92623792677698591
 0.95411641469722341
 0.66649838973862252
 0.19112572350826018
 -0.33808764542683351
 -0.86010488691058218
 -0.99999824789995395
 -0.76967584934310729
 -0.33456184298063663
 0.34238191350790442
 0.7749550010800943
 0.99997927181881596
 0.85583584132014823
 0.33025481062593198
 -0.34666904124527759
 -0.86472807410797525
 -0.9999394412608994
 -0.85346479989839097
 -0.32594089083721095
 0.20374948630750056
 0.67604300803596629
 0.9905170277556401
 0.92130728613903012
 0.4625224530463129
 -0.056325047540602191
 -0.67940099123065623
 -0.95919436693370819
 -0.96877974656918697
 -0.70545689928489297
