# Created by Octave 8.4.0, Thu Dec 11 09:16:06 2025 IST <gamana@Samsung>
# name: iq
# type: matrix
# rows: 2048
# columns: 1
 0.99706007033948296
 0.81741217677477895
 0.2631763561998442
 -0.26757933088703667
 -0.82003431881388944
 -0.99669975492155383
 -0.81477298767905471
 -0.40332217000396425
 0.27197672523161615
 0.82263935911185238
 0.99631865342087256
 0.71342420240216764
 0.25435403320662997
 -0.27636844752632383
 -0.82522724334078956
 -0.99591677378527643
 -0.710216724570086
 -0.24993486888935224
 0.42410929452530416
 0.82779791753061049
 0.99549412439592866
 0.80675369022336518
 0.24551049220311386
 -0.42824053105714127
 -0.90574572222887484
 -0.99505071406714374
 -0.80404686683955928
 -0.38654055032865986
 0.13985542515412888
 0.73854284938133441
 0.99878506466934591
 0.80132327513146184
 0.23664647091041779
 -0.436476125398505
 -0.9095788398803798
 -0.96585726208474876
 -0.57952119936716195
 -0.08085964965199921
 0.5725748770931568
 0.91146696481628098
 0.99359601208065884
 0.795826014291943
 0.373869386604954
 -0.15340739435657474
 -0.7477099918286475
 -0.98219323712585571
 -0.87681701130020206
 -0.50726554167848714
 0.15791844437680813
 0.75073460377554946
 0.98304095823534621
 0.93842165869421512
 0.62944609872927793
 0.14315364154996899
 -0.38346563566337838
 -0.80206146680018797
 -0.99872344485238629
 -0.73770965602296679
 -0.13863247807766196
 0.52397452491172358
 0.8860266541137356
 0.97834281697030223
 0.73461889791047752
 0.13410842343763146
 -0.52785867935254538
 -0.88813469650019505
 -0.99822044475942118
 -0.82710443109173448
 -0.27956888546549696
 0.25113046123705945
 0.81016824749014416
 0.99602750333649714
 0.90130275558293516
 0.55267825629644496
 -0.10482368684166825
 -0.59896632268215722
 -0.92437830773569063
 -0.98939008741680945
 -0.77568764392683509
 -0.34347161125692577
 0.3334684266427943
 0.76893472152711884
 0.98778974619014315
 0.86069606453987113
 0.33917914848910674
 -0.18998693966562338
 -0.66563312401798547
 -0.95376841510680677
 -0.97322421740503984
 -0.71851977171296921
 -0.1108522977199087
 0.54761443469753268
 0.95513095897934219
 0.97216437610049722
 0.60016461899422868
 0.10631258127998891
 -0.4174880367582457
 -0.90065314739641111
 -0.97108426039629825
 -0.59650556024492263
 0.051428232491258427
 0.55523372073924604
 0.90262816634349929
 0.96998389281815456
 0.59283406142640771
 0.097226591704109466
 -0.55902603440189202
 -0.9045843610622607
 -0.96886329631413692
 -0.70569586549307994
 -0.092680508055636157
 0.429897566468319
 0.83137217755029091
 0.99864669548498619
 0.80295479393864755
 0.38484800857883378
 -0.14167164154906572
 -0.62828195559010802
 -0.93790331511077729
 -0.94397197361676277
 -0.51745531617108087
 -0.0066814220535604723
 0.50597464915570589
 0.93947771061620244
 0.9824734317532009
 0.63862173069241412
 0.15488675998232163
 -0.50990837753160867
 -0.94103251339940608
 -0.9409183725946465
 -0.5096182613695085
 0.002451968787792662
 0.63888119294273482
 0.98253623478184693
 0.87593347296118218
 0.36792477034572635
 -0.15972964099951256
 -0.6423877224089799
 -0.98337572251258365
 -0.93778628091338123
 -0.5017386946196043
 0.011585155087853634
 0.64588085493770186
 0.94557904321004638
 0.93619088246932725
 0.62445921898958623
 -0.016151433444036755
 -0.52553613306817071
 -0.94705515494779313
 -0.97796144940880547
 -0.62088584817830406
 0.020717374963544161
 0.65282663806760977
 0.98577106854626595
 0.93294154673311502
 0.48984107340721511
 -0.025282884424066471
 -0.53328457614273284
 -0.89105836659263005
 -0.99781828131895878
 -0.72713334434054777
 -0.12323172689716683
 0.40195163755402535
 0.89312185138248557
 0.99750638142641856
 0.82089030337516489
 0.41302690829119881
 -0.26173158241395567
 -0.81654875871836308
 -0.99717367862900375
 -0.81827376236426919
 -0.26462053999945312
 0.41029789267069405
 0.89719290039186705
 0.97293960590383544
 0.6028262662184477
 -0.043538697587652483
 -0.5486473611136512
 -0.89920037971003641
 -0.97187427959669481
 -0.71447258176090922
 -0.10508452125710538
 0.41860992106483791
 0.82438066428653922
 0.99792084509802448
 0.89034366212641014
 0.53195393787215595
 -0.12932149590627612
 -0.73133396242559634
 -0.97733185259986799
 -0.94801236134682287
 -0.65163487930751562
 -0.019145488278022892
 0.49518379281713676
 0.8700182802033074
 0.98472058781311855
 0.64816408847853257
 0.01457942004615246
 -0.62568642452632262
 -0.93674234064043382
 -0.94506629297245326
 -0.64467978024642647
 -0.16268499548422688
 0.36513865163940556
 0.79010162031504583
 0.99952665500974269
 0.75090784312405601
 0.15817743084431238
 -0.50703949142794102
 -0.87669086913002936
 -0.99937573922465328
 -0.74788412868125476
 -0.15366656742847584
 0.51097035211053232
 0.94144960872359518
 0.94049945024301207
 0.63414647918112677
 -0.0036869410735316153
 -0.51489055655288429
 -0.94297947361517021
 -0.93893789853280041
 -0.50461792658281668
 0.0082535772213779592
 0.51880002299952621
 0.94448967275556528
 0.93735676535810908
 0.50067003238648233
 -0.012820041241621906
 -0.64682319170808622
 -0.98441265345254958
 -0.87088442248734499
 -0.49671169676217664
 0.16995617082962328
 0.75873979406764036
 0.99982274110411873
 0.8686308609726765
 0.35399672753549227
 -0.32286021601341536
 -0.85176299094723662
 -0.99989829655683926
 -0.77987583156855622
 -0.20246687372753197
 0.46772470795091431
 0.92357640854991629
 0.98969253739172902
 0.77700924197656385
 0.19799263740971601
 -0.47175622405012824
 -0.85651265778517405
 -0.98902822624331277
 -0.66831096608754659
 -0.19351427197345175
 0.33579598627634649
 0.85886072213434583
 0.99999984205834835
 0.85943593837696164
 0.47676629402108173
 -0.040209878126289261
 -0.54585880423761202
 -0.95450783195983091
 -0.92574337325759704
 -0.47274705089475788
 0.19689069525206784
 0.67086792725114253
 0.98953093577264317
 0.85473074362827628
 0.32824098959001718
 -0.2013659565870686
 -0.67424749498310488
 -0.99017968862934225
 -0.92225097586733729
 -0.46467907137845199
 0.20583701845338415
 0.67761300134487346
 0.9908077913786828
 0.84995424792359497
 0.31960002313600977
 -0.35721435179430017
 -0.87033140566819012
 -0.98460972637384481
 -0.75649278027463351
 -0.3152694969780277
 0.21476617089501793
 0.68430154950322508
 0.96106708211217839
 0.91686822237936105
 0.58344985888275414
 -0.067569528206502957
 -0.56860914539770646
 -0.90946982178178148
 -0.99413005902736373
 -0.69742736225788915
 -0.23246211701882688
 0.29798841980098012
 0.74449470450516952
 0.99918291788155822
 0.87912868123273025
 0.51142119782764928
 -0.15314821073141613
 -0.63726673695191594
 -0.98214392732476352
 -0.87694309315205521
 -0.50749155703303084
 0.0049219077360410637
 0.64077939301056042
 0.98299282535971388
 0.93851224311500481
 0.62964988253721943
 0.1434132182211777
 -0.38322338967362934
 -0.88377743994263036
 -0.99873665898641506
 -0.83234869697174474
 -0.28857749010972156
 0.2420248867701672
 0.8046248177948423
 0.99514689847830351
 0.90533304465219033
 0.56048409449701031
 -0.095475234185722443
 -0.5914161401871515
 -0.92075330497514141
 -0.99071143879023971
 -0.78158312069830338
 -0.20514176692661742
 0.32459591128292553
 0.85272269244596266
 0.99008012278011326
 0.67372268159183635
 0.048624570949613463
 -0.46934537146098876
 -0.85509928273339597
 -0.9894281587390571
 -0.7758531484989436
 -0.34371792593314032
 0.33322114493355337
 0.7687670104067964
 0.98774885039587357
 0.92847880871813848
 0.47916623207818182
 -0.03747970176815317
 -0.66543736480437243
 -0.98845119397121139
 -0.9267731193331129
 -0.47515292767449607
 0.04204280796555189
 0.54739495561019913
 0.89854426479811322
 0.99657089777049301
 0.7155193594217325
 0.10657337418694574
 -0.41724969046119159
 -0.82353223714346102
 -0.99618264199878725
 -0.71232163022430739
 -0.10203156538250441
 0.42139552464273106
 0.90251524314443954
 0.97004763859141163
 0.59304526398535662
 0.097487628719073738
 -0.42553257065895028
 -0.90447252011329171
 -0.99534381309045672
 -0.70588167261913093
 -0.092941658960011372
