# Created by Octave 8.4.0, Thu Dec 11 09:16:06 2025 IST <gamana@Samsung>
# name: iq
# type: matrix
# rows: 2048
# columns: 1
 0.99706007033948296
 0.8958330830115131
 0.54224716769547932
 0.035908561572159783
 -0.48054559651702428
 -0.92906155275357227
 -0.98750228500057424
 -0.76776059380909523
 -0.18369847411188231
 0.34519391021604329
 0.86393738386991581
 0.98677225365717247
 0.65740811854692949
 0.026779638075654512
 -0.6161208997466926
 -0.97667740455693652
 -0.88966097771079677
 -0.53068550131166847
 0.13080603864129745
 0.73235430365016874
 0.9982933274023793
 0.80675369022336518
 0.39074826631547099
 -0.28513450973044718
 -0.73545624545231092
 -0.97859770037839833
 -0.94606518067421075
 -0.64702319695337762
 -0.16571279352017626
 0.36227941227075194
 0.87299192731282182
 0.98364649651042202
 0.64353447266247155
 0.0085158509884466927
 -0.50439146910589572
 -0.8752101648306293
 -0.98281373076484568
 -0.74991820004097443
 -0.15669884238927639
 0.50832944618280662
 0.8774101499200383
 0.99932172244443662
 0.74688936492934765
 0.15218691789985109
 -0.51225682209534928
 -0.94195336044907441
 -0.98108672759545423
 -0.74384495350793745
 -0.14767181956608888
 0.51617351493844721
 0.88175517967331396
 0.99894370498287544
 0.834726723741544
 0.43536466339879998
 -0.086640958364850085
 -0.70138649497904204
 -0.99471412193617259
 -0.83220329738643806
 -0.28832635562389775
 0.38767924157623307
 0.80478052944019018
 0.99848235643527605
 0.73461889791047752
 0.28395058142647778
 -0.39188476247376564
 -0.88813469650019505
 -0.97738734773531
 -0.61874172821212581
 0.023448947172842981
 0.53173182534861707
 0.89022421691831999
 0.97641149517605841
 0.72839148523155783
 0.27518135912083291
 -0.25554820013760671
 -0.71428904737035315
 -0.99642376475119299
 -0.82193656840597684
 -0.41469690979581653
 0.10936414063460427
 0.60261697710835183
 0.97287896944569174
 0.89730870389519868
 0.54504354703316671
 0.039237950724844595
 -0.60625506401228335
 -0.97392517113889421
 -0.95284142018813345
 -0.54120910228613728
 -0.034674352783172553
 0.60988050752199152
 0.92951769366217263
 0.9514456324359305
 0.53736337067249562
 0.030110031711012196
 -0.61349323202917039
 -0.9759566197678079
 -0.89117738323677409
 -0.39800651997194264
 0.27755511442268971
 0.73008157988849232
 0.99809321681110275
 0.88909638161822035
 0.39381295355228096
 -0.28193949870042923
 -0.73319467094717705
 -0.9779066548749713
 -0.94713933381100757
 -0.5257592578226381
 0.13655565629267968
 0.62425433944085562
 0.97885109125774172
 0.94566435559940187
 0.64608106957776812
 0.011847420072184065
 -0.50151179753412556
 -0.9376951805861069
 -0.94416965564365596
 -0.64258870869742002
 -0.007280911407297354
 0.63136344189249582
 0.98067870320139328
 0.88058739468803771
 0.51405646439116126
 0.0027142508996653475
 -0.509392575397842
 -0.94082952243764828
 -0.98172620227317298
 -0.74606759889611551
 -0.30023946390148659
 0.23016704923830103
 0.79731920643367349
 0.99387206381583204
 0.83655675988810607
 0.43836165735905963
 -0.083321268984552388
 -0.58153233821740702
 -0.96649421867844976
 -0.90854972200353745
 -0.56679171182125632
 0.087871226153273418
 0.70226622907149605
 0.99484017471709107
 0.90663238476110664
 0.4301343611309012
 -0.092419350775549594
 -0.58893824801691086
 -0.91955143387160576
 -0.95917317570695038
 -0.67934600227974873
 -0.056250228351296921
 0.59262281808500161
 0.96992008031741128
 0.95787162097705481
 0.55545184092149236
 -0.10150972301813228
 -0.59629502905811249
 -0.97102161033957579
 -0.90076708853249832
 -0.55164861080812788
 -0.047129026907081685
 0.47066694847015184
 0.92484871853944095
 0.95520861010101676
 0.66922913426856767
 0.1947257580520656
 -0.4746912950254723
 -0.92657595352213129
 -0.95384720949172808
 -0.54400771639250467
 0.11512916736350326
 0.72150687115320833
 0.97420460722463287
 0.95246591648562962
 0.66241465481381889
 0.03344009110984917
 -0.6108587542280044
 -0.97522500136899581
 -0.89268389624526956
 -0.53632144128767723
 0.12419694968429182
 0.6144680261825699
 0.97622505728464248
 0.9496437689242001
 0.53246148620005185
 0.02431048835748555
 -0.61806448346233855
 -0.93329130271644045
 -0.98560709856610962
 -0.65208950559648549
 -0.17228042356740925
 0.49466286186017294
 0.93492156727054621
 0.98482480954644724
 0.75729988143405402
 0.31644125325140804
 -0.36032428641518216
 -0.87196734401615261
 -0.98402198209493885
 -0.75430961863744106
 -0.3121059213139159
 0.36458047594628912
 0.78973399687906265
 0.99954491894284536
 0.75130362478232604
 0.3077640804358302
 -0.36882906218473727
 -0.87640231771474386
 -0.9823547792959354
 -0.74828196255844681
 -0.30341582116580706
 0.22692348795870262
 0.69333775430174116
 0.96443664802979368
 0.91182114243432699
 0.5732812025212044
 -0.080000654696211773
 -0.69662135093078159
 -0.96563363617287878
 -0.96262396344641865
 -0.56953345471323735
 0.084551888970616357
 0.58253657800469949
 0.96681048611430065
 0.90803308413177553
 0.43313974907902392
 -0.24024453744627602
 -0.80353417917116288
 -0.99496471019671173
 -0.83083124203139913
 -0.42901913846794526
 0.093648972674699113
 0.70638470056819525
 0.96910367364021632
 0.90416927843456896
 0.55821925975154996
 0.055017162925071701
 -0.4636834374954496
 -0.92181583720699822
 -0.99033620859227778
 -0.67507720063547971
 -0.050456800295622002
 0.59728597179663523
 0.97131601931168288
 0.95618928038653395
 0.67170108749407231
 0.19799263740971601
 -0.47175622405012824
 -0.85651265778517405
 -0.98902822624331277
 -0.77412644792750684
 -0.19351427197345175
 0.33579598627634649
 0.77051148493708665
 0.99999984205834835
 0.77122750954177499
 0.3368545744428309
 -0.34009402346415307
 -0.86119087502127423
 -0.99999198125360811
 -0.76831248727644663
 -0.33255124967947286
 0.19689069525206784
 0.77630116135875893
 0.99996326570703487
 0.76538144192408231
 0.32824098959001718
 -0.2013659565870686
 -0.67424749498310488
 -0.99017968862934225
 -0.92225097586733729
 -0.46467907137845199
 0.053894760962600277
 0.67761300134487346
 0.95850332277440242
 0.96938031739622599
 0.70717990245368956
 0.094768043247161982
 -0.5610722916725851
 -0.95979521066420526
 -0.96824878958938965
 -0.70394371380501819
 -0.24133553407346375
 0.43212632130727791
 0.90756163939843948
 0.96709706904209614
 0.70069284447422997
 0.085671880057528363
 -0.43624013022962893
 -0.83526195740363451
 -0.99898792851145068
 -0.88129593516468974
 -0.51534017297971846
 0.14863378052513182
 0.74449470450516952
 0.98127454676752734
 0.87912868123273025
 0.37411263632579783
 -0.30234455038368657
 -0.84024909304288897
 -0.99935706938277469
 -0.79321220308449691
 -0.22356930816004994
 0.30669437559828905
 0.75056131278222915
 0.98299282535971388
 0.87473921650293274
 0.50355133254811568
 -0.16216739538656585
 -0.75357116913722322
 -0.99964284468553211
 -0.87251709724699622
 -0.36137262146864441
 0.31537474719576175
 0.75656530983403103
 0.9997544625272542
 0.87027678172632683
 0.35711075881816684
 -0.17117305216711148
 -0.75954367243008336
 -0.99984523058057562
 -0.86801831666252882
 -0.49166797977536669
 0.17567057279463055
 0.76250619481193627
 0.98618324461786944
 0.8657417491556576
 0.48768624444110664
 -0.027751971601748842
 -0.53537237209859767
 -0.95071683091542147
 -0.93038507033518414
 -0.48369433845454268
 0.032316628938552507
 0.6615721536763477
 0.98765511914161686
 0.9287012888662467
 0.47969234506656072
 -0.18914077831673098
 -0.77129810450025671
 -0.98836016778358704
 -0.92699813941640441
 -0.47568034773834422
 0.04144382654965674
 0.54689314774489595
 0.89828099129858441
 0.97236593164019758
 0.71593804003700734
 0.25782820598727979
 -0.27291262473125366
 -0.7267731317403282
 -0.97589941772691657
 -0.89129633857472446
 -0.53372825194534723
 -0.025807279212384109
 0.61688675308117347
 0.97688579182994772
 0.94867753784339925
 0.52986082427676207
 0.02124182547795625
 -0.62047455498489301
 -0.97785179306862535
 -0.94722344751826693
 -0.64975935062759882
 -0.016675928747218131
 0.62404941694819249
