# Created by Octave 8.4.0, Thu Dec 11 09:16:06 2025 IST <gamana@Samsung>
# name: iq
# type: matrix
# rows: 2048
# columns: 1
 0.99706007033948296
 0.81741217677477895
 0.2631763561998442
 -0.41166286191191009
 -0.89785314323009247
 -0.99669975492155383
 -0.81477298767905471
 -0.25876789299367536
 0.41582037352034329
 0.89985447880301794
 0.99631865342087256
 0.81211680656676566
 0.25435403320662997
 -0.27636844752632383
 -0.82522724334078956
 -0.99801622712169602
 -0.80944368883232731
 -0.39494783328271993
 0.13080603864129745
 0.61971144815431445
 0.93404224138678449
 0.94753482023462876
 0.65049842763434806
 0.17021463217652491
 -0.49648404018293579
 -0.87075548362775734
 -0.99973243577145421
 -0.7559288889967074
 -0.16571279352017626
 0.50044297299076146
 0.87299192731282182
 0.98364649651042202
 0.75293139567673473
 0.1612074989385934
 -0.50439146910589572
 -0.8752101648306293
 -0.99947947189198894
 -0.84219234522037123
 -0.30576841154300655
 0.22451727661408843
 0.79380414593267479
 0.9932140410785969
 0.83972129973922371
 0.30141723570001927
 -0.37501452045592854
 -0.87959183670055963
 -0.98108672759545423
 -0.74384495350793745
 -0.14767181956608888
 0.37924403260955986
 0.79932567724122838
 0.99894370498287544
 0.834726723741544
 0.43536466339879998
 -0.23784618978820501
 -0.80206146680018797
 -0.99872344485238629
 -0.83220329738643806
 -0.43124892776542673
 0.091189587921087126
 0.70463424304951916
 0.96849149417710867
 0.95952171996815627
 0.68025173333747047
 0.057483207986331115
 -0.46149364166221007
 -0.92085560177722303
 -0.99067573919877039
 -0.67689734269446189
 -0.052923454120163547
 0.5953031768677769
 0.97072572039354965
 0.95690944055429616
 0.55267825629644496
 0.048362596540172997
 -0.59896632268215722
 -0.92437830773569063
 -0.98939008741680945
 -0.77568764392683509
 -0.34347161125692577
 0.3334684266427943
 0.76893472152711884
 0.99999540351778604
 0.77279742987957578
 0.19145671714048751
 -0.47762109668853364
 -0.85993281577640979
 -0.99999882230188708
 -0.85836209249050632
 -0.33487961217098988
 0.19446848906226558
 0.66903422027829129
 0.98917145136069295
 0.92494844217390204
 0.60016461899422868
 0.10631258127998891
 -0.4174880367582457
 -0.82368099394745231
 -0.99784048800762737
 -0.89090525512361429
 -0.5329992784866211
 -0.024945769805903319
 0.61756479500956363
 0.977069646269493
 0.8888218168869445
 0.52912975935153383
 0.020380225184827103
 -0.62115016073397611
 -0.93469587767668683
 -0.98493489813929835
 -0.75771473591924188
 -0.31704400784765441
 0.21293898995673863
 0.7865320410317943
 0.99176416681488366
 0.91761328397652675
 0.58496792371446682
 0.087535304603103034
 -0.56706950284859436
 -0.96180860780868604
 -0.96640760301753192
 -0.69876661142307306
 -0.23428092150626556
 0.29620242279567877
 0.83674146904181346
 0.99383473207418238
 0.79711562872927277
 0.22983886917435997
 -0.30056110973383704
 -0.83923346343101557
 -0.99331805066669221
 -0.69220395107927979
 -0.22539202357372476
 0.44685409141316507
 0.91432450995893599
 0.99278065370158464
 0.79156744134812196
 0.3673672521603934
 -0.1603214190796719
 -0.64284705468316239
 -0.98348440519464564
 -0.93757795681005873
 -0.62755292141098928
 -0.14074430265655777
 0.52215681152561511
 0.94577394736605036
 0.97878204894073761
 0.62399085977890023
 -0.016750856276448699
 -0.52604607935961889
 -0.88715250792626166
 -0.97783610591117232
 -0.62041578487416316
 0.02131674650624427
 0.65328064938898045
 0.98587166407221172
 0.93272554095342031
 0.61682777125465127
 -0.02588219217722993
 -0.65673136249930986
 -0.98662631820244562
 -0.86438914550077395
 -0.48533058049533734
 0.030447098077451381
 0.66016837953679552
 0.95154938063428185
 0.9748760017603072
 0.72357706217531093
 0.11810325707900529
 -0.40667676316387258
 -0.89543376711611222
 -0.97384861061456984
 -0.72041737774703052
 -0.26404235925702368
 0.26671420194354067
 0.72233655415129017
 0.99733448906692401
 0.89419660354919273
 0.40414350730827459
 -0.12085461238169046
 -0.61180761696994546
 -0.93041253877199881
 -0.95069359293406575
 -0.65808434474469002
 -0.18009071757344439
 0.34863501727421764
 0.77914919810931149
 0.99991416793867083
 0.76245770921753664
 0.17559679966514621
 -0.49173323310941108
 -0.86805552335169234
 -0.98540369521650351
 -0.65118001881771093
 -0.17109921970155928
 0.49570454580256879
 0.8703136909681306
 0.99975279918023063
 0.75651630439459039
 0.31530363260875299
 -0.36144249425195224
 -0.87255370827168033
 -0.99964083922039459
 -0.84512607876462709
 -0.45253670899120069
 0.21918897986619457
 0.79046895978453746
 0.99950803184176107
 0.84267605597806827
 0.30662304814909491
 -0.3699432713764611
 -0.87697910545821811
 -0.99935437981401531
 -0.84020845925899235
 -0.44437323788879984
 0.076643287975348376
 0.57606916446769518
 0.913214589892828
 0.96353061944121765
 0.69087883774749392
 0.22360436777627754
 -0.30666013863758729
 -0.84269703639366167
 -0.99255894810305934
 -0.68757003990861654
 -0.067494761286094856
 0.4525714579813136
 0.91689813430433831
 0.96104637290971962
 0.68424690285910295
 0.21469298093651523
 -0.45663899873170727
 -0.84757915614794599
 -0.99140542991536318
 -0.78481766561972999
 -0.35714435702152109
 0.1711376127035914
 0.65120959186310456
 0.98541032809912954
 0.86803617648167908
 0.49169930172031201
 -0.023150774917322287
 -0.6546684648538259
 -0.94927965275571025
 -0.9764758499932793
 -0.61538281663915928
 0.027716015199802699
 0.65811368479322485
 0.95070567735066669
 0.97548096374019555
 0.72546026977289535
 0.12081593015695125
 -0.53919360967645114
 -0.95211187506516737
 -0.97446573392032032
 -0.60815801031463523
 -0.11628141617348299
 0.54303398381073864
 0.89624896177632396
 0.99698785742982976
 0.81687221478887484
 0.26227253758343416
 -0.41251635255096947
 -0.82057006009937994
 -0.99662327774818193
 -0.81422953579564561
 -0.40246483547342121
 0.12267544380321535
 0.61325767418022203
 0.9310833362059745
 0.98661996576756117
 0.65670197545551967
 0.025843237453617048
 -0.48935231442271815
 -0.86669581794526285
 -0.99988845044492602
 -0.85140943869846186
 -0.46308577586300043
 0.055690570825634923
 0.67893456395442775
 0.99104948644627844
 0.91977156312829089
 0.589391168527723
 0.092977473443056291
 -0.5625601318974216
 -0.90639574008318169
 -0.99489688737652882
 -0.70266517253854011
 -0.23958979367442174
 0.29097876515275345
 0.8337366528649327
 0.99885958950556064
 0.80040330929193937
 0.38090480392628934
 -0.14589575335871732
 -0.74264371909676485
 -0.99906720821490014
 -0.88044459688942356
 -0.37667839090862759
 0.29970474152503535
 0.8387449507275484
 0.99925399146846317
 0.79489485001744931
 0.37244412229740381
 -0.15492525736894086
 -0.7487292042002629
 -0.98248069470148414
 -0.87607732087417323
 -0.36820208639785201
 0.15943521000682429
 0.64215911858974739
 0.98332152122197891
 0.87386625423198439
 0.5019966670780156
 -0.16394183763792963
 -0.64565312830089816
 -0.94548195179442662
 -0.97896560863614257
 -0.73667164996259904
 -0.13711092014551146
 0.38909487068886073
 0.88673785675294214
 0.97802367687270642
 0.73357573090793249
 0.28247725086411729
 -0.39329765209298662
 -0.80838806304726429
 -0.99575307642728383
 -0.90261139310969274
 -0.42159803356900244
 0.25261716209958657
 0.81106782456602
 0.99783792769991442
 0.82365889652021573
 0.4174526271245147
 -0.25703311847520699
 -0.71536333514686445
 -0.97217350550278869
 -0.95511941663496758
 -0.66900525770106134
 -0.042265924691819438
 0.60384222317401981
 0.9732331737105071
 0.8966295484428608
 0.54375491817133148
 -0.11542840972281761
 -0.60747606534046084
 -0.92839584955559185
 -0.98778367454141991
 -0.66218894656282645
 -0.033139007333575714
 0.61109723864880117
 0.97529159838194734
 0.89254808705245003
 0.40078480921406678
 -0.12449586238216011
 -0.72800731316679657
 -0.97629031191740334
 -0.8904794139665555
 -0.53220646707443442
 -0.024009325545807508
 0.49095131665198877
 0.93339944560486687
 0.94810723334922808
 0.52833467786576782
 -0.13355292969609442
 -0.73423846992589381
