# Created by Octave 8.4.0, Thu Dec 11 09:16:06 2025 IST <gamana@Samsung>
# name: iq
# type: matrix
# rows: 2048
# columns: 1
 0.99706007033948296
 0.71979445629436789
 0.2631763561998442
 -0.26757933088703667
 -0.72295709950342013
 -0.99739959216031482
 -0.81477298767905471
 -0.25876789299367536
 0.41582037352034329
 0.82263935911185238
 0.9977183133033527
 0.89173695753970295
 0.39913916364882279
 -0.27636844752632383
 -0.82522724334078956
 -0.99591677378527643
 -0.80944368883232731
 -0.24993486888935224
 0.42410929452530416
 0.90380080945259256
 0.99549412439592866
 0.70699443523279637
 0.094506937438585861
 -0.56128938152206265
 -0.90574572222887484
 -0.99505071406714374
 -0.7037574015908532
 -0.08995968598691377
 0.56506302386814056
 0.96113952181813156
 0.91676349009574332
 0.45227072281333514
 -0.21947997054318219
 -0.79065160535126155
 -0.99949863300164543
 -0.75031465545842113
 -0.1572909121528088
 0.5078130844141947
 0.94020626995568835
 0.98207365006351321
 0.63697909526432994
 0.15277941130362288
 -0.37445870156352945
 -0.87930647715256949
 -0.98120259647578767
 -0.63345206624561468
 0.0045846905630842561
 0.51565995663065967
 0.94327791284815621
 0.9803110799971394
 0.74118760822043406
 0.29326931317178512
 -0.23726384717635296
 -0.80170327404073327
 -0.99465238427089475
 -0.83253555515828159
 -0.43178974249555363
 0.24169767759665903
 0.70420872599532103
 0.96834201569969813
 0.90547621171446713
 0.56076333730312433
 -0.095139548270323407
 -0.59114418285674741
 -0.92062168744411577
 -0.99075723812089034
 -0.67733850237256721
 -0.053522108383987854
 0.46500949206638426
 0.9223951842689625
 0.95708335644826059
 0.55317778038844045
 -0.10422746684268504
 -0.59848614775241882
 -0.92414944462611837
 -0.95574988683966289
 -0.67059113056997532
 -0.044399651076015546
 0.47307587339161261
 0.92588443193064862
 0.95439648515408815
 0.6671964317408684
 0.19204509648218823
 -0.47709430712766565
 -0.8596266700940336
 -0.99999956267601298
 -0.85866951035546779
 -0.33544444112374322
 0.34150165331148119
 0.77436263562652718
 0.98908328766509801
 0.85631998444584667
 0.33113883262464167
 -0.34579025296833121
 -0.86425723373821917
 -0.98666903599711187
 -0.76441698164385541
 -0.32682631825529179
 0.20283232172097065
 0.67535247435899426
 0.99038789654722414
 0.92167111360559606
 0.59331675018393693
 0.097823237881506209
 -0.42522738066342897
 -0.90432863318207168
 -0.96901155714552578
 -0.58963450652884386
 -0.093277415011185888
 0.42935621049938855
 0.90626844172607091
 0.99492723749659617
 0.70287948678186651
 0.088729646848843727
 -0.43347608615063532
 -0.90818935012412527
 -0.96671507045462812
 -0.58223320594591998
 0.069063291190749512
 0.68871079187901341
 0.99274916027192672
 0.84184954198756257
 0.44708871619852197
 -0.22513648186182605
 -0.79419046418651007
 -0.99328774666866293
 -0.83937605651620018
 -0.44299918341678873
 0.2295835999416955
 0.69530405048119537
 0.99380561813976886
 0.83688506593351708
 0.43890041192735763
 -0.23402593007645195
 -0.7997073710318584
 -0.99891430274812765
 -0.83437662218887998
 -0.29208841379980277
 0.23846337962173209
 0.80244083639477992
 0.994779173536672
 0.83185077759566284
 0.43067549493436913
 -0.091822396004584819
 -0.70508501462628548
 -0.96864956132749536
 -0.959342554690928
 -0.67978580704092406
 -0.056848772985803271
 0.46205730526771932
 0.85080042299022818
 0.99058896160240917
 0.67642944782571257
 0.20426302043608899
 -0.46610247039574754
 -0.922871487966342
 -0.95672471421835015
 -0.55214854389280421
 -0.047727856211025217
 0.47013791499912905
 0.85556439312483601
 0.99997575675182881
 0.77528642874904019
 0.34287472804206498
 -0.3340674597427386
 -0.76934084225103916
 -0.99999712835420362
 -0.86037235870082118
 -0.47837805589467242
 0.038376812967765628
 0.544320815873372
 0.95395920953976465
 0.97307795218369009
 0.60330448558058436
 -0.042939754312555034
 -0.54814604493480013
 -0.89893791293310132
 -0.97201528829675887
 -0.5996561969540295
 0.047501800152673058
 0.67289158612426403
 0.95665883394443718
 0.9709323531193822
 0.71169124950496054
 0.10113845243725826
 -0.55576212891349452
 -0.90290150563228622
 -0.99569075802413742
 -0.80799086900373729
 -0.24754254243781962
 0.28312416121273076
 0.73403391999699508
 0.99843452487561368
 0.88642587904608383
 0.52470834344777251
 0.015178857643599331
 -0.62521865425110601
 -0.9365323341203855
 -0.98402198209493885
 -0.64513795681808295
 -0.16327648362920538
 0.36458047594628912
 0.87419394648307691
 0.98319863295447774
 0.64164196467474266
 0.0060459607215172474
 -0.50652267418638353
 -0.87640231771474386
 -0.9823547792959354
 -0.63813259114658893
 -0.0014792755109328095
 0.63585193404755169
 0.94124731455764654
 0.94070298979814415
 0.50907139610271857
 -0.0030874405497794671
 -0.51437653572680986
 -0.94277975874313913
 -0.93914401110428003
 -0.63107399296399125
 0.0076540922221998405
 0.51828741647559129
 0.88291758535122433
 0.99882716155569551
 0.73912359746495881
 0.14070869037571973
 -0.52218748838743356
 -0.94578563080678524
 -0.93596732934851423
 -0.62396275109292332
 -0.13618595147561138
 0.52607667012671588
 0.8871691067668438
 0.97782857412509716
 0.73294084284748995
 0.28158142740539416
 -0.24910034005624931
 -0.80893734916154614
 -0.99583860518100376
 -0.90220907079050061
 -0.55442447309244725
 0.10273824425630476
 0.71282005550396421
 0.99624440493583688
 0.90023004765829273
 0.41660396837504898
 -0.107279713530316
 -0.71601546775071334
 -0.97239181851561129
 -0.9548424106112261
 -0.66831096608754659
 -0.04133301334864186
 0.60458623758386465
 0.92703973161485742
 0.95347562768427552
 0.66490690711661848
 0.18903187081461517
 -0.34009402346415307
 -0.86119087502127423
 -0.99999198125360811
 -0.85709227829338019
 -0.33255124967947286
 0.19689069525206784
 0.77630116135875893
 0.98953093577264317
 0.85473074362827628
 0.4687179486717028
 -0.2013659565870686
 -0.67424749498310488
 -0.99017968862934225
 -0.92225097586733729
 -0.59452133364708126
 0.053894760962600277
 0.55728627378607698
 0.90368853347506051
 0.99551896067913792
 0.70717990245368956
 0.094768043247161982
 -0.42800350042979229
 -0.90563452989963877
 -0.96824878958938965
 -0.70394371380501819
 -0.090220902426703026
 0.56484660844744916
 0.96106708211217839
 0.91686822237936105
 0.45250463239040833
 -0.067569528206502957
 -0.56860914539770646
 -0.9623189105935428
 -0.91503567851806067
 -0.44842749913276869
 0.072125092364577786
 0.57235982405592067
 0.96355067000154482
 0.964733146222856
 0.69414733525730998
 0.22801809023772057
 -0.44444036922624158
 -0.84024909304288897
 -0.99935706938277469
 -0.87694309315205521
 -0.50749155703303084
 0.15765944704572057
 0.64077939301056042
 0.94338981799034627
 0.93851224311500481
 0.50355133254811568
 -0.16216739538656585
 -0.75357116913722322
 -0.98382122316867648
 -0.87251709724699622
 -0.36137262146864441
 0.31537474719576175
 0.84759824388955052
 0.9997544625272542
 0.78479537339350902
 0.35711075881816684
 -0.17117305216711148
 -0.75954367243008336
 -0.98541644943190609
 -0.86801831666252882
 -0.35284144865526218
 0.32402881048370535
 0.76250619481193627
 0.99991514695253547
 0.77910222189901035
 0.2012573189494406
 -0.46881591634326025
 -0.85478830768936565
 -0.98951492330857693
 -0.67078567614586326
 -0.044661673882949809
 0.47284478012124487
 0.92578530777453982
 0.95447475482355715
 0.66739177861806664
 0.040099059340839509
 -0.47686378276431401
 -0.92750209581354159
 -0.95310259166351785
 -0.54193356757805911
 0.11758234614797786
 0.60919732066912191
 0.97475902148658577
 0.89362691033530683
 0.40298065029548513
 -0.27233582962657571
 -0.72636121532247189
 -0.99774343953291222
 -0.89156800623508348
 -0.53423513016281687
 -0.026406578837896964
 0.61641480149779482
 0.97675746518097772
 0.88949050856517931
 0.53036915912153626
 -0.13117601427944281
 -0.73260836741846147
 -0.99831505184476921
 -0.88739446065160665
 -0.52649212727969652
 0.13570189160566723
 0.73570905823678179
 0.99856963121797515
 0.88527990620724095
