# Created by Octave 8.4.0, Thu Dec 11 09:16:06 2025 IST <gamana@Samsung>
# name: iq
# type: matrix
# rows: 2048
# columns: 1
 0.99706007033948296
 0.71979445629436789
 0.2631763561998442
 -0.41166286191191009
 -0.82003431881388944
 -0.99739959216031482
 -0.81477298767905471
 -0.25876789299367536
 0.27197672523161615
 0.72610466550790553
 0.9977183133033527
 0.81211680656676566
 0.25435403320662997
 -0.27636844752632383
 -0.72923708866562187
 -0.99801622712169602
 -0.88966097771079677
 -0.39494783328271993
 0.13080603864129745
 0.73235430365016874
 0.97764774684509548
 0.94753482023462876
 0.52680937032475517
 -0.13533214306748165
 -0.73545624545231092
 -0.99854960836650131
 -0.88545340033792985
 -0.5229222527763302
 -0.013082302230897626
 0.62685369828083859
 0.93726536135324057
 0.94457581101048138
 0.5190242297318719
 0.0085158509884466927
 -0.50439146910589572
 -0.8752101648306293
 -0.98281373076484568
 -0.64003232751865924
 -0.15669884238927639
 0.50832944618280662
 0.8774101499200383
 0.99932172244443662
 0.74688936492934765
 0.15218691789985109
 -0.37501452045592854
 -0.79657321781796253
 -0.99373479575595003
 -0.91095823285371369
 -0.43947131954170243
 0.082090521919315831
 0.69812411955698905
 0.96617647717373156
 0.90906497418168908
 0.56780872985143183
 0.066599024229182319
 -0.58423955633417979
 -0.9673440726117527
 -0.96079785708328713
 -0.5640436772560169
 -0.062041763045416379
 0.5879397169116356
 0.96849149417710867
 0.95952171996815627
 0.68025173333747047
 0.057483207986331115
 -0.46149364166221007
 -0.92085560177722303
 -0.99067573919877039
 -0.67689734269446189
 -0.052923454120163547
 0.46554015275120081
 0.85285967026973009
 0.99992600201619608
 0.8653101111236956
 0.34775691095553296
 -0.181012047936218
 -0.76600708392244765
 -0.99997112992048121
 -0.77568764392683509
 -0.19593694714062365
 0.3334684266427943
 0.76893472152711884
 0.98778974619014315
 0.92838136871562715
 0.60744511130886403
 -0.037741799180791728
 -0.54378762121797686
 -0.89664680196432855
 -0.99691782759704184
 -0.71851977171296921
 -0.26140610184024543
 0.26934646894041164
 0.72422331303918408
 0.97508422786670002
 0.89297011361220469
 0.53685768197021277
 0.029510794185211624
 -0.61396655002752176
 -0.93141046865899646
 -0.98647320061060673
 -0.76364340535372321
 -0.32569291987586835
 0.3511945275298724
 0.78085896061920368
 0.99987463852894498
 0.85093822053706958
 0.46228989505802376
 -0.056586912209590688
 -0.67959342251120436
 -0.99116893315155996
 -0.91941886397094896
 -0.58866567994252117
 0.061145710446713887
 0.56330213157844045
 0.96054856688459667
 0.96757123444803605
 0.70202611666406234
 0.087535304603103034
 -0.4345562783818383
 -0.90869055342431926
 -0.96640760301753192
 -0.58125796803355856
 -0.08298521587512632
 0.43866472620209418
 0.91058754221140992
 0.96522381724434902
 0.69549253346794615
 0.22983886917435997
 -0.4427640257093759
 -0.83923346343101557
 -0.99928825965359569
 -0.8778404872174177
 -0.37161080460618734
 0.15581211266888473
 0.63934227975830582
 0.94276776507499982
 0.98061267846614775
 0.74221599171755737
 0.1452640836018857
 -0.51825665415879041
 -0.8829006957461899
 -0.9797075795596828
 -0.62755292141098928
 0.012184616709068757
 0.64633842309115219
 0.98430069118706343
 0.9359799933913362
 0.4972631344130784
 -0.016750856276448699
 -0.52604607935961889
 -0.94724746803781934
 -0.93436251019496674
 -0.62041578487416316
 0.02131674650624427
 0.65328064938898045
 0.94870123394978223
 0.93272554095342031
 0.48931833080765208
 -0.1783242704825769
 -0.65673136249930986
 -0.98662631820244562
 -0.93106911980553142
 -0.48533058049533734
 0.18281592046248438
 0.7671850584004416
 0.99998338686828148
 0.86208388551710813
 0.34174815640461548
 -0.18730375783299533
 -0.77010626153079897
 -0.98807388314734257
 -0.85976064685240505
 -0.47732479867057148
 0.19178768900065554
 0.77301140416510317
 0.98876676377317252
 0.92598349239297739
 0.60234783019754723
 -0.044137625214724266
 -0.54914848010589656
 -0.95567269543164057
 -0.92424961311068343
 -0.59869625076160626
 -0.10448831771420683
 0.41915429501371138
 0.82471985682978322
 0.99599741848162138
 0.80997052335894038
 0.39577244673708739
 -0.12991594239927848
 -0.61900661196690854
 -0.93372121977050349
 -0.98540369521650351
 -0.75949492640487548
 -0.31963410662009878
 0.35718075455367776
 0.8703136909681306
 0.99975279918023063
 0.75651630439459039
 0.16659807147931871
 -0.49966552062251407
 -0.93695201049059973
 -0.94487015805853269
 -0.51979138698807437
 -0.0094135720807538813
 0.50361607496346472
 0.87477552854699847
 0.98297906068894725
 0.75051179158575143
 0.30662304814909491
 -0.3699432713764611
 -0.79325783399935179
 -0.99935437981401531
 -0.84020845925899235
 -0.44437323788879984
 0.076643287975348376
 0.69420127614731086
 0.99363405851934006
 0.91132818929290016
 0.44027755868150731
 -0.081195761801170066
 -0.57979598706790159
 -0.91506590390669518
 -0.99255894810305934
 -0.68757003990861654
 -0.067494761286094856
 0.58351071807552257
 0.9671161311271711
 0.96104637290971962
 0.68424690285910295
 0.062937765640475776
 -0.58721328002020379
 -0.91871124287477057
 -0.95977417278507782
 -0.68090949590265359
 -0.21023052492737404
 0.31967102992783158
 0.84999372710788945
 0.99079765119439822
 0.78197937237721382
 0.20576368457975322
 -0.32399478073037791
 -0.76248292226100611
 -0.99991467772666054
 -0.77912477102599764
 -0.20129255304917421
 0.32831177465123523
 0.76542966813970337
 0.98692367569994355
 0.86346527092844227
 0.34431461312667594
 -0.33262192165991472
 -0.76836045105227757
 -0.99999227854816175
 -0.86115278299169851
 -0.47972390636529832
 0.18910545721954594
 0.77127520987753551
 0.99999979713272458
 0.77046371533771096
 0.33572539863128775
 -0.34122131553440338
 -0.86179968962706266
 -0.98744908124580055
 -0.76754448025858624
 -0.18336698130000104
 0.34551038306063547
 0.86410715897615442
 0.99995226986548125
 0.85410775838210584
 0.46765847087616669
 -0.050531642697646817
 -0.55448683748747507
 -0.90224138893712413
 -0.9958317729581404
 -0.70955697453770561
 -0.098120056271630993
 0.55828143375058858
 0.90420128748488515
 0.96908518718169256
 0.58987537054189443
 -0.05965118289711676
 -0.56206438710514606
 -0.90614232899702107
 -0.96794835540191537
 -0.58618163086786612
 -0.089026719737560239
 0.56583561865804632
 0.90806447299328763
 0.99448877925552626
 0.69983689313803099
 0.2357362491636617
 -0.4373187200616811
 -0.83592063402922945
 -0.9939996218610524
 -0.69656758553488018
 -0.23129578853988478
 0.44142102839570441
 0.83841835543494314
 0.9934897346948528
 0.69328375107809725
 0.22685050426344353
 -0.44551413093429654
 -0.91371712100103808
 -0.9929591283905842
 -0.68998545825173063
 -0.22240048904039264
 0.44959794231620176
 0.84336129110560609
 0.99240781401398992
 0.68667277584135678
 0.21794583567536724
 -0.31217711507956075
 -0.7543588147266056
 -0.98403532181835085
 -0.87193065461939046
 -0.49856160000648819
 0.015253786964101002
 0.52477213534678935
 0.94676652961209029
 0.97814849400595127
 0.73398302658285619
 0.13318010153099763
 -0.52865403833390945
 -0.88856480988550313
 -0.97718884210939361
 -0.6180055709143798
 0.024385404138185334
 0.53252491628911025
 0.94966724670251723
 0.9316143409800689
 0.61440890274510263
 0.12412259154013992
 -0.53638468848563203
 -0.89271766704429001
 -0.97520842120142426
 -0.61079942113405361
 -0.11958990645928266
 0.40530845177862374
 0.81603017562444879
 0.99687369533627246
 0.8187894891587626
 0.40968274099887381
 -0.1148328922472336
 -0.72130032636190611
 -0.97413725812455376
 -0.9525567355248995
 -0.6626380579904444
 -0.033738176038133443
 0.48244897976528095
 0.86272877776806922
 0.99997523213711059
 0.8555255955910952
 0.47007177393068039
 -0.047802708672315619
 -0.67311440314957505
 -0.95674651807965072
 -0.92284262614875456
 -0.46603616913778467
 0.20433637786943065
 0.78106958064656473
 0.99059921561527775
 0.85076104151199938
 0.32105246423163464
 -0.20880459865101567
 -0.67984076546067163
