# Created by Octave 8.4.0, Thu Dec 11 09:16:06 2025 IST <gamana@Samsung>
# name: iq
# type: matrix
# rows: 2048
# columns: 1
 0.99706007033948296
 0.81741217677477895
 0.2631763561998442
 -0.26757933088703667
 -0.82003431881388944
 -0.99739959216031482
 -0.81477298767905471
 -0.25876789299367536
 0.27197672523161615
 0.82263935911185238
 0.9977183133033527
 0.89173695753970295
 0.39913916364882279
 -0.27636844752632383
 -0.72923708866562187
 -0.99801622712169602
 -0.80944368883232731
 -0.24993486888935224
 0.28075440618218883
 0.73235430365016874
 0.9982933274023793
 0.80675369022336518
 0.39074826631547099
 -0.13533214306748165
 -0.73545624545231092
 -0.99854960836650131
 -0.88545340033792985
 -0.38654055032865986
 0.28950866682443271
 0.73854284938133441
 0.97952724534565039
 0.88332189054261379
 0.3823247730738224
 -0.29387678624149521
 -0.74161405106639489
 -0.99899969140049327
 -0.79858297189933158
 -0.23220701116232156
 0.29823877688491174
 0.7446697864578582
 0.98132503246572256
 0.87900365099550504
 0.373869386604954
 -0.30259454778575384
 -0.7477099918286475
 -0.99936643867810504
 -0.79305245980539629
 -0.36962995372724544
 0.15791844437680813
 0.64098073219064022
 0.98304095823534621
 0.87461208566586512
 0.50332471182795113
 -0.0097507775814606734
 -0.64447925512746196
 -0.94498052573775193
 -0.9792778829548171
 -0.62589100331904679
 0.014317164436864309
 0.52397452491172358
 0.94646456283791902
 0.9352270289765664
 0.62232285500886353
 0.13410842343763146
 -0.52785867935254538
 -0.94792886150570133
 -0.97738734773531
 -0.61874172821212581
 0.023448947172842981
 0.65489389015789878
 0.98622665999936832
 0.93195438336710679
 0.6151476976129181
 -0.028014152610905268
 -0.65833821591201358
 -0.98697170672481427
 -0.93028888966230661
 -0.48346476204753758
 0.18491229583117941
 0.76855130411611672
 0.98769617024506995
 0.8610011287905317
 0.47946219183674782
 -0.18939832058294218
 -0.77146501428768111
 -0.99999956267601298
 -0.85866951035546779
 -0.47544962248554806
 0.19388039544994554
 0.66858852978133054
 0.98908328766509801
 0.85631998444584667
 0.33113883262464167
 -0.19835842695893965
 -0.67197750908508203
 -0.95629846520908701
 -0.9712272096662482
 -0.71255826934013666
 -0.25315947834227942
 0.42108968274909531
 0.90236996494666444
 0.97012949938713156
 0.59331675018393693
 -0.055389785075590392
 -0.67871335521846821
 -0.95892908947939692
 -0.96901155714552578
 -0.58963450652884386
 0.059948902360856322
 0.6820600815726392
 0.96021441765734661
 0.96787340625601292
 0.58593996609973664
 -0.064506769417215074
 -0.56608150866258033
 -0.90818935012412527
 -0.99445746524175327
 -0.6996238189346462
 -0.084180028237785337
 0.43758692169752444
 0.91009131831587664
 0.9655365738983589
 0.57851430337155152
 0.079628654059893125
 -0.57358694006433752
 -0.96395014595207851
 -0.96433794116464788
 -0.69306877966779146
 -0.075075619233675853
 0.57732175167932231
 0.91383827581477584
 0.96311919725086403
 0.68976954495290488
 0.22210969556110782
 -0.30811913652456402
 -0.75154986251153877
 -0.98326668640036863
 -0.8740126725681886
 -0.36423294539298129
 0.312460448889467
 0.75455457317662888
 0.98408835915254311
 0.93640143507562779
 0.49830303575211032
 -0.16814809245020726
 -0.75754354767471233
 -0.99978651948124719
 -0.86953831103763324
 -0.4943384925459326
 0.020117995974901666
 0.52890718330563458
 0.94832145702324677
 0.93315721720895184
 0.61777106458305009
 -0.024683567584122105
 -0.65582668926092402
 -0.98643017256636134
 -0.93150589989614585
 -0.48637856087585363
 0.029248624419785225
 0.53663638247872347
 0.8928520251403671
 0.99754851296243552
 0.7244041494288006
 0.11929378837014401
 -0.54048423505083965
 -0.89489933155118495
 -0.99721854071469085
 -0.72124842059896455
 -0.26519862563593694
 0.26555843582412669
 0.81883250830413812
 0.99724628636823809
 0.81598685847420904
 0.40523994382358991
 -0.26995840372191243
 -0.72466136787698021
 -0.97522500136899581
 -0.95106475988945738
 -0.53632144128767723
 0.12419694968429182
 0.6144680261825699
 0.93164157445709228
 0.98636883283935706
 0.6555449172576302
 0.02431048835748555
 -0.61806448346233855
 -0.93329130271644045
 -0.94820297322449965
 -0.52859042667655221
 -0.019744878889376392
 0.49466286186017294
 0.869722556749563
 0.99977873900851999
 0.84819418306959704
 0.31644125325140804
 -0.36032428641518216
 -0.78692431895571124
 -0.9996722530126475
 -0.84576642124300172
 -0.3121059213139159
 0.36458047594628912
 0.78973399687906265
 0.99954491894284536
 0.75130362478232604
 0.3077640804358302
 -0.22247354961983337
 -0.79252720497175122
 -0.99939673945465424
 -0.74828196255844681
 -0.15425892329711394
 0.3730699565266074
 0.87859241165578594
 0.99922771763834428
 0.83837750983358095
 0.44135378528429337
 -0.23136869382886627
 -0.79806397900131565
 -0.99903785701884862
 -0.74219188539576064
 -0.1452284948088578
 0.51828741647559129
 0.94429254134249685
 0.93756544664745745
 0.50118889593157823
 -0.16486286014802159
 -0.64636586979493948
 -0.94578563080678524
 -0.97877467785731409
 -0.62396275109292332
 0.01678682145707245
 0.64984365241436226
 0.98510263602475268
 0.86892773498615949
 0.49326458698302622
 -0.021352708557315411
 -0.5299548805848584
 -0.94871260618848463
 -0.93271256994566776
 -0.61679945874750275
 0.025918150348734747
 0.65675848811613002
 0.98663218065874925
 0.93105599571948594
 0.48529913029658622
 -0.030483051619513885
 -0.53767806436940646
 -0.89340751673744401
 -0.97486798882213244
 -0.60958471348385557
 0.035047317168995125
 0.54152287662949261
 0.89544978029820765
 0.97384043762212691
 0.72039243045416079
 0.26400766539263876
 -0.26674886901136602
 -0.81954080132062368
 -0.99676934151320351
 -0.71721760370946219
 -0.25960023089167666
 0.41503646984552428
 0.82214907306128493
 0.99765975996171241
 0.89212663156298533
 0.39992917948887952
 -0.12542227113201657
 -0.61544188316722392
 -0.93208962847817134
 -0.98616486570447182
 -0.65461181617511821
 -0.023075856940442684
 0.61903486207991809
 0.93373409654612172
 0.98539757122753024
 0.65115271974429956
 0.1710637797767971
 -0.49573578531813189
 -0.87033140566819012
 -0.98460972637384481
 -0.64768004358274611
 -0.16656260382129034
 0.49969667838260029
 0.93696457997385907
 0.94485837916400084
 0.64419386011276003
 0.16205795421785563
 -0.36573017458993407
 -0.79049099111966836
 -0.9925680701471753
 -0.84265668830487783
 -0.30658881036181568
 0.3699766894433123
 0.79327973525618889
 0.99935308682759982
 0.84018895336674537
 0.30223883093854265
 -0.22812607540270893
 -0.69422716638980897
 -0.96476233464793859
 -0.9635209932503046
 -0.5722688754972225
 0.08123161321943638
 0.69750684096234183
 0.96595387926357601
 0.90942370387819937
 0.56851790791858747
 0.06745887302961201
 -0.58353992932414578
 -0.96712527899890954
 -0.90751506135436888
 -0.56475508395065876
 0.090331357797997905
 0.58724239511115484
 0.91872544800423994
 0.99140072345479668
 0.78479537339350902
 0.21019535842160308
 -0.46072894167289669
 -0.9205192458734156
 -0.95847169900927442
 -0.55719418098604745
 0.099423567006865637
 0.71047939542087601
 0.9705183667323255
 0.95715933648978879
 0.5533962596713089
 -0.10396660880109514
 -0.7136856599001008
 -0.99635057665314153
 -0.82242711891370257
 -0.27161758295798555
 0.25912835512017535
 0.81498929978546353
 0.99737262689592032
 0.81982067902291533
 0.41132273057892493
 -0.26353637325413143
 -0.72005347075400716
 -0.99708859626020208
 -0.89566717792756623
 -0.40715593603724126
 0.11758234614797786
 0.60919732066912191
 0.97475902148658577
 0.89362691033530683
 0.53808995977901553
 -0.12211614707923074
 -0.72636121532247189
 -0.99774343953291222
 -0.8118989948462213
 -0.39879696042893897
 0.12664740128936935
 0.72949239811927913
 0.99803965270193906
 0.88949050856517931
 0.53036915912153626
 -0.13117601427944281
 -0.62000429656354117
 -0.93417546627170556
 -0.98518654098922476
 -0.6502149407729344
 -0.0172753463236128
 0.49680795269426437
 0.93579518949575502
 0.94594420966769466
 0.52260411549241992
