# Created by Octave 8.4.0, Thu Dec 11 09:16:06 2025 IST <gamana@Samsung>
# name: iq
# type: matrix
# rows: 2048
# columns: 1
 0.99706007033948296
 0.71979445629436789
 0.11267528621267162
 -0.41166286191191009
 -0.82003431881388944
 -0.99669975492155383
 -0.71661680183738552
 -0.10813648706951674
 0.54989853666459632
 0.89985447880301794
 0.99631865342087256
 0.81211680656676566
 0.25435403320662997
 -0.27636844752632383
 -0.72923708866562187
 -0.99801622712169602
 -0.80944368883232731
 -0.39494783328271993
 0.28075440618218883
 0.73235430365016874
 0.9982933274023793
 0.88756644408310237
 0.52680937032475517
 -0.13533214306748165
 -0.62328907253604104
 -0.97859770037839833
 -0.88545340033792985
 -0.5229222527763302
 0.13985542515412888
 0.62685369828083859
 0.97952724534565039
 0.88332189054261379
 0.5190242297318719
 0.0085158509884466927
 -0.50439146910589572
 -0.9388476181633828
 -0.98281373076484568
 -0.64003232751865924
 -0.15669884238927639
 0.50832944618280662
 0.94041029539182541
 0.94153800602658821
 0.63651683455885644
 -0.00061748905173052778
 -0.51225682209534928
 -0.87959183670055963
 -0.99914313223323781
 -0.74384495350793745
 -0.29705977382799137
 0.23340805554780536
 0.69812411955698905
 0.96617647717373156
 0.90906497418168908
 0.43536466339879998
 -0.23784618978820501
 -0.80206146680018797
 -0.99872344485238629
 -0.83220329738643806
 -0.28832635562389775
 0.24227936376794221
 0.80478052944019018
 0.99848235643527605
 0.73461889791047752
 0.28395058142647778
 -0.39188476247376564
 -0.80748280845543519
 -0.99822044475942118
 -0.82710443109173448
 -0.42299056154802456
 0.10028104696026842
 0.5953031768677769
 0.92262657540312143
 0.99004323693862828
 0.77856168107880996
 0.34775691095553296
 -0.3291596362235587
 -0.76600708392244765
 -0.99997112992048121
 -0.77568764392683509
 -0.34347161125692577
 0.3334684266427943
 0.76893472152711884
 0.98778974619014315
 0.92838136871562715
 0.60744511130886403
 0.11538970234524717
 -0.40917133979595066
 -0.89664680196432855
 -0.99691782759704184
 -0.81635404255404231
 -0.40582081906933309
 0.11903337424526578
 0.72422331303918408
 0.99753012452978629
 0.89297011361220469
 0.40164283463597866
 -0.1235663705437246
 -0.72736480393270331
 -0.976087115172108
 -0.89090525512361429
 -0.39745647397782563
 0.2781310138013558
 0.82626197125556577
 0.99574948813708342
 0.70892408580754163
 0.24815818877633955
 -0.42576990720195163
 -0.82882571694540641
 -0.998398779306784
 -0.80566836007221854
 -0.24373174421850885
 0.28689235719527861
 0.73669800137329189
 0.9789735583027539
 0.94546926027148714
 0.64562337082936083
 0.011247956082341949
 -0.62828195559010802
 -0.93790331511077729
 -0.98331443318542888
 -0.6421292465344145
 -0.15939674058782213
 0.50597464915570589
 0.87609610931798187
 0.99941860753662914
 0.74870337284051514
 0.15488675998232163
 -0.37248028622255525
 -0.79491849299250317
 -0.99342572139859497
 -0.91208187615920255
 -0.44192392822442306
 0.079367201190443562
 0.69616529633341284
 0.99393815228930615
 0.91019997911661832
 0.57005567924401146
 -0.083918673314793177
 -0.6994363906929727
 -0.96664793069210975
 -0.90829909993624047
 -0.4337124315048439
 0.088468395322842105
 0.58572740375838628
 0.91798520548608953
 0.99164375835976593
 0.78595322204321882
 0.21202365503335402
 -0.4590680336976013
 -0.91978685548894856
 -0.95900345199133619
 -0.55874639580788033
 0.097562209492346161
 0.70916188232663657
 0.970065839412798
 0.90248296796936045
 0.55495322438255723
 -0.10210611200314788
 -0.596776182900982
 -0.92333257210777409
 -0.95637512183597873
 -0.55114847945818168
 0.106647885100269
 0.60043432000801411
 0.97224333165312371
 0.89851137326958597
 0.41302690829119881
 -0.26173158241395567
 -0.71875427025180472
 -0.97330167495113762
 -0.89649744755550087
 -0.40886361669740878
 0.26613636670920432
 0.72192184238340473
 0.99729056693318985
 0.89446482546867812
 0.53966559836386452
 0.032840916452987139
 -0.61133329545709125
 -0.93019264499265608
 -0.95087934728715373
 -0.53581535530827096
 0.12479178969424104
 0.72821175405807848
 0.99792084509802448
 0.81032196923136679
 0.25138433026619494
 -0.27931705123175316
 -0.82695698694418485
 -0.99563498366487102
 -0.80763749908038651
 -0.39212605309391713
 0.28369908452689208
 0.73444091888983309
 0.9984678775029745
 0.80493618572279035
 0.3879209992123559
 -0.28807520130343556
 -0.7375325586554845
 -0.97922473141210453
 -0.88402276669574964
 -0.38370785527361939
 0.14289405503088268
 0.74060881724670391
 0.98014054811671381
 0.88187887015013433
 0.37948670914245436
 -0.29680932037190372
 -0.83708928455909648
 -0.99376407532853228
 -0.79673175151610309
 -0.22922036107167365
 0.44333372670715848
 0.91272536305760776
 0.99324451062833596
 0.79396363218353128
 0.22477285582009482
 -0.44742250073204154
 -0.91458168115546734
 -0.96262396344641865
 -0.56953345471323735
 0.084551888970616357
 0.69989041958487663
 0.99449663319225301
 0.83336406185027223
 0.43313974907902392
 -0.24024453744627602
 -0.80353417917116288
 -0.99496471019671173
 -0.83083124203139913
 -0.42901913846794526
 0.24467499008858307
 0.80624417124079983
 0.99541203730261552
 0.90416927843456896
 0.55821925975154996
 0.055017162925071701
 -0.59361711625913305
 -0.97021996340050698
 -0.90220907079050061
 -0.42075116190200801
 0.25352049505894858
 0.71282005550396421
 0.99624440493583688
 0.82312903420732286
 0.27280592502520762
 -0.25793536291477787
 -0.71601546775071334
 -0.99662942810420063
 -0.8982322503103175
 -0.4124480866102142
 0.2623448515520968
 0.81691543813106104
 0.99712573352919132
 0.72039243045416079
 0.11353154324839104
 -0.4108773314811992
 -0.89747336933524535
 -0.99676934151320351
 -0.71721760370946219
 -0.25960023089167666
 0.27114732344725678
 0.82214907306128493
 0.99639216196324176
 0.81261935322584999
 0.39992917948887952
 -0.27554012313034693
 -0.72864713064226683
 -0.97649200589141216
 -0.94925608710775422
 -0.53141572791071234
 -0.023075856940442684
 0.4917645537289167
 0.86807338083099939
 0.98539757122753024
 0.75947152679779528
 0.1710637797767971
 -0.49573578531813189
 -0.93535909167438946
 -0.98460972637384481
 -0.64768004358274611
 -0.013944010476629697
 0.62618201549604879
 0.97935339388659615
 0.94485837916400084
 0.51976065752092315
 0.0093776034301621802
 -0.50364715031830654
 -0.87479295658324008
 -0.99950690302815837
 -0.75048801991438008
 -0.15754992491049469
 0.5075871187384684
 0.94011690256467528
 0.98212305599750904
 0.63718126234391137
 0.00024429786608070703
 -0.51151650147545191
 -0.94166367111461102
 -0.98125317822176994
 -0.63365499429213756
 -0.14852410331082228
 0.37844648325968566
 0.88134834107030124
 0.99898293381570769
 0.83520096912764985
 0.43614032895789234
 -0.23700904545673229
 -0.70077196909311512
 -0.96712527899890954
 -0.90751506135436888
 -0.43202630015226667
 0.24144316256866286
 0.80426869762729047
 0.99508772818509117
 0.83014331309076361
 0.4279032614774641
 -0.0948784517431875
 -0.59093261401139296
 -0.96940754653152506
 -0.95847169900927442
 -0.55719418098604745
 -0.053784013588269716
 0.59461050906572643
 0.92229384639741663
 0.99016417751102426
 0.77910222189901035
 0.34856478001605873
 -0.32834575082576262
 -0.76545281519641795
 -0.99996421018503501
 -0.86344712668334977
 -0.48369433845454268
 0.032316628938552507
 0.6615721536763477
 0.95212287234456894
 0.9287012888662467
 0.47969234506656072
 -0.036880612315026831
 -0.66498974329760363
 -0.98836016778358704
 -0.92699813941640441
 -0.47568034773834422
 0.19362308257050309
 0.66839346461823534
 0.95487535698635206
 0.92527565750465257
 0.60085371918967001
 0.10716944470083213
 -0.55071070202879191
 -0.95622174279616212
 -0.9235338790531944
 -0.5971970165752265
 -0.10262792226900343
 0.42085177261292628
 0.82577623193527505
 0.99807699315903253
 0.80887214180542977
 0.24899292637427459
 -0.28168784626551813
 -0.73301628836640964
 -0.99834965947009091
 -0.80617855486628232
 -0.24456745138823813
 0.42911931872736814
 0.83089296006415125
 0.99860150528978953
