# Created by Octave 8.4.0, Thu Dec 11 09:16:06 2025 IST <gamana@Samsung>
# name: iq
# type: matrix
# rows: 2048
# columns: 1
 0.99706007033948296
 0.8958330830115131
 0.54224716769547932
 -0.11721173552297842
 -0.72295709950342013
 -0.97467563508643473
 -0.95182505386520067
 -0.6608424346775631
 -0.18369847411188231
 0.34519391021604329
 0.86393738386991581
 0.99995550774600939
 0.85428309712852479
 0.46795651702564361
 -0.05019484965983146
 -0.67488367890591883
 -0.9902997991842033
 -0.85190037886372305
 -0.46391580451806957
 0.054755275299491701
 0.55800162607063519
 0.90405720677398727
 0.99543709859296892
 0.70657032754456051
 0.093910099777458012
 -0.42878220469788947
 -0.90599964213760187
 -0.99499096351463112
 -0.70333136332568646
 -0.089362596629136537
 0.5655575416944385
 0.9613048499970458
 0.91652386521001739
 0.451735955545704
 -0.068429320412764685
 -0.56931784686309095
 -0.96255289322519511
 -0.96570177215863195
 -0.69680949900727573
 -0.23162385210571532
 0.44111841487869557
 0.83823451315416331
 0.99921737728844184
 0.7954628564466879
 0.37331329069111102
 -0.1539997744139284
 -0.63793063058015309
 -0.942154470878239
 -0.93978491259906771
 -0.6325238404520197
 -0.14707886180448676
 0.37979868346574014
 0.79968577434407062
 0.99429892907532436
 0.83439644825560288
 0.43482487923137492
 -0.087238192357689898
 -0.70181368405008948
 -0.99477550209621857
 -0.83187074051656729
 -0.28775225948871086
 0.38823179124436774
 0.88630444548282983
 0.97821854915588147
 0.73421201448290707
 0.28337570269565582
 -0.24728841396539203
 -0.70829062570729828
 -0.96976519508238013
 -0.90301421626052403
 -0.42244725458354832
 0.25171070789058819
 0.81051952955911122
 0.99789905398277001
 0.82418973826910924
 0.41830364459012159
 -0.10541986916648706
 -0.71470848232620454
 -0.97195363997356965
 -0.89905278190790505
 -0.5483653950146985
 0.10996002894475143
 0.71789508624863763
 0.99684699428045553
 0.81898303909962988
 0.40999034014640989
 -0.11449789551660453
 -0.6067317227218294
 -0.97406100526838946
 -0.95265931830368522
 -0.54070488933566718
 -0.034075203119590815
 0.48215357236133188
 0.86255820721364196
 0.98721150054603468
 0.65946449936692297
 0.029510794185211624
 -0.48614937486377335
 -0.93141046865899646
 -0.98647320061060673
 -0.76364340535372321
 -0.32569291987586835
 0.3511945275298724
 0.86714330313380428
 0.99987463852894498
 0.85093822053706958
 0.46228989505802376
 -0.056586912209590688
 -0.55952301269355742
 -0.95926849380749435
 -0.96871468726843024
 -0.58866567994252117
 -0.092083567790262444
 0.43043876792991398
 0.90677461397837034
 0.96757123444803605
 0.70202611666406234
 0.087535304603103034
 -0.4345562783818383
 -0.83423202448536526
 -0.99890204978572794
 -0.88217830293203281
 -0.5169422215328644
 0.14678384561394461
 0.7432446358180318
 0.99910557284759449
 0.79711562872927277
 0.37584660714244433
 -0.15129955681067098
 -0.6358241714083338
 -0.98179031922762106
 -0.94071519142080873
 -0.50910235623141731
 0.0030514704809131319
 0.63934227975830582
 0.9826476087243925
 0.93915636712574746
 0.50516645672498361
 -0.0076181230326295875
 -0.51825665415879041
 -0.94428070266461939
 -0.9797075795596828
 -0.73914782545389124
 -0.29036786113974322
 0.24020962053452147
 0.80351276705697883
 0.99859754065805273
 0.83085125981047836
 0.28599488377344656
 -0.38992172563436439
 -0.80622289134105818
 -0.99540859498610534
 -0.90418464341241633
 -0.42492214231189135
 0.24906550352207987
 0.80891620192005398
 0.99807234521878718
 0.82573396474510707
 0.42078379296997381
 -0.10270246429071617
 -0.59725712225949523
 -0.92356261644436999
 -0.95619981002434973
 -0.55064815002270362
 0.10724395081121656
 0.71599035702475844
 0.99662647663178694
 0.89824805940904495
 0.41248085455083544
 -0.26231014103096068
 -0.81689469149932292
 -0.99712845815410922
 -0.81792900324223472
 -0.26404235925702368
 0.26671420194354067
 0.72233655415129017
 0.99733448906692401
 0.81529316103758886
 0.40414350730827459
 -0.27111270055569336
 -0.82212859567070329
 -0.99639521405824028
 -0.71405300238203884
 -0.25522216160828837
 0.27550554513713005
 0.82471985682978322
 0.99795930465553018
 0.89007055452283868
 0.53144619835735418
 0.023111817585558577
 -0.61900661196690854
 -0.93372121977050349
 -0.98540369521650351
 -0.65118001881771093
 -0.17109921970155928
 0.49570454580256879
 0.93534636841227947
 0.98461601216628303
 0.6477074493356495
 0.013979977208803314
 -0.62615396992670891
 -0.97934612166406976
 -0.94487015805853269
 -0.51979138698807437
 -0.0094135720807538813
 0.62970809852713572
 0.93853811251994479
 0.98297906068894725
 0.75051179158575143
 0.30662304814909491
 -0.3699432713764611
 -0.87697910545821811
 -0.98212982640030599
 -0.63720898469723852
 -0.00028026810314381957
 0.51148559287361273
 0.87916439304993654
 0.98126010988344969
 0.74444467168266415
 0.14855967449948912
 -0.37841318812873614
 -0.7987858946523142
 -0.99898455506343076
 -0.74138779202865035
 -0.14404209446919933
 0.51931244306408963
 0.94468646471431217
 0.97945930314329099
 0.62659092130276683
 -0.013419493606462329
 -0.52320966358971066
 -0.94617437850265707
 -0.93554450172266268
 -0.49619128868304263
 0.17054692241431579
 0.75913017088655255
 0.99983384877874237
 0.86833367476890355
 0.35343597986706526
 -0.32342755649263732
 -0.8520769343569492
 -0.99990666682747809
 -0.86605962344102483
 -0.34916032984535117
 0.17953931786032531
 0.65766218888049544
 0.98682686534507946
 0.93061783695940536
 0.61225090867551668
 0.12141102097190457
 -0.53868862145428353
 -0.89394552532936078
 -0.97460016917982983
 -0.72272407480947987
 -0.26725439117702826
 0.4078046943816232
 0.89598288993909425
 0.97356728359948941
 0.60500399200341626
 -0.040808889991026519
 -0.54636101681158478
 -0.95468642402066628
 -0.92551650307139577
 -0.47221868416594392
 0.045371365888891541
 0.67131238493471701
 0.98961727890937345
 0.85441940454648735
 0.46818829390851685
 -0.049932895571018494
 -0.55398783516922856
 -0.9573648031389832
 -0.97034689319511946
 -0.59403917778321069
 -0.09871664971980694
 0.55778395400348058
 0.95867405792466798
 0.96923292646253989
 0.70675590591426907
 0.094171220419915477
 -0.42854524143090444
 -0.83053919395180253
 -0.99856770736082057
 -0.88529663390267133
 -0.52263478249728768
 -0.012745109367646898
 0.62711640397435597
 0.97959507615814501
 0.94446504989139402
 0.64327632135886925
 0.0081786417543016701
 -0.50468262234372585
 -0.87537324331174171
 -0.99946853590792306
 -0.84201047547138852
 -0.3054473240688339
 0.22484587561108255
 0.79400918965226941
 0.99930924739545157
 0.7466650879372424
 0.15185361630993485
 -0.51254640924252104
 -0.94206652672674507
 -0.98102139639313612
 -0.74361952882577431
 -0.29673775849055872
 0.37955604050049663
 0.79952826721899239
 0.9942709280307731
 0.90892441789562195
 0.43506105404562229
 -0.086976906331164811
 -0.7016268198592065
 -0.96742949194927785
 -0.90701080238006038
 -0.43094465135510163
 0.091525398699506169
 0.58821246313156828
 0.96857542285893772
 0.9594266923029664
 0.55998750548639908
 -0.096071982314009
 -0.70810545029073779
 -0.99564197502935825
 -0.90312686476827797
 -0.55619814582020222
 0.10061656235602887
 0.71132264799552403
 0.97080666254414638
 0.90115662367122262
 0.41854186373866809
 -0.10515904404881884
 -0.71452501113115185
 -0.9964522021328357
 -0.82174444767227495
 -0.27046345643873931
 0.40476032444000531
 0.81568351013060969
 0.99728505146395308
 0.81913351355534125
 0.26606413057519801
 -0.40893200362750154
 -0.8183168365787411
 -0.99693837014674846
 -0.8165054964834555
 -0.26165925596843598
 0.26909386979366645
 0.72404242682852316
 0.97502601079265327
 0.8930881406545097
 0.40188301863227083
 -0.12330609336432669
 -0.72718478695228606
 -0.997823225944791
 -0.89102435057797791
 -0.53322118190329848
 -0.025207970311606029
 0.48990640385738971
 0.93296852388111462
 0.94848777721381872
 0.52935229899733338
 0.020642452992762857
 -0.49388243535298704
 -0.93460261744058193
 -0.98498021969111815
 -0.75788587203879176
