# Created by Octave 8.4.0, Thu Dec 11 09:16:06 2025 IST <gamana@Samsung>
# name: iq
# type: matrix
# rows: 2048
# columns: 1
 0.99706007033948296
 0.81741217677477895
 0.2631763561998442
 -0.26757933088703667
 -0.82003431881388944
 -0.99739959216031482
 -0.81477298767905471
 -0.25876789299367536
 0.41582037352034329
 0.89985447880301794
 0.97152058492562143
 0.59797692748566744
 -0.049596092412049285
 -0.67444116920798691
 -0.99021632186749353
 -0.85221418830700335
 -0.46444680927567056
 0.20609367790557251
 0.7821895192030589
 0.99084323820616371
 0.92037337700240041
 0.46039768712535095
 -0.058716099949635919
 -0.56128938152206265
 -0.90574572222887484
 -0.96818318853898067
 -0.58694028909782114
 0.063274314483384275
 0.68449278249337897
 0.99203506640327987
 0.84496660483630381
 0.45227072281333514
 -0.067831209437063375
 -0.68781486305698147
 -0.96239019836420125
 -0.91492984919274301
 -0.44819305013874217
 0.22393303760226052
 0.69112259930416531
 0.96362080435019881
 0.96466407232768558
 0.57579348696443622
 -0.076940660499172919
 -0.57631293131307915
 -0.96483131411195144
 -0.91120536368867255
 -0.57205376644090067
 -0.071752868069691278
 0.58003896657922716
 0.91518615002584003
 0.99252258712934649
 0.68735344227596562
 0.21885994682257345
 -0.45283739864252964
 -0.8453062979285888
 -0.99195482049672057
 -0.78745579190865311
 -0.21440167295751505
 0.45690432002071296
 0.84773739218477961
 0.99976024002897124
 0.78463279521646101
 0.35686575795358699
 -0.17143145822393704
 -0.75971424992675674
 -0.98546104560661119
 -0.86788805486487475
 -0.35259602275589552
 0.17592877097638684
 0.76267586066973059
 0.98622665999936832
 0.93195438336710679
 0.6151476976129181
 0.12505201810772687
 -0.53559388212582526
 -0.89229517179135864
 -0.97541527964386687
 -0.72525496053724303
 -0.12051985628836237
 0.539444769141321
 0.89434751792973222
 0.9743987219147211
 0.72210331071667855
 0.26638918140600432
 -0.40862424436305445
 -0.81812296642813798
 -0.9969646812229912
 -0.71893660149723992
 -0.11144808692793674
 0.4127880280337809
 0.89839621318548846
 0.9723046650902295
 0.60064404025869844
 0.10690866857780772
 -0.4169432030477333
 -0.90039247786769683
 -0.9712272096662482
 -0.59698662027215366
 -0.1023670206571104
 0.55473501691758409
 0.95762376292248608
 0.92167111360559606
 0.46335275743937165
 -0.2073019864333841
 -0.7829583640356752
 -0.9998156451079302
 -0.75849664677718287
 -0.3181809317963995
 0.35861242639359125
 0.87106778079594227
 0.98434695020286866
 0.75551272082614551
 0.3138482400055988
 -0.2162282529416803
 -0.78860730660693079
 -0.99218987018173066
 -0.91626950319055256
 -0.58223320594591998
 0.069063291190749512
 0.56984016634588963
 0.96272497207237551
 0.91443069848484515
 0.57851430337155152
 -0.073618372655640751
 -0.57358694006433752
 -0.91197430663594548
 -0.96433794116464788
 -0.57478333593399444
 0.078171918816064875
 0.69530405048119537
 0.99380561813976886
 0.83688506593351708
 0.43890041192735763
 -0.23402593007645195
 -0.69857896332837865
 -0.99430276388508065
 -0.90880001753352013
 -0.43479248720976083
 0.08727402540234655
 0.58475517729333404
 0.91750900165457205
 0.99179772524216159
 0.68312798938494734
 0.21319525028735797
 -0.31679524492009564
 -0.75754354767471233
 -0.99978651948124719
 -0.78386655901666646
 -0.2087313118979876
 0.46205730526771932
 0.92110318962624171
 0.95804362441097179
 0.67642944782571257
 0.20426302043608899
 -0.32544492650933948
 -0.8531913046710683
 -0.99993353074598179
 -0.77816272056647606
 -0.19979046908747422
 0.3297596316796047
 0.7664154324676743
 0.99997575675182881
 0.77528642874904019
 0.34287472804206498
 -0.3340674597427386
 -0.76934084225103916
 -0.99999712835420362
 -0.77239396840364405
 -0.19083295991561117
 0.4781793062011695
 0.86025699276107992
 0.98792363963022523
 0.66286364658848163
 0.18634818890040208
 -0.34266212533544399
 -0.77514346754330132
 -0.98926451672805937
 -0.92470671639000113
 -0.47033764499814956
 0.047501800152673058
 0.67289158612426403
 0.95665883394443718
 0.92295861919554401
 0.46630268430458355
 -0.20404147402606793
 -0.78088143098659768
 -0.99055796071614033
 -0.92119127378302013
 -0.5923221787200843
 0.056622824775336068
 0.67961980944169464
 0.99117370235192137
 0.84851157913180664
 0.45820367316874133
 -0.061181613339756163
 -0.68296269599202541
 -0.99176877315027423
 -0.91759898613570712
 -0.45413979163061846
 0.065739125967193737
 0.56709913008595247
 0.96181845306282432
 0.96639835752710879
 0.69874087967110676
 0.082949369652468824
 -0.57085458171187231
 -0.96305827746042616
 -0.91393015311384551
 -0.44598370037160123
 0.074849943253653239
 0.69290561951778085
 0.96427801736522922
 0.91206712747968488
 0.44189166074526115
 -0.079403057907437527
 -0.69619111825248092
 -0.99394210623815205
 -0.83620842721902666
 -0.43779040550849502
 0.23522643458328552
 0.69946209798473968
 0.96665714236557809
 0.90828405223027919
 0.43368002019265883
 -0.088504224464064266
 -0.58575655754957578
 -0.96781647784468805
 -0.90636408151072456
 -0.56249817485182096
 0.093052086562905839
 0.70596022788208712
 0.9689556295991556
 0.95899325760726251
 0.67887954266207917
 0.20752337767997792
 -0.46315219311821709
 -0.92158328696856939
 -0.99041917426645698
 -0.7802509414703559
 -0.20305392502080796
 0.32661242523442358
 0.85383481617261225
 0.98977821361547547
 0.6721450926597492
 0.19858023769046895
 -0.47122753925634359
 -0.85620308428814818
 -0.9891166112298605
 -0.66875680618638189
 -0.041931997536306498
 0.60410860025757918
 0.97330993055685211
 0.95365618886001025
 0.54347439274991349
 0.037368871228434644
 -0.60774151779862151
 -0.92851999270471819
 -0.95227213003567746
 -0.53963531540957743
 0.12029519006700186
 0.61136176094555383
 0.93020584804791562
 0.98700809379243404
 0.76576713127802476
 0.32880721843400595
 -0.20077869665569509
 -0.77879582976059736
 -0.9999213924642798
 -0.85266475274713216
 -0.4652098361220755
 0.053296118647976481
 0.67717199318883048
 0.95833224313326493
 0.92071002898629983
 0.5913267038636717
 -0.05785577811559621
 -0.56057594138886369
 -0.90538014207092266
 -0.96839848471989642
 -0.70436938842955232
 -0.2419172743442409
 0.28868367814973406
 0.73796155279912612
 0.9987422260085822
 0.801838525669477
 0.38312094629479049
 -0.29305294391531628
 -0.74103566595754
 -0.98026636732946337
 -0.94335302547137367
 -0.51585384667759693
 -0.0048110008146279
 0.5075871187384684
 0.87699638961587445
 0.98212305599750904
 0.63718126234391137
 0.00024429786608070703
 -0.63680461873801897
 -0.94166367111461102
 -0.94028332926573244
 -0.50800803243627723
 0.0043224101772478462
 0.51543521658228852
 0.94319080135431788
 0.93871905077095341
 0.50406919266205064
 -0.00888902807713364
 -0.51934318233455534
 -0.94469826143564273
 -0.93713519537574463
 -0.50011984057062497
 0.013455460597118806
 0.64730769912003305
 0.98452421818517355
 0.87057191880125973
 0.35767066851744866
 -0.17058236556231213
 -0.65078182389975114
 -0.98531426076813822
 -0.86831583367136222
 -0.49218992910733028
 0.17508036017107351
 0.76211819018334714
 0.98608375471180088
 0.93226650013630397
 0.48820953511299425
 -0.027152693583766686
 -0.65768928530242321
 -0.98683268396842572
 -0.86374938489643793
 -0.34484363451068062
 0.18406530180447664
 0.76799965769645229
 0.98756103291917052
 0.92892343523448795
 0.60860525581607272
 0.11684110857369846
 -0.40783753743386086
 -0.89599886333126233
 -0.99703140555652559
 -0.71953534158774446
 -0.26281630249254145
 0.41200293591187848
 0.89801739495237454
 0.97250571827806354
 0.60133283008040084
 0.10776547669751235
 -0.55021019941600258
 -0.9560461302759633
 -0.97143208768508127
 -0.5976777681181199
 0.049968820906833154
 0.5540177809248944
 0.95737519366304447
 0.92200512061763984
 0.46411627841504299
 -0.054529300663180097
 -0.55781380844334583
 -0.90396045495759048
 -0.9692240719285522
 -0.59033032713295708
 -0.094135409971857764
 0.5615982028055716
 0.90590382562655769
 0.99501356136680352
 0.80382492407085182
 0.24071879469133953
