# Created by Octave 8.4.0, Thu Dec 11 09:16:06 2025 IST <gamana@Samsung>
# name: iq
# type: matrix
# rows: 2048
# columns: 1
 0.99706007033948296
 0.81741217677477895
 0.2631763561998442
 -0.41166286191191009
 -0.89785314323009247
 -0.97259255895290297
 -0.60163096747855127
 -0.10813648706951674
 0.41582037352034329
 0.82263935911185238
 0.9977183133033527
 0.81211680656676566
 0.39913916364882279
 -0.126277206267076
 -0.72923708866562187
 -0.97667740455693652
 -0.94898469904253735
 -0.65396009222976592
 -0.022214290997900961
 0.61971144815431445
 0.97764774684509548
 0.94753482023462876
 0.65049842763434806
 0.017648480643128749
 -0.62328907253604104
 -0.93566355795921996
 -0.98445874839776404
 -0.7559288889967074
 -0.16571279352017626
 0.36227941227075194
 0.78821639611625471
 0.99211040285063745
 0.84464582685674738
 0.451735955545704
 -0.068429320412764685
 -0.68824991106358091
 -0.99267257301273648
 -0.9146877172569069
 -0.57903252519821957
 0.072984607991762596
 0.57306627895981621
 0.96378086250028872
 0.96450593995209644
 0.69352673492061989
 0.22717892085399657
 -0.44521220012329865
 -0.91358003901312201
 -0.99299901827171977
 -0.69022950739697697
 -0.22272925180653891
 0.3075145173729773
 0.84318003849283296
 0.99953697267526553
 0.87432127497765744
 0.36482469394694789
 -0.1630177147739201
 -0.64493753308863866
 -0.98397524954642002
 -0.93662425339424948
 -0.49885389310436667
 0.014916604353269872
 0.64842084563481195
 0.94665791726123827
 0.93501460739056352
 0.49489079104069511
 -0.019482646357389975
 -0.52836776250192941
 -0.94811962245698522
 -0.93338546174226766
 -0.61827065004495774
 -0.12898709931501984
 0.53223945734323408
 0.94956155470422277
 0.97628187600863758
 0.61467493103747084
 -0.028613416223251562
 -0.536100052379056
 -0.89256565897215878
 -0.9975927809538645
 -0.72484208350577484
 -0.11992470052882938
 0.40500014806224366
 0.89461555903131029
 0.97426376220703059
 0.72168845298289652
 0.11538970234524717
 -0.40917133979595066
 -0.8184675601388407
 -0.99719895765191047
 -0.81635404255404231
 -0.26140610184024543
 0.26934646894041164
 0.72422331303918408
 0.97508422786670002
 0.89297011361220469
 0.40164283463597866
 -0.1235663705437246
 -0.72736480393270331
 -0.976087115172108
 -0.94984269133657262
 -0.65602466714103314
 -0.17740248146386889
 0.49013503876520476
 0.93306290263883518
 0.94840464974003225
 0.65257115358035622
 0.17290636130483472
 -0.49411048094498033
 -0.86940874861318307
 -0.99979190436578935
 -0.84853061319897349
 -0.4582356449188979
 0.21293898995673863
 0.68293642097259744
 0.99176416681488366
 0.84610530983210563
 0.45417183831706781
 -0.065703233495606125
 -0.68626517685702493
 -0.99233871732669821
 -0.9157885672405065
 -0.58125796803355856
 0.070259386309538652
 0.68957962074360624
 0.96304859030171963
 0.96522381724434902
 0.57753589027058483
 -0.074814073870330539
 -0.57456868851859633
 -0.96426848850398295
 -0.96401990181623187
 -0.5738017680491504
 -0.07387994139958845
 0.44685409141316507
 0.91432450995893599
 0.96279588184073128
 0.68890093284016052
 0.069324945541670138
 -0.58201994412750735
 -0.91616441098525458
 -0.99222255238622448
 -0.68558354763474372
 -0.21648432361859246
 0.45500618041280882
 0.91798520548608953
 0.99164375835976593
 0.68225186464677556
 0.060210711553703992
 -0.4590680336976013
 -0.91978685548894856
 -0.95900345199133619
 -0.67890595335821213
 -0.055651663500177161
 0.46312031316029723
 0.92156932342057896
 0.99042414088762409
 0.67554588354773948
 0.051091454836268826
 -0.596776182900982
 -0.92333257210777409
 -0.95637512183597873
 -0.55114847945818168
 0.106647885100269
 0.60043432000801411
 0.92507656477813749
 0.98912190302467629
 0.77452856646619817
 0.19413769499189698
 -0.47521886452547285
 -0.92680126506087157
 -0.98843983512506073
 -0.66538142519188515
 -0.037404816318760435
 0.60771295218366916
 0.97433972013122938
 0.95228310934829397
 0.66196542496401622
 0.032840916452987139
 -0.48323515238183556
 -0.86318239617788683
 -0.98701387251156136
 -0.65853561950740669
 -0.028276331692887669
 0.48722822131491544
 0.93185925391478641
 0.94945575472370036
 0.65509208035033761
 0.023711157232476316
 -0.49121112914774684
 -0.93350642899691172
 -0.98550557398912264
 -0.7598847751608806
 -0.1716898524875731
 0.35662073253939414
 0.78447016306265849
 0.99133194181980266
 0.91893247106273235
 0.4571376091762453
 -0.062378330857600917
 -0.56432210370605085
 -0.96089129691787012
 -0.9171217121892673
 -0.45307123277109945
 0.066935492729034415
 0.68716291644317073
 0.96214591601666388
 0.91529182682589483
 0.44899540760658252
 -0.2230579892443621
 -0.69047347805072579
 -0.99303879523100436
 -0.91344285313471929
 -0.57652725677815253
 0.076045533660961007
 0.57557902585817122
 0.96459493207099567
 0.9115748296758901
 0.44081575119861865
 -0.080598222732407257
 -0.57930743003644081
 -0.96578927795253033
 -0.96246141992976164
 -0.68800522698678646
 -0.068092886001361541
 0.58302375281096053
 0.96696348238648455
 0.90778178968163992
 0.43259932229274561
 -0.24082644017776364
 -0.80389089465875141
 -0.9950246172039402
 -0.90585685224972345
 -0.42847753222482732
 0.24525622822431584
 0.70680891937608892
 0.96925136938056977
 0.95865273487232627
 0.67799868370998118
 0.054418557105745877
 -0.59409945894557603
 -0.970365004227011
 -0.90195034323742196
 -0.55392544587614156
 0.10333455741059976
 0.59776668361302476
 0.9238061010348807
 0.98960650546753481
 0.67125684091562299
 0.04529650493705354
 -0.47228473929239162
 -0.92554488003732771
 -0.98893948579507385
 -0.77374680424103814
 -0.34058727400126604
 0.33636061951733709
 0.85916763922364559
 0.98825184187956794
 0.77084575096264307
 0.18844314139406976
 -0.48031556574649814
 -0.92896449571977835
 -0.9519054479984026
 -0.66103926179696526
 -0.031606579698358631
 0.61231015769750341
 0.93064526108400769
 0.95049632027062791
 0.65760573526850563
 0.027041826074332108
 -0.61591429094295513
 -0.97662105565601998
 -0.88978071120295688
 -0.53090778593700405
 0.13054600469839833
 0.73217568374252728
 0.97759256833212316
 0.94761862707272504
 0.52703228840410865
 0.017910722171062571
 -0.49625634944937436
 -0.87062648486684047
 -0.99973846832989566
 -0.84722105796878744
 -0.31470050977912667
 0.21535164711011798
 0.78805496053472135
 0.99207748702807963
 0.91662874163464036
 0.45196993621406401
 -0.21980895658447358
 -0.68805960798840127
 -0.99264084583298418
 -0.91479369043480918
 -0.57924634576443579
 0.072723021987780773
 0.57285131597583161
 0.91160563668947248
 0.96457516552375233
 0.57551774398311595
 -0.077276877469169419
 -0.69465853816616863
 -0.99370544782199999
 -0.83737614173914277
 -0.29731020684864817
 0.23315300908548614
 0.69793630702392573
 0.99420666880394015
 0.90917422426779237
 0.43560076978030499
 -0.086379658688501032
 -0.58402667228351934
 -0.96727755929629
 -0.96087054195295962
 -0.6837833448964501
 -0.21407228166829007
 0.45720425744531024
 0.91896202514489145
 0.99132209360340251
 0.68044395774559407
 0.20960920998794641
 -0.46126094313928362
 -0.92075330497514141
 -0.99071143879023971
 -0.6770903799978768
 -0.053185367713742382
 0.46530800927823351
 0.92252538257895755
 0.95698557107963933
 0.55289682253873451
 0.048624570949613463
 -0.59875627262871844
 -0.971750610450137
 -0.9556506286681602
 -0.67034093276055851
 -0.19619413942258937
 0.33322114493355337
 0.85745804000306258
 0.98875556026373002
 0.66694520403006563
 0.039500030374461016
 -0.60604645730021167
 -0.92772603447345159
 -0.98806234138110383
 -0.77005845524957273
 -0.187230145560146
 0.34181858154243305
 0.86212185909528127
 0.99998295210296995
 0.85614577945751935
 0.47112971399971271
 -0.046605037363985337
 -0.67222720714079276
 -0.95639701164548396
 -0.97114684364983439
 -0.59671605039669295
 -0.10203156538250441
 0.42139552464273106
 0.90251524314443954
 0.995773610928675
 0.70910904562404031
 0.24841225888832305
 -0.42553257065895028
 -0.90447252011329171
 -0.96892820327769935
 -0.70588167261913093
 -0.24398610906956891
