# Created by Octave 8.4.0, Thu Dec 11 09:16:06 2025 IST <gamana@Samsung>
# name: iq
# type: matrix
# rows: 2048
# columns: 1
 0.99706007033948296
 0.71979445629436789
 0.11267528621267162
 -0.41166286191191009
 -0.89785314323009247
 -0.99669975492155383
 -0.81477298767905471
 -0.25876789299367536
 0.41582037352034329
 0.82263935911185238
 0.9977183133033527
 0.89173695753970295
 0.39913916364882279
 -0.126277206267076
 -0.6161208997466926
 -0.93240144544834269
 -0.94898469904253735
 -0.65396009222976592
 -0.17471292102219657
 0.35375141607369498
 0.86850088041626661
 0.985250469487432
 0.75891061748844191
 0.17021463217652491
 -0.49648404018293579
 -0.87075548362775734
 -0.98445874839776404
 -0.64702319695337762
 -0.013082302230897626
 0.62685369828083859
 0.93726536135324057
 0.98364649651042202
 0.64353447266247155
 0.1612074989385934
 -0.50439146910589572
 -0.9388476181633828
 -0.98281373076484568
 -0.74991820004097443
 -0.15669884238927639
 0.37077718740857579
 0.79380414593267479
 0.99932172244443662
 0.74688936492934765
 0.15218691789985109
 -0.37501452045592854
 -0.87959183670055963
 -0.99914313223323781
 -0.74384495350793745
 -0.14767181956608888
 0.37924403260955986
 0.88175517967331396
 0.99894370498287544
 0.74078502926765999
 0.29269611680139745
 -0.23784618978820501
 -0.70138649497904204
 -0.9673440726117527
 -0.90715275704229548
 -0.43124892776542673
 0.091189587921087126
 0.70463424304951916
 0.995172673015283
 0.9052216213146459
 0.42712419847488775
 -0.095736315726760557
 -0.59162761605977232
 -0.96961871794042342
 -0.90327160727240496
 -0.42299056154802456
 0.25113046123705945
 0.71108558651626785
 0.99602750333649714
 0.90130275558293516
 0.4188481031914722
 -0.25554820013760671
 -0.71428904737035315
 -0.9718124784500537
 -0.89931510730645936
 -0.54886662494658134
 0.10936414063460427
 0.60261697710835183
 0.92611076224270938
 0.98871630425468959
 0.66674975226285726
 0.039237950724844595
 -0.47762109668853364
 -0.85993281577640979
 -0.9880219015039563
 -0.66333931775948618
 -0.034674352783172553
 0.48162826828313782
 0.862254728491333
 0.99998138620148591
 0.85601021937775568
 0.47089834743204406
 -0.046867033747573464
 -0.67242136389076779
 -0.98983136742132305
 -0.9232030263304648
 -0.59650556024492263
 -0.10177064770085427
 0.55523372073924604
 0.90262816634349929
 0.99574948813708342
 0.80836512406540517
 0.39326182440105123
 -0.28251463140679067
 -0.73360221314005569
 -0.97803180066825379
 -0.88671984235211354
 -0.52524920526344476
 -0.015814255536007973
 0.62472257242825535
 0.93630935971701046
 0.94546926027148714
 0.52135769715095059
 0.011247956082341949
 -0.50203036872450668
 -0.93790331511077729
 -0.98331443318542888
 -0.6421292465344145
 -0.0066814220535604723
 0.50597464915570589
 0.87609610931798187
 0.9824734317532009
 0.74870337284051514
 0.30402127670330764
 -0.2263045458482901
 -0.79491849299250317
 -0.99342572139859497
 -0.91208187615920255
 -0.5738017680491504
 0.079367201190443562
 0.57830034652362083
 0.96546827697460613
 0.91019997911661832
 0.43782274524140236
 -0.2351914734962077
 -0.80042666836970566
 -0.99442985469023693
 -0.90829909993624047
 -0.4337124315048439
 0.2396276262838915
 0.7026928983702091
 0.96780742505491923
 0.96028763077360757
 0.56252791462795315
 -0.093016272330551625
 -0.70593475145094076
 -0.96894673588189228
 -0.95900345199133619
 -0.55874639580788033
 0.097562209492346161
 0.70916188232663657
 0.970065839412798
 0.95769927327928239
 0.67554588354773948
 0.051091454836268826
 -0.596776182900982
 -0.92333257210777409
 -0.98978334287695413
 -0.67217172528928704
 -0.046530180664730178
 0.60043432000801411
 0.92507656477813749
 0.95503102527647488
 0.66878354895063952
 0.041967936110490878
 -0.47521886452547285
 -0.92680126506087157
 -0.98843983512506073
 -0.77163187100420239
 -0.18965584981998099
 0.47923200562359664
 0.86086770125102496
 0.99999432420953505
 0.76871908322971561
 0.33315048880552711
 -0.1962676204535162
 -0.77590042571686879
 -0.99996851064241199
 -0.85506042765754497
 -0.46927919879232782
 0.048699420167262614
 0.67377805770053945
 0.95700731056670041
 0.92249645868675645
 0.59503218556979909
 0.099945520160762913
 -0.55675851408126154
 -0.90341624705829937
 -0.99557885146941183
 -0.80728383888807087
 -0.39157449206599887
 0.28427390587818346
 0.82985072709325425
 0.99513952175078968
 0.80458031858614487
 0.38736837114448691
 -0.13896643493271216
 -0.62615396992670891
 -0.93695201049059973
 -0.98380779503866689
 -0.64422137197363261
 -0.16209344886943333
 0.50361607496346472
 0.87477552854699847
 0.99950803184176107
 0.84267605597806827
 0.30662304814909491
 -0.3699432713764611
 -0.79325783399935179
 -0.99310923099183313
 -0.84020845925899235
 -0.44437323788879984
 0.22809105349444225
 0.69420127614731086
 0.99363405851934006
 0.91132818929290016
 0.57229837309841147
 0.072050349334576741
 -0.57979598706790159
 -0.91506590390669518
 -0.96229853049964109
 -0.56854749921864145
 -0.067494761286094856
 0.58351071807552257
 0.9671161311271711
 0.9075301689701889
 0.43205874002810724
 -0.24140825635502416
 -0.80424732122389797
 -0.99508416659435028
 -0.90560274921938144
 -0.42793577198471555
 0.094842643710131319
 0.59090359568530659
 0.9205051918057886
 0.95848195665734937
 0.55722404967220118
 -0.099387774929510453
 -0.71045408205694227
 -0.97050969629949302
 -0.95716975147556826
 -0.55342621957623661
 -0.049259283613090801
 0.46878414367617327
 0.8547696394161699
 0.989520117873813
 0.7762539210985151
 0.34431461312667594
 -0.18461917775397735
 -0.76836045105227757
 -0.98764948397803776
 -0.92871462706173769
 -0.47972390636529832
 0.18910545721954594
 0.77127520987753551
 0.9883546949159574
 0.927011630027469
 0.47571198750746807
 -0.19358779290802877
 -0.77417388382841079
 -0.99998646081245512
 -0.85647397793049618
 -0.47169014771937318
 0.19806609134066691
 0.67175660134530502
 0.98970326637270012
 0.92354767364821833
 0.46765847087616669
 -0.050531642697646817
 -0.67513248402895309
 -0.95753781681130956
 -0.97020180877802364
 -0.70955697453770561
 -0.098120056271630993
 0.42495741676912124
 0.90420128748488515
 0.96908518718169256
 0.58987537054189443
 0.093574363747004757
 -0.42908682841071355
 -0.83087294452468408
 -0.99859960296641448
 -0.88501768945102288
 -0.52212357749623084
 0.14078288242199291
 0.739174071362661
 0.99883078709797413
 0.88288239738496355
 0.38145904536495701
 -0.1453026379155623
 -0.63113212229248328
 -0.93916975144443327
 -0.94275477055799772
 -0.51431227012111369
 -0.0030125029018574635
 0.63466782216768436
 0.98150478742342817
 0.8785566208718506
 0.51039048674775866
 -0.15433296388685006
 -0.74833167288643443
 -0.98236879196404914
 -0.93966960834163338
 -0.50645805922721576
 0.15884334603799766
 0.75135307850657385
 0.98321230929285264
 0.87415755586709232
 0.50251506956987901
 -0.010687453590618137
 -0.52087928828453178
 -0.94528653874540336
 -0.93650605963703171
 -0.62516016716356593
 0.015253786964101002
 0.64867752905396447
 0.98483781237670287
 0.93489497256578857
 0.49459773298624216
 -0.019819802221215446
 -0.65214631740722062
 -0.94822677574888892
 -0.933264388344899
 -0.6180055709143798
 -0.12865268805560975
 0.53252491628911025
 0.89065052568276315
 0.97620881102840229
 0.61440890274510263
 0.12412259154013992
 -0.53638468848563203
 -0.89271766704429001
 -0.97520842120142426
 -0.61079942113405361
 0.033514987101304058
 0.54023327442822866
 0.95248874330969102
 0.92825599487008159
 0.60717720135664366
 0.11505472734182955
 -0.40947901636436274
 -0.81866126483892543
 -0.99689131497651151
 -0.81615923355558806
 -0.2610805915399585
 0.26967121204323496
 0.72445580781615626
 0.9975537541960332
 0.81351195702580037
 0.2566695505195406
 -0.41779443979418884
 -0.90079963176166622
 -0.97100369805400089
 -0.59623486975544926
 -0.10143517182540703
 0.42193912522092825
 0.82645187614190396
 0.99815059791834015
 0.80816656237513129
 0.39295175212837735
 -0.28283809894652973
 -0.73383133976659254
 -0.97810204070790241
 -0.88656389225759114
