# Created by Octave 8.4.0, Thu Dec 11 09:16:06 2025 IST <gamana@Samsung>
# name: iq
# type: matrix
# rows: 2048
# columns: 1
 0.99706007033948296
 0.81741217677477895
 0.2631763561998442
 -0.26757933088703667
 -0.72295709950342013
 -0.97467563508643473
 -0.89379434027545168
 -0.40332217000396425
 0.27197672523161615
 0.82263935911185238
 0.99631865342087256
 0.71342420240216764
 0.25435403320662997
 -0.27636844752632383
 -0.82522724334078956
 -0.99801622712169602
 -0.88966097771079677
 -0.53068550131166847
 0.13080603864129745
 0.73235430365016874
 0.97764774684509548
 0.94753482023462876
 0.65049842763434806
 0.017648480643128749
 -0.62328907253604104
 -0.97859770037839833
 -0.88545340033792985
 -0.38654055032865986
 0.13985542515412888
 0.62685369828083859
 0.97952724534565039
 0.88332189054261379
 0.5190242297318719
 -0.14437579056859726
 -0.63040525104876677
 -0.9388476181633828
 -0.94306674230411036
 -0.64003232751865924
 -0.15669884238927639
 0.37077718740857579
 0.79380414593267479
 0.9932140410785969
 0.91283249357463192
 0.4435688105502032
 -0.22896505360363265
 -0.69484718481991314
 -0.9649887322131383
 -0.91095823285371369
 -0.5715619408474234
 0.082090521919315831
 0.58052721149389108
 0.96617647717373156
 0.90906497418168908
 0.43536466339879998
 -0.23784618978820501
 -0.80206146680018797
 -0.99872344485238629
 -0.73770965602296679
 -0.28832635562389775
 0.38767924157623307
 0.8860266541137356
 0.99848235643527605
 0.82966251550724124
 0.28395058142647778
 -0.24670748503358705
 -0.80748280845543519
 -0.99561046985879564
 -0.82710443109173448
 -0.42299056154802456
 0.25113046123705945
 0.81016824749014416
 0.99602750333649714
 0.82452909748853165
 0.27518135912083291
 -0.40027119857025584
 -0.89229517179135864
 -0.97541527964386687
 -0.72525496053724303
 -0.12051985628836237
 0.539444769141321
 0.89434751792973222
 0.9743987219147211
 0.72210331071667855
 0.11598518103835469
 -0.40862424436305445
 -0.89638121253194536
 -0.9969646812229912
 -0.81670014042814298
 -0.40636866435859498
 0.26876907226385538
 0.820740489024255
 0.99659874386674296
 0.71575489892035005
 0.25757478171841441
 -0.4169432030477333
 -0.90039247786769683
 -0.9712272096662482
 -0.59698662027215366
 0.050829512641400787
 0.67535247435899426
 0.95762376292248608
 0.92167111360559606
 0.59331675018393693
 0.097823237881506209
 -0.55852885519347406
 -0.95892908947939692
 -0.96901155714552578
 -0.58963450652884386
 -0.093277415011185888
 0.56231104540088572
 0.90626844172607091
 0.96787340625601292
 0.70287948678186651
 0.088729646848843727
 -0.43347608615063532
 -0.90818935012412527
 -0.99445746524175327
 -0.80058386130778225
 -0.23544639110632265
 0.29505700746927255
 0.74244194177693867
 0.98067870320139328
 0.88058739468803771
 0.51405646439116126
 0.0027142508996653475
 -0.509392575397842
 -0.87800195033943063
 -0.99927548207434191
 -0.74606759889611551
 -0.15096620933205945
 0.37615908234565687
 0.88017868087772855
 0.9808469264002444
 0.74301898606732286
 0.29588031770414369
 -0.2346087439461009
 -0.80006716347485207
 -0.99888619500537212
 -0.73995487764514356
 -0.141931274197549
 0.52113386311773913
 0.88447702880257373
 0.9986603018114758
 0.83151790381238011
 0.2871436046763976
 -0.2434773626005656
 -0.70551000982053125
 -0.99529311415500421
 -0.82897243756720596
 -0.42600721445523398
 0.24790410159298104
 0.70873907722246843
 0.96992008031741128
 0.9027410274486326
 0.42187118343784913
 -0.10150972301813228
 -0.59629502905811249
 -0.97102161033957579
 -0.90076708853249832
 -0.41772635433529737
 0.10605178105953815
 0.59995480435262905
 0.97210288979435833
 0.89877436420064549
 0.54783387611315026
 -0.11059162740069406
 -0.71833732746926005
 -0.9968972164669998
 -0.81861822739462087
 -0.26519862563593694
 0.40975110039236384
 0.81883250830413812
 0.99724628636823809
 0.81598685847420904
 0.40523994382358991
 -0.26995840372191243
 -0.8214454074650902
 -0.99757455878886059
 -0.81333847222205879
 -0.25638127759757734
 0.41806539666547804
 0.82404117545676947
 0.99610387225416208
 0.71169124950496054
 0.25196453736646229
 -0.27874135800008448
 -0.82661975814466226
 -0.99816868423776495
 -0.88853042950170691
 -0.39267747318977064
 0.13325437159471662
 0.73403391999699508
 0.99843452487561368
 0.80529176356133636
 0.38847348785946451
 -0.28750105989676866
 -0.73712757417115904
 -0.99867954325224162
 -0.88430284225936873
 -0.52081531747420562
 -0.010612519844126429
 0.5025798571863066
 0.87419394648307691
 0.98319863295447774
 0.64164196467474266
 0.0060459607215172474
 -0.50652267418638353
 -0.87640231771474386
 -0.9823547792959354
 -0.74828196255844681
 -0.30341582116580706
 0.22692348795870262
 0.69333775430174116
 0.99349826896703219
 0.91182114243432699
 0.44135378528429337
 -0.23136869382886627
 -0.69662135093078159
 -0.96563363617287878
 -0.9099366016055852
 -0.43725132659997279
 0.084551888970616357
 0.69989041958487663
 0.96681048611430065
 0.90803308413177553
 0.56577382933686404
 0.064134350968190881
 -0.58624234246306972
 -0.96796717331094617
 -0.96011013199408302
 -0.68178712078250292
 -0.059576378176591699
 0.58993588089067583
 0.96910367364021632
 0.95882316854271554
 0.67843923510325732
 0.20693688761713588
 -0.32286021601341536
 -0.76170660622616937
 -0.98597790847448374
 -0.93249620882864648
 -0.48876403164850379
 0.02651744823474227
 0.657210456600686
 0.98672970031970908
 0.9308370836132025
 0.4847748679069947
 -0.031082271478345323
 -0.53818343962477888
 -0.89367668162933689
 -0.99741846053125105
 -0.72313828409462411
 -0.26783204073746153
 0.40725723252969975
 0.81726105969626939
 0.99703993890935871
 0.8175632376215648
 0.40773626966149795
 -0.26732660262920321
 -0.81988418229177085
 -0.9973806551759018
 -0.81492502611226691
 -0.40356216028660752
 0.12148540426003865
 0.61231015769750341
 0.97562917563660601
 0.95049632027062791
 0.65760573526850563
 0.17946559704239815
 -0.34923055048859636
 -0.86609708556551335
 -0.98606531023106403
 -0.76204637929906172
 -0.17497116393201925
 0.35350608027650443
 0.78239957707987662
 0.99983247997102931
 0.75908138870197783
 0.31903190422298738
 -0.35777423772728167
 -0.78523545681431273
 -0.99149343853740313
 -0.84722105796878744
 -0.45603887622061912
 0.21535164711011798
 0.68473858428850043
 0.99207748702807963
 0.84478620458292519
 0.45196993621406401
 -0.068167649874410111
 -0.56910219984820576
 -0.90971891406343963
 -0.99406501908017475
 -0.7983799583331106
 -0.231878994448591
 0.44088301412749958
 0.91160563668947248
 0.99355785265223451
 0.69371566783016436
 0.075970812445554814
 -0.4449773300437953
 -0.91347334786286249
 -0.9930299656656284
 -0.69041926913453366
 -0.071416512219100281
 0.58031363000642855
 0.96610880593672932
 0.90917422426779237
 0.56802461131976778
 -0.086379658688501032
 -0.58402667228351934
 -0.91715158044517486
 -0.99191207448445484
 -0.6837833448964501
 -0.21407228166829007
 0.45720425744531024
 0.84791621144290719
 0.99132209360340251
 0.68044395774559407
 0.057745055301892521
 -0.5914161401871515
 -0.96955452460525537
 -0.95830055564405059
 -0.55669626344285916
 0.10002008265532036
 0.59509241170698868
 0.92252538257895755
 0.99008012278011326
 0.77872625473123713
 0.20067004565239421
 -0.46934537146098876
 -0.92427822099980073
 -0.9556506286681602
 -0.67034093276055851
 -0.19619413942258937
 0.33322114493355337
 0.85745804000306258
 0.99999457388324242
 0.86082956821913825
 0.33942587214412534
 -0.33752338274773352
 -0.77167953460243732
 -0.99999919043919605
 -0.77005845524957273
 -0.187230145560146
 0.4813983933060807
 0.92942093762242273
 0.95152633483001159
 0.66011209043206842
 0.030372194738322415
 -0.48539609972578496
 -0.86442682365432499
 -0.999945859213213
 -0.76419952433889138
 -0.32650759738066742
 0.20316252151698605
 0.67560113478077399
 0.95772083556631227
 0.92154022886593456
 0.46305389465675628
 -0.055726485204822873
 -0.55880854320983553
 -0.90447252011329171
 -0.96892820327769935
 -0.58936210966894675
 -0.092941658960011372
 0.42966074223207928
