# Created by Octave 8.4.0, Thu Dec 11 09:16:06 2025 IST <gamana@Samsung>
# name: iq
# type: matrix
# rows: 2048
# columns: 1
 0.99706007033948296
 0.71979445629436789
 0.11267528621267162
 -0.41166286191191009
 -0.82003431881388944
 -0.99669975492155383
 -0.71661680183738552
 -0.25876789299367536
 0.41582037352034329
 0.82263935911185238
 0.99631865342087256
 0.81211680656676566
 0.39913916364882279
 -0.126277206267076
 -0.72923708866562187
 -0.99801622712169602
 -0.80944368883232731
 -0.39494783328271993
 0.28075440618218883
 0.73235430365016874
 0.97764774684509548
 0.94753482023462876
 0.65049842763434806
 0.17021463217652491
 -0.35801914740060525
 -0.78539783471713998
 -0.99152754231630602
 -0.84708169348121221
 -0.31445154230134043
 0.21560776862847272
 0.78821639611625471
 0.99211040285063745
 0.84464582685674738
 0.451735955545704
 -0.22006481733715735
 -0.79101851933410983
 -0.99947947189198894
 -0.84219234522037123
 -0.44765705097149988
 0.072984607991762596
 0.69155575910797984
 0.96378086250028872
 0.91283249357463192
 0.4435688105502032
 -0.22896505360363265
 -0.69484718481991314
 -0.9649887322131383
 -0.96328999306189333
 -0.5715619408474234
 0.082090521919315831
 0.58052721149389108
 0.91542760447624616
 0.99244923265600671
 0.7898948670650332
 0.36482469394694789
 -0.31185672933426212
 -0.84562645019083471
 -0.99187874960179634
 -0.78708613347960132
 -0.36056893869878703
 0.16752163237433296
 0.64842084563481195
 0.98477925608846884
 0.86985197422915883
 0.49489079104069511
 -0.019482646357389975
 -0.52836776250192941
 -0.94811962245698522
 -0.97726040292067717
 -0.73110392955089265
 -0.12898709931501984
 0.53223945734323408
 0.94956155470422277
 0.97628187600863758
 0.61467493103747084
 0.12445719769369468
 -0.40082051008727831
 -0.81318585042005176
 -0.9975927809538645
 -0.72484208350577484
 -0.27021093937455071
 0.26053945541214196
 0.81583521236402634
 0.99726570321822938
 0.81898303909962988
 0.40999034014640989
 -0.11449789551660453
 -0.6067317227218294
 -0.92804736212390482
 -0.98792921227539277
 -0.66289057852064825
 -0.18638352895506891
 0.34262833256009806
 0.86255820721364196
 0.98721150054603468
 0.65946449936692297
 0.1818949019102846
 -0.34691504748586588
 -0.7779979636358787
 -0.99993652039743985
 -0.85332808163596185
 -0.32569291987586835
 0.20400626038883832
 0.78085896061920368
 0.99055302875026752
 0.92120526956857784
 0.46228989505802376
 -0.056586912209590688
 -0.55952301269355742
 -0.95926849380749435
 -0.91941886397094896
 -0.58866567994252117
 -0.092083567790262444
 0.56330213157844045
 0.90677461397837034
 0.9948059055471814
 0.70202611666406234
 0.087535304603103034
 -0.4345562783818383
 -0.90869055342431926
 -0.99433068714871142
 -0.79986481559928813
 -0.23428092150626556
 0.29620242279567877
 0.7432446358180318
 0.99910557284759449
 0.88001857142836226
 0.37584660714244433
 -0.15129955681067098
 -0.6358241714083338
 -0.94123516614937197
 -0.98149732678437729
 -0.63463770798433317
 -0.14978083507796
 0.37726975861216061
 0.79804230380062968
 0.99400388353643554
 0.83589924592732856
 0.43728367576806071
 -0.084516047484257201
 -0.58250734085672884
 -0.91640452912024506
 -0.99214774991165122
 -0.78839990554638117
 -0.21589899735979576
 0.31416840442799665
 0.84692314534187008
 0.99156624030211227
 0.78558241593678013
 0.21143774299753279
 -0.31850060931094082
 -0.84934250145457979
 -0.99982206321654787
 -0.7827485430773421
 -0.35403036835172824
 0.32282617189262786
 0.76168329982111138
 0.9998977829126533
 0.86637714798772159
 0.48879541234463364
 -0.026481490628189865
 -0.65718334515096322
 -0.95032199228060932
 -0.93085022777459614
 -0.61275323130491544
 0.031046318599701757
 0.6606185588850072
 0.95173355468729892
 0.97474228812232744
 0.72316312838840535
 0.11750792765611652
 -0.40722438016204138
 -0.81724033068424484
 -0.99708287930625972
 -0.81758395015242558
 -0.40776911381292757
 0.26729194131945894
 0.81986358774199108
 0.99672392169643498
 0.71682479177437086
 0.25905597606127539
 -0.41554910959842867
 -0.82246974661917094
 -0.99769813259947648
 -0.81229079967804219
 -0.25464246591729178
 0.27608179845129188
 0.72903297315013649
 0.97661332256795064
 0.94907870267296035
 0.53093826783813081
 0.022512469632123801
 -0.6194773425927278
 -0.93393567496002394
 -0.98530146228487014
 -0.75910480468259534
 -0.31906599459326962
 0.21085468509873181
 0.68137695307556467
 0.95995324283973649
 0.91845890403962693
 0.58669636076014842
 -0.063574958699117348
 -0.56531154447216025
 -0.96122264241047173
 -0.91664311977042479
 -0.45200202256735805
 0.068131763263080278
 0.68803350558982612
 0.99263648935220927
 0.91480821899230513
 0.4479237306800033
 -0.072687146945316056
 -0.57282183226484695
 -0.96370127686440898
 -0.91295423997197966
 -0.44383609738396534
 0.077241014743698058
 0.57655909603508038
 0.96491046005590719
 0.96337002017561679
 0.69044528989819376
 0.071452390564100507
 -0.44903022628501127
 -0.91530752200688814
 -0.99248577109342961
 -0.68713460571437668
 -0.066896612312873388
 0.58399747362346033
 0.91713724432509891
 0.99191663943339137
 0.78727007391579995
 0.21410741789964374
 -0.31590947212643722
 -0.75693369461324622
 -0.9997667910402207
 -0.8699990676795073
 -0.35658432666996132
 0.32023901960242163
 0.85030938872444128
 0.99071632941997156
 0.78160555846728474
 0.2051769720268676
 -0.32456188852277384
 -0.85270390234153093
 -0.99992232925150604
 -0.8654595681516114
 -0.48719419138859299
 0.18071871354488481
 0.76581532309867562
 0.98702013134949329
 0.93017834032463509
 0.61130245695199592
 -0.032879863166694778
 -0.53969840410969094
 -0.95229500221321473
 -0.9284921669381585
 -0.60768200521349669
 0.037443756778691752
 0.54353729610752732
 0.89651471149716899
 0.97329272995718019
 0.71872717681913734
 0.26169397284568613
 -0.41306239664840122
 -0.82091255668930141
 -0.99750913087060766
 -0.81388135161755026
 -0.25728368398136398
 0.27345472269847426
 0.7271600950082584
 0.97602223755577266
 0.89104067888949523
 0.53325161151194667
 0.025243929103280785
 -0.48987504558462824
 -0.86699471694670305
 -0.98576451757378891
 -0.76088057062092695
 -0.17320011462563775
 0.49385115787935241
 0.8692613449535338
 0.98498642993474184
 0.75790933807007421
 0.16870062116155629
 -0.49781697095306354
 -0.9362045786140788
 -0.94556636267623406
 -0.52161218484139749
 0.14137639029589028
 0.73957771308504316
 0.97983535014433554
 0.94407036283704926
 0.51771051148844038
 -0.14589575335871732
 -0.63159702930009665
 -0.93937548428601403
 -0.94255467449628894
 -0.63885121435033154
 -0.0024130011449083398
 0.63513099580390497
 0.98161937863543991
 0.9410193292635145
 0.50987485595987014
 -0.0021537163537375561
 -0.6386517167085527
 -0.9424680280053056
 -0.93946435915820192
 -0.50594103719609163
 0.15943521000682429
 0.64215911858974739
 0.98332152122197891
 0.93788979660911109
 0.62825163875362622
 0.14163306672360618
 -0.38488397474658981
 -0.80297801966888138
 -0.99864466811201003
 -0.73667164996259904
 -0.28685502731373747
 0.38909487068886073
 0.8056914426689662
 0.99839657424167505
 0.73357573090793249
 0.13258591413161741
 -0.39329765209298662
 -0.80838806304726429
 -0.99812765890157551
 -0.82624002063433366
 -0.42159803356900244
 0.25261716209958657
 0.71216487795861461
 0.996163123205834
 0.82365889652021573
 0.4174526271245147
 -0.10635132811775407
 -0.71536333514686445
 -0.97217350550278869
 -0.95511941663496758
 -0.54758182875831007
 0.11089102523140938
 0.60384222317401981
 0.9732331737105071
 0.8966295484428608
 0.54375491817133148
 -0.11542840972281761
 -0.72171542661905685
 -0.99726858215391734
 -0.89459814612914179
 -0.40496451888586343
 0.27024845737164843
 0.72486892843070949
 0.97529159838194734
 0.95097163277874652
 0.53606715716560327
 -0.12449586238216011
 -0.72800731316679657
 -0.97629031191740334
 -0.94954933444649325
 -0.65531739615156448
 -0.17648053678270462
 0.49095131665198877
 0.86760946666219851
 0.99985936800275266
 0.85044581771036742
 0.46145907131781477
 -0.20939085042749581
