# Created by Octave 8.4.0, Thu Dec 11 09:16:06 2025 IST <gamana@Samsung>
# name: iq
# type: matrix
# rows: 2048
# columns: 1
 0.99706007033948296
 0.8958330830115131
 0.40749676511192734
 -0.26757933088703667
 -0.72295709950342013
 -0.97467563508643473
 -0.89379434027545168
 -0.40332217000396425
 0.12174574039319934
 0.72610466550790553
 0.9756866937503218
 0.89173695753970295
 0.39913916364882279
 -0.126277206267076
 -0.6161208997466926
 -0.97667740455693652
 -0.88966097771079677
 -0.39494783328271993
 0.28075440618218883
 0.82779791753061049
 0.9982933274023793
 0.80675369022336518
 0.24551049220311386
 -0.42824053105714127
 -0.90574572222887484
 -0.99505071406714374
 -0.7037574015908532
 -0.24108099541788655
 0.28950866682443271
 0.83288742170822871
 0.99458655204620394
 0.70050569115229744
 0.23664647091041779
 -0.436476125398505
 -0.83540614555488213
 -0.99899969140049327
 -0.79858297189933158
 -0.23220701116232156
 0.44058031145546378
 0.83790744708233544
 0.99919348408392272
 0.87900365099550504
 0.373869386604954
 -0.30259454778575384
 -0.84039127412617853
 -0.99306965479367471
 -0.69066317872013372
 -0.22331365638335027
 0.30694400810481892
 0.84285757488642232
 0.99252258712934649
 0.68735344227596562
 0.21885994682257345
 -0.45283739864252964
 -0.91701713273622421
 -0.96096389680019023
 -0.56453861324632804
 0.090592565401437189
 0.70420872599532103
 0.99511365919605155
 0.82999704864074697
 0.42766618896130559
 -0.095139548270323407
 -0.7074437119555298
 -0.96947189231264996
 -0.90352867364395562
 -0.55697636669152706
 0.099684547012589234
 0.71066394424145851
 0.97058155067745011
 0.95708335644826059
 0.67397184428203039
 0.20100039576986675
 -0.46904757370125261
 -0.854924397079591
 -0.98947700756754897
 -0.77606586166474079
 -0.34403458148482718
 0.33290317762689803
 0.85728447288167564
 0.9999934061281559
 0.8610011287905317
 0.33974305395953608
 -0.33720593166871321
 -0.8596266700940336
 -0.988114235632507
 -0.7702735494564491
 -0.33544444112374322
 0.34150165331148119
 0.77436263562652718
 0.99998486432392741
 0.85631998444584667
 0.47142713767571365
 -0.046268180162347322
 -0.55092960969335636
 -0.90039247786769683
 -0.9712272096662482
 -0.59698662027215366
 -0.1023670206571104
 0.55473501691758409
 0.95762376292248608
 0.92167111360559606
 0.59331675018393693
 -0.055389785075590392
 -0.67871335521846821
 -0.99100922600826868
 -0.84916445372231864
 -0.3181809317963995
 0.21176732788170799
 0.78579102912153043
 0.99971753457052182
 0.75551272082614551
 0.16508607192294633
 -0.36287164523642723
 -0.87330169381830114
 -0.99959857501484162
 -0.84430547076328211
 -0.3095090029382932
 0.36712329642410019
 0.79140713775866534
 0.99945876892177954
 0.74949766303491105
 0.15607118695620303
 -0.37136729128879814
 -0.79419046418651007
 -0.99929811920697975
 -0.83937605651620018
 -0.44299918341678873
 0.078171918816064875
 0.69530405048119537
 0.99380561813976886
 0.83688506593351708
 0.43890041192735763
 -0.23402593007645195
 -0.7997073710318584
 -0.99891430274812765
 -0.74035800489803461
 -0.14252468355849027
 0.52062210787470198
 0.94518821543069786
 0.97914898824755436
 0.73728048694998105
 0.2877178104297996
 -0.24289585603491534
 -0.70508501462628548
 -0.99523483715906136
 -0.90495140028534315
 -0.42654952096069493
 0.2473232668771092
 0.70831601739392114
 0.96977397262789666
 0.95804362441097179
 0.5559502578282578
 -0.10091329755001452
 -0.59581366090383858
 -0.9708781593802871
 -0.90102729271411663
 -0.55214854389280421
 0.10545563890326679
 0.59947507307049819
 0.92462053990548931
 0.95538585161881107
 0.54833531494967858
 0.043165857223819569
 -0.47416355491905871
 -0.85791963886098022
 -0.99999712835420362
 -0.86037235870082118
 -0.3385812756015224
 0.33836832085936525
 0.86025699276107992
 0.98792363963022523
 0.76948539985226694
 0.18634818890040208
 -0.48218508509733365
 -0.92975185456545484
 -0.95124983067432078
 -0.65943745882774885
 -0.029474839594250447
 0.61399494209203975
 0.93142356016275163
 0.98646730363681967
 0.65599751855879018
 0.17736708165689485
 -0.49016639178090649
 -0.93307584100640717
 -0.94839324431328553
 -0.65254389752122577
 -0.17287093272879953
 0.35550030419832296
 0.78372601472296954
 0.99979116993674422
 0.84851157913180664
 0.45820367316874133
 -0.061181613339756163
 -0.56333185165924482
 -0.96055857002884482
 -0.96756214780067518
 -0.58493874944307467
 -0.087499472382893392
 0.56709913008595247
 0.90870556934378455
 0.99432686171969897
 0.79984322645688144
 0.2342459522062188
 -0.29623677868468345
 -0.83676116573580051
 -0.99383074335115618
 -0.69546668720317029
 -0.22980386175754194
 0.30059541660593941
 0.83925302247024336
 0.99331389873283826
 0.79432796706929032
 0.22535697877023961
 -0.30494778563713076
 -0.84172737665922182
 -0.99277633864348791
 -0.68887485916920677
 -0.069289061798163326
 0.45096694320722297
 0.84418417670030432
 0.99959213757713283
 0.87341192645179322
 0.36308252301800925
 -0.16486286014802159
 -0.75536443630799988
 -0.99971213028545058
 -0.78593098164131869
 -0.35882367711440522
 0.3179663723725924
 0.75834914455383284
 0.98510263602475268
 0.86892773498615949
 0.49326458698302622
 -0.021352708557315411
 -0.65330788260348704
 -0.94871260618848463
 -0.9768620778668935
 -0.61679945874750275
 0.025918150348734747
 0.53382203888218283
 0.89134662124414976
 0.99777612566283158
 0.72669694689027298
 0.12260107148084838
 -0.53767806436940646
 -0.95156044072228874
 -0.97486798882213244
 -0.72355223348021303
 -0.11806753850852328
 0.54152287662949261
 0.89544978029820765
 0.97384043762212691
 0.60595823391902881
 0.11353154324839104
 -0.4108773314811992
 -0.89747336933524535
 -0.99676934151320351
 -0.71721760370946219
 -0.25960023089167666
 0.27114732344725678
 0.82214907306128493
 0.99765975996171241
 0.89212663156298533
 0.39992917948887952
 -0.27554012313034693
 -0.72864713064226683
 -0.97649200589141216
 -0.94925608710775422
 -0.65461181617511821
 -0.023075856940442684
 0.61903486207991809
 0.93373409654612172
 0.98539757122753024
 0.75947152679779528
 0.31960002313600977
 -0.35721435179430017
 -0.87033140566819012
 -0.99975199877945442
 -0.75649278027463351
 -0.16656260382129034
 0.49969667838260029
 0.87257127982306093
 0.99963987460314707
 0.75349825716331365
 0.16205795421785563
 -0.36573017458993407
 -0.79049099111966836
 -0.9925680701471753
 -0.84265668830487783
 -0.44842749913276869
 0.072125092364577786
 0.69093301377287253
 0.96355067000154482
 0.964733146222856
 0.57600790846049943
 -0.076679152360381836
 -0.69422716638980897
 -0.99363811013704684
 -0.9113133804533976
 -0.5722688754972225
 0.08123161321943638
 0.69750684096234183
 0.9941420522542519
 0.83520096912764985
 0.29352005345184312
 -0.38266958558590092
 -0.8015464740955528
 -0.99876660472388257
 -0.73829118999497911
 -0.28915143721775538
 0.38688470737265507
 0.88562677115001354
 0.97852083591811245
 0.73520333023961781
 0.13496237568132852
 -0.52712654000017511
 -0.88773830390172215
 -0.97756921547229858
 -0.7321001378856421
 -0.13043604478556736
 0.53100176959233569
 0.94910230840484333
 0.93226650013630397
 0.61582691218738228
 0.12590699365792546
 -0.53486592519085507
 -0.95053077758514126
 -0.93060467152328996
 -0.61222246792368618
 -0.12137531675140863
 0.53871892620914363
 0.89396164573534742
 0.97459211294156811
 0.60860525581607272
 -0.03628150960682397
 -0.54256069229323955
 -0.89599886333126233
 -0.99703140555652559
 -0.81719714184640257
 -0.40715593603724126
 0.11758234614797786
 0.60919732066912191
 0.9291995408806899
 0.98744339955086657
 0.76752142299443016
 0.18333162083533702
 -0.48487186958946865
 -0.93087760757590121
 -0.98671168591647906
 -0.65712686023311162
 -0.17884040403822998
 0.34982594267411621
 0.77994524803485288
 0.99989670866540481
 0.76163474164534373
 0.1743454575407879
 -0.35410045191432565
 -0.78279517765024942
 -0.99982064679589477
 -0.84930294363803938
 -0.31842957299204655
 0.35836757642181133
 0.87093892718268395
 0.98439314150312152
 0.64673860467470456
