# Created by Octave 8.4.0, Thu Dec 11 09:16:06 2025 IST <gamana@Samsung>
# name: iq
# type: matrix
# rows: 2048
# columns: 1
 0.99706007033948296
 0.81741217677477895
 0.2631763561998442
 -0.41166286191191009
 -0.89785314323009247
 -0.99669975492155383
 -0.81477298767905471
 -0.25876789299367536
 0.27197672523161615
 0.72610466550790553
 0.9977183133033527
 0.89173695753970295
 0.5345505649007124
 -0.126277206267076
 -0.6161208997466926
 -0.97667740455693652
 -0.94898469904253735
 -0.65396009222976592
 -0.022214290997900961
 0.61971144815431445
 0.97764774684509548
 0.88756644408310237
 0.39074826631547099
 -0.28513450973044718
 -0.73545624545231092
 -0.97859770037839833
 -0.94606518067421075
 -0.5229222527763302
 -0.013082302230897626
 0.62685369828083859
 0.97952724534565039
 0.88332189054261379
 0.5190242297318719
 -0.14437579056859726
 -0.63040525104876677
 -0.98043636236127607
 -0.94306674230411036
 -0.64003232751865924
 -0.15669884238927639
 0.50832944618280662
 0.94041029539182541
 0.98196046852828767
 0.74688936492934765
 0.15218691789985109
 -0.51225682209534928
 -0.87959183670055963
 -0.98108672759545423
 -0.6329880670983572
 0.0051841873744737305
 0.64098073219064022
 0.98304095823534621
 0.93842165869421512
 0.50332471182795113
 -0.16242620102223765
 -0.75374355922055913
 -0.99964981960557098
 -0.87238892007601454
 -0.36112805074835524
 0.16693057028402239
 0.64796433750803051
 0.98467487951336408
 0.9352270289765664
 0.49541164415814748
 -0.17143145822393704
 -0.75971424992675674
 -0.99984981054348077
 -0.78179343507867682
 -0.20547180431535203
 0.32427693142512543
 0.8525464919069532
 0.99012744735315783
 0.67397184428203039
 0.048961390272679664
 -0.59848614775241882
 -0.97167096765227257
 -0.95574988683966289
 -0.54936765761304807
 -0.044399651076015546
 0.60213844635329805
 0.97274012051742387
 0.95439648515408815
 0.54554607782511999
 0.039836985928665802
 -0.47709430712766565
 -0.92760010999954801
 -0.988114235632507
 -0.7702735494564491
 -0.18756139250195419
 0.34150165331148119
 0.86195093987035842
 0.98740193190355752
 0.76735326709145446
 0.33113883262464167
 -0.19835842695893965
 -0.77724410770302543
 -0.98974591263666278
 -0.85395260006082463
 -0.32682631825529179
 0.35007164120090067
 0.86654550360005966
 0.99989290458098001
 0.85156740657198415
 0.32250698795280197
 -0.2073019864333841
 -0.7829583640356752
 -0.9998156451079302
 -0.75849664677718287
 -0.3181809317963995
 0.35861242639359125
 0.78579102912153043
 0.99971753457052182
 0.75551272082614551
 0.16508607192294633
 -0.36287164523642723
 -0.78860730660693079
 -0.99218987018173066
 -0.84430547076328211
 -0.3095090029382932
 0.22068466858110061
 0.68871079187901341
 0.99274916027192672
 0.91443069848484515
 0.57851430337155152
 -0.073618372655640751
 -0.57358694006433752
 -0.91197430663594548
 -0.99345571300162749
 -0.79507759699523661
 -0.37272368253927118
 0.15462763684080572
 0.74852947834240957
 0.98242450771086454
 0.87622253538456674
 0.50620086350751381
 -0.0064191446934956159
 -0.64192815925744795
 -0.94388538104184005
 -0.93799426797162899
 -0.50225718689379151
 0.1636446553781746
 0.75455457317662888
 0.99968173728826637
 0.87178458229700406
 0.35997613844395193
 -0.16814809245020726
 -0.75754354767471233
 -0.98488950883147741
 -0.86953831103763324
 -0.4943384925459326
 0.020117995974901666
 0.65237239211708042
 0.94832145702324677
 0.93315721720895184
 0.61777106458305009
 -0.024683567584122105
 -0.65582668926092402
 -0.98643017256636134
 -0.93150589989614585
 -0.48637856087585363
 0.029248624419785225
 0.65926730919879128
 0.95118000661973989
 0.97514237786239644
 0.61056324143078522
 -0.033813071278031646
 -0.66269418017688764
 -0.98788854908409174
 -0.92814502070124638
 -0.60694019234694374
 0.038376812967765628
 0.66610723072811973
 0.95395920953976465
 0.97307795218369009
 0.7180776501989149
 0.11022071766582678
 -0.54814604493480013
 -0.89893791293310132
 -0.99649621282851231
 -0.71489190435477024
 -0.10568068703210141
 0.55195984246030783
 0.95665883394443718
 0.9709323531193822
 0.71169124950496054
 0.25196453736646229
 -0.27874135800008448
 -0.73092495761217069
 -0.97720475411549423
 -0.94820297322449965
 -0.52859042667655221
 0.13325437159471662
 0.6216480510635094
 0.97816407143006301
 0.88642587904608383
 0.38847348785946451
 -0.28750105989676866
 -0.73712757417115904
 -0.99867954325224162
 -0.80257586383243718
 -0.38426140094988254
 0.14230067753188994
 0.62877621856052379
 0.93812356967355703
 0.98319863295447774
 0.75130362478232604
 0.3077640804358302
 -0.36882906218473727
 -0.79252720497175122
 -0.99296800256705919
 -0.84085803344299925
 -0.30341582116580706
 0.3730699565266074
 0.87859241165578594
 0.98149043871780584
 0.74524469498226609
 0.14974527051499953
 -0.51437653572680986
 -0.88076418263196576
 -0.98060562924582517
 -0.63107399296399125
 0.0076540922221998405
 0.64287460727410239
 0.94429254134249685
 0.93756544664745745
 0.50118889593157823
 -0.012220584269222961
 -0.64636586979493948
 -0.94578563080678524
 -0.93596732934851423
 -0.62396275109292332
 -0.13618595147561138
 0.52607667012671588
 0.94725899599774077
 0.97782857412509716
 0.6203875739834438
 0.13166037242984119
 -0.39415595998417602
 -0.88926713679813862
 -0.9768620778668935
 -0.72982650510156966
 -0.27719656666990977
 0.25352049505894858
 0.71282005550396421
 0.99624440493583688
 0.90023004765829273
 0.41660396837504898
 -0.25793536291477787
 -0.81427303824434039
 -0.99662942810420063
 -0.82052722728675664
 -0.26840959403777453
 0.40670962430749003
 0.81691543813106104
 0.99712573352919132
 0.72039243045416079
 0.11353154324839104
 -0.54535639547925485
 -0.95432889684410671
 -0.97279257706834643
 -0.71721760370946219
 -0.10899318029827681
 0.54917854097095864
 0.95568328557184301
 0.97172442901384048
 0.5986674390711636
 -0.048735347694620547
 -0.55298923339415484
 -0.90146435542135384
 -0.97063601573472635
 -0.71082314421899429
 -0.099909729963979996
 0.55678839327715213
 0.95833224313326493
 0.96952735992977768
 0.7076036448290961
 0.24634581198271471
 -0.42746160560208135
 -0.90538014207092266
 -0.96839848471989642
 -0.58763779982569675
 0.06241423100622457
 0.56435179874027119
 0.96090125738435272
 0.91710737359704564
 0.45303916593437527
 -0.066971382253769418
 -0.56811588658623646
 -0.96215571853719029
 -0.9152773377329243
 -0.44896326668288683
 0.071527136819199186
 0.69049949695323709
 0.99304303144157402
 0.91342821384314554
 0.57649786591780627
 -0.076081399692723387
 -0.57560844001011358
 -0.91298481675354992
 -0.99317056949058025
 -0.69128614632389973
 -0.22415359729702769
 0.30612370781365272
 0.84239350276754099
 0.99262740922558323
 0.68797912273362927
 0.068056999206418209
 -0.4520688672583606
 -0.84484554682487667
 -0.99206354780623662
 -0.68465775140129626
 -0.2152433398389518
 0.45613757729217741
 0.9184885406690787
 0.9599322454957403
 0.68132210159383921
 0.21078143130994109
 -0.31913701487203916
 -0.75915358482092177
 -0.99983450381207861
 -0.7823305011960906
 -0.35340233096551121
 0.17508036017107351
 0.65424237668371188
 0.98608375471180088
 0.93226650013630397
 0.61582691218738228
 0.12590699365792546
 -0.39948131127991876
 -0.81233450518243344
 -0.99769304811988113
 -0.82242711891370257
 -0.4154809470225187
 0.10850748238118077
 0.60192902108653212
 0.92578530777453982
 0.95447475482355715
 0.66739177861806664
 0.040099059340839509
 -0.47686378276431401
 -0.85949263419991739
 -0.98815452014295602
 -0.77044078439315988
 -0.33569151589196344
 0.19362308257050309
 0.77419665151661887
 0.98904460426414087
 0.85645540989183011
 0.4716584301397076
 -0.19810134883246783
 -0.67178324665396527
 -0.95622174279616212
 -0.9712896402106419
 -0.71274226596593937
 -0.25341320863550165
 0.42085177261292628
 0.90225689984781032
 0.99582849150478125
 0.80887214180542977
 0.24899292637427459
 -0.42498997723381116
 -0.90421665002543428
 -0.96907631174856235
 -0.70630619225598545
 -0.24456745138823813
 0.28606669089249703
 0.83089296006415125
