# Created by Octave 8.4.0, Thu Dec 11 09:16:06 2025 IST <gamana@Samsung>
# name: iq
# type: matrix
# rows: 2048
# columns: 1
 0.99706007033948296
 0.71979445629436789
 0.11267528621267162
 -0.41166286191191009
 -0.82003431881388944
 -0.99669975492155383
 -0.71661680183738552
 -0.25876789299367536
 0.27197672523161615
 0.72610466550790553
 0.9977183133033527
 0.81211680656676566
 0.39913916364882279
 -0.27636844752632383
 -0.72923708866562187
 -0.97667740455693652
 -0.88966097771079677
 -0.53068550131166847
 -0.022214290997900961
 0.49251475324559779
 0.86850088041626661
 0.99982764492782827
 0.84949989429398942
 0.45986541708857864
 -0.059314559022868391
 -0.56178544187468848
 -0.96003675884366646
 -0.91834089914126482
 -0.4558054392076315
 0.06387260574650877
 0.6849297096298741
 0.9613048499970458
 0.966877464742528
 0.7000777311951929
 0.23606395286305812
 -0.29444976525794719
 -0.74201608110504058
 -0.99902631993877522
 -0.79822199612300271
 -0.37754595515819683
 0.14948593972267568
 0.74506978139404401
 0.98144017484354107
 0.94133585988494217
 0.63605434508605452
 -0.0012169927623786735
 -0.51277160339566497
 -0.942154470878239
 -0.93978491259906771
 -0.50674880414080337
 0.0057836823226367819
 0.64144077042886694
 0.94367531037086794
 0.98007362009303423
 0.74038218407304623
 0.29212281523455474
 -0.2384284469169469
 -0.70181368405008948
 -0.96749585315314235
 -0.90690032188843428
 -0.56354853854558129
 0.091786577666750149
 0.5884245528368427
 0.91930152612857829
 0.99120843900269218
 0.67981218755884387
 0.20876648968575523
 -0.46202540476045184
 -0.85078152047693878
 -0.99986987159396545
 -0.86729181218418505
 -0.49039498834581952
 0.024647608289468145
 0.53274689804833397
 0.89076975210727194
 0.99786003402866397
 0.82385008283177674
 0.41775903564835554
 -0.10601601360287766
 -0.59992602655466909
 -0.92483503719413596
 -0.98921518037145917
 -0.66925586174056118
 -0.042602841924542036
 0.47465963542831108
 0.92656242423909208
 0.98853598208979909
 0.66585567456786221
 0.19027975223710006
 -0.47867416064276136
 -0.92827048790894673
 -0.98783616798012697
 -0.76912536875310211
 -0.18579449659502548
 0.4826787031511206
 0.86286137592822076
 0.98711575263700357
 0.65901371234403605
 0.18130536622562696
 -0.34747725782118483
 -0.77837447224547174
 -0.99000120970902439
 -0.92274156897677839
 -0.59554279720218195
 0.052625616525119719
 0.55623052954208818
 0.90314359581724846
 0.99563834021760733
 0.70807793435803024
 0.096033194732582025
 -0.56001978988986534
 -0.95943767885316633
 -0.91918292599804541
 -0.45770270504267024
 0.061744081633057099
 0.56379737107584482
 0.96071512368927592
 0.96741962689195082
 0.58448158707387754
 -0.066301430221190144
 -0.68670110358031222
 -0.99241260593527603
 -0.91554760551375136
 -0.44956313476372212
 0.07085739609902518
 0.69001366349639881
 0.99296374365825946
 0.84087750199670319
 0.44547924373997699
 -0.075411884252293962
 -0.69331183324029122
 -0.99349417321266609
 -0.91183591077944193
 -0.5733106746776826
 -0.07328206254585018
 0.44739033144167611
 0.84203149642469866
 0.99270856837009047
 0.7912009531476466
 0.22035574916810202
 -0.30982964759154757
 -0.75273508203693851
 -0.99960807224369086
 -0.78839990554638117
 -0.21589899735979576
 0.45553994987544799
 0.84692314534187008
 0.99156624030211227
 0.78558241593678013
 0.21143774299753279
 -0.31850060931094082
 -0.75871636278541432
 -0.98519938904705062
 -0.86864868221830471
 -0.49277430233986058
 0.17441924733844569
 0.76168329982111138
 0.9998977829126533
 0.86637714798772159
 0.48879541234463364
 -0.026481490628189865
 -0.65718334515096322
 -0.95032199228060932
 -0.93085022777459614
 -0.61275323130491544
 -0.12204176958964874
 0.40304923305512275
 0.89366054079246726
 0.99742104284330724
 0.82020497693964378
 0.26786669665209145
 -0.40722438016204138
 -0.89570050221150199
 -0.97371222957911074
 -0.72000146786395691
 -0.11297163510543883
 0.41139103464154342
 0.89772178387801527
 0.97266186435588942
 0.60186917768982406
 0.10843298654158431
 -0.41554910959842867
 -0.82246974661917094
 -0.99769813259947648
 -0.89187189359083541
 -0.53480260580723782
 0.12598133494798705
 0.6158859527171735
 0.93229360800743033
 0.94907870267296035
 0.53093826783813081
 0.022512469632123801
 -0.49225516033970429
 -0.93393567496002394
 -0.98530146228487014
 -0.75910480468259534
 -0.17050852542163014
 0.49622512062933249
 0.87060878893786031
 0.98451108264352816
 0.75612410796081808
 0.16600691573910265
 -0.50018473218917059
 -0.93716134359552705
 -0.98370017111308861
 -0.64376273216445556
 -0.16150184399745757
 0.36625460912711483
 0.79083601515553159
 0.99263648935220927
 0.84235311909883148
 0.4479237306800033
 -0.22422662777892702
 -0.69134029316366907
 -0.96370127686440898
 -0.91295423997197966
 -0.57554715968651027
 -0.07600667868222008
 0.44494511690276889
 0.84055450792102993
 0.99937711515428773
 0.7928689159235397
 0.3693500210788998
 -0.30723070281421783
 -0.75093357713435194
 -0.9830961588379159
 -0.93831753636144832
 -0.62921198504177756
 -0.14285548705176279
 0.38374383993534877
 0.88404098126324382
 0.99870818270152339
 0.73750624271734244
 0.13833412995372429
 -0.52423108661537565
 -0.94656176595943553
 -0.93512032913943999
 -0.49514993771103277
 0.019184448879170455
 0.65166443713484334
 0.98551218385013672
 0.93349245598306629
 0.4911771862776021
 -0.17622531509649342
 -0.65512152190560613
 -0.98627644195257136
 -0.93184511492642219
 -0.61491016003332299
 -0.12475312645420089
 0.53584825675076331
 0.95089140949197171
 0.93017834032463509
 0.4832010361090513
 -0.18520834312093926
 -0.66199463213557996
 -0.95229500221321473
 -0.97433094843295232
 -0.72189487713625133
 -0.26609880410602965
 0.26465811845807524
 0.72086003705551016
 0.9971766055552993
 0.89514934036079452
 0.40609339034431718
 -0.26905922618110839
 -0.82091255668930141
 -0.9965738734202666
 -0.81388135161755026
 -0.40191595599640684
 0.27345472269847426
 0.82351183179259257
 0.99618578131998348
 0.71234687558984466
 0.25286802948918152
 -0.27784451634243812
 -0.73028740946622861
 -0.97700609874999833
 -0.88895845277678898
 -0.5293828158810403
 0.13232891330731239
 0.62091639457111547
 0.93458982245188316
 0.98498642993474184
 0.75790933807007421
 0.31732686033089341
 -0.35945312320645151
 -0.78634781992980296
 -0.99969572113528449
 -0.75492229938886102
 -0.31299287037099099
 0.21710761052322167
 0.78916085812691761
 0.9995726495319226
 0.75191951687176306
 0.15969117343500927
 -0.50571736882737595
 -0.93937548428601403
 -0.98252898325249005
 -0.74890105314151811
 -0.15518140706370073
 0.37220347870452092
 0.87814610629150636
 0.99926397133646527
 0.83888610981612755
 0.44219145737574639
 -0.079069885294103012
 -0.57805699868246807
 -0.96539053291152499
 -0.91032346588521007
 -0.43809087370100608
 0.2349015760978142
 0.69922319954094303
 0.99439837442364531
 0.9084238252252349
 0.56654349732750753
 0.065066128021649294
 -0.45474056917719158
 -0.91786687306612458
 -0.99168219083442521
 -0.68246989236890998
 -0.21231511789868246
 0.31764947668717658
 0.84886828517444479
 0.9998047252192015
 0.78330693608139512
 0.20785031352226321
 -0.32197635218591236
 -0.85127341442784765
 -0.9904652730898702
 -0.6757657609550165
 -0.051389316260382116
 0.59653683566325522
 0.92321800142985255
 0.98982582367035443
 0.67239252067048605
 0.19890779387472421
 -0.33060986872416237
 -0.85603036345722139
 -0.9891657315232979
 -0.66900525770106134
 -0.19443026509906633
 0.33491632971244756
 0.85838208402743799
 0.98848501041485803
 0.66560404268784568
 0.18994868149788283
 -0.3392158060511597
 -0.86071590311736546
 -0.98778367454141991
 -0.7689098077917732
 -0.18546313653424795
 0.48297401299739762
 0.93008312329877818
 0.98706173852927093
 0.65876004054756543
 0.028574464398634095
 -0.48696774265868809
 -0.93175100024300717
 -0.94954933444649325
 -0.65531739615156448
 -0.17648053678270462
 0.35207143125740753
 0.86760946666219851
 0.98555612674180193
 0.65186108517083774
 0.019443685980708409
