# Created by Octave 8.4.0, Thu Dec 11 09:16:06 2025 IST <gamana@Samsung>
# name: iq
# type: matrix
# rows: 2048
# columns: 1
 0.99706007033948296
 0.8958330830115131
 0.54224716769547932
 -0.11721173552297842
 -0.60890133064396568
 -0.92906155275357227
 -0.98750228500057424
 -0.76776059380909523
 -0.18369847411188231
 0.48454544831307755
 0.9307412043625467
 0.95041478686084535
 0.5345505649007124
 0.026779638075654512
 -0.48853519495787168
 -0.93240144544834269
 -0.98602164326815445
 -0.7618765189682617
 -0.32310844176316006
 0.35375141607369498
 0.78256289391760381
 0.99092400356524601
 0.84949989429398942
 0.45986541708857864
 -0.2111462234393818
 -0.68159522404935846
 -0.96003675884366646
 -0.91834089914126482
 -0.4558054392076315
 0.06387260574650877
 0.6849297096298741
 0.99211040285063745
 0.84464582685674738
 0.31011321061357677
 -0.36653212183670031
 -0.79101851933410983
 -0.99947947189198894
 -0.84219234522037123
 -0.30576841154300655
 0.37077718740857579
 0.8774101499200383
 0.98196046852828767
 0.63651683455885644
 0.15218691789985109
 -0.37501452045592854
 -0.87959183670055963
 -0.99914313223323781
 -0.8372327419467338
 -0.29705977382799137
 0.37924403260955986
 0.79932567724122838
 0.99894370498287544
 0.834726723741544
 0.29269611680139745
 -0.38346563566337838
 -0.8839001337219804
 -0.99872344485238629
 -0.73770965602296679
 -0.13863247807766196
 0.52397452491172358
 0.8860266541137356
 0.97834281697030223
 0.73461889791047752
 0.13410842343763146
 -0.39188476247376564
 -0.80748280845543519
 -0.99561046985879564
 -0.90327160727240496
 -0.55647836159153252
 -0.052923454120163547
 0.46554015275120081
 0.92262657540312143
 0.99004323693862828
 0.67352883541892117
 0.20041309089354509
 -0.46957695504264702
 -0.85523523768182264
 -0.98939008741680945
 -0.77568764392683509
 -0.19593694714062365
 0.47360396434939761
 0.92611076224270938
 0.95421733651916474
 0.54504354703316671
 0.039237950724844595
 -0.60625506401228335
 -0.92782390279400195
 -0.95284142018813345
 -0.54120910228613728
 -0.034674352783172553
 0.48162826828313782
 0.862254728491333
 0.99998138620148591
 0.85601021937775568
 0.33057309196900747
 -0.19894598283625273
 -0.67242136389076779
 -0.95647358368258695
 -0.97108426039629825
 -0.59650556024492263
 -0.10177064770085427
 0.55523372073924604
 0.90262816634349929
 0.96998389281815456
 0.70892408580754163
 0.097226591704109466
 -0.55902603440189202
 -0.9045843610622607
 -0.96886329631413692
 -0.70569586549307994
 -0.092680508055636157
 0.56280668962743263
 0.90652169075643541
 0.99486675030193172
 0.70245292795551217
 0.088132491563609597
 -0.43401626026004414
 -0.83390129996400719
 -0.9943942548903667
 -0.80022448225587572
 -0.38062901780274139
 0.14619080877256765
 0.74284342228831535
 0.99908004304739784
 0.79747748196428803
 0.37640208904310912
 -0.15070692720004675
 -0.74589292680788943
 -0.99926546539418393
 -0.79471385035233399
 -0.22597606066310341
 0.3043425181213476
 0.74892687579832318
 0.99943004815055925
 0.79193364505529973
 0.36792477034572635
 -0.15972964099951256
 -0.6423877224089799
 -0.98337572251258365
 -0.87372121466920871
 -0.5017386946196043
 0.011585155087853634
 0.52164543106267169
 0.88475658864781193
 0.99862910069091138
 0.73646992327589755
 0.13681547761836058
 -0.38936960356123135
 -0.88687569161064339
 -0.99837964680481783
 -0.73337300308974884
 -0.28219113174004168
 0.24848484721087891
 0.70916188232663657
 0.99578049057298412
 0.82607197240836805
 0.42132756391753479
 -0.2529057306336317
 -0.71237422369576531
 -0.99618918079676655
 -0.82348972479342486
 -0.41718158624638879
 0.25732133973037058
 0.71557170856524011
 0.99657709558577379
 0.89851137326958597
 0.54733224038238693
 -0.11118743406544458
 -0.71875427025180472
 -0.99694422685007722
 -0.81827376236426919
 -0.26462053999945312
 0.26613636670920432
 0.81917649590739106
 0.99729056693318985
 0.89446482546867812
 0.40469179829006041
 -0.27053560075472688
 -0.72507435890065097
 -0.9753574455450581
 -0.89241354939925388
 -0.40051154007206008
 0.27492919280489736
 0.82438066428653922
 0.99792084509802448
 0.89034366212641014
 0.53195393787215595
 0.023711157232476316
 -0.61853565886702822
 -0.93350642899691172
 -0.94801236134682287
 -0.52808142658504087
 -0.019145488278022892
 0.62211752879892024
 0.9782884930647664
 0.9465491972583544
 0.64816408847853257
 0.16718916734334063
 -0.36088345518522658
 -0.78729410116229492
 -0.99192158334645664
 -0.9171217121892673
 -0.58396584088904802
 -0.086305000545913779
 0.56808628456274546
 0.96214591601666388
 0.91529182682589483
 0.44899540760658252
 -0.071491258666853949
 -0.57183861803164726
 -0.96338046964987745
 -0.91344285313471929
 -0.57652725677815253
 0.076045533660961007
 0.57557902585817122
 0.91297014053824677
 0.9931747655467954
 0.79359901194327176
 0.22418865208546143
 -0.30608946424582323
 -0.84237411919693606
 -0.99263176838203893
 -0.790812165192052
 -0.3662183487781972
 0.16154030008025003
 0.64379255078461561
 0.94468646471431217
 0.97945930314329099
 0.62659092130276683
 -0.013419493606462329
 -0.52320966358971066
 -0.88561006608120318
 -0.99853139581912675
 -0.83016336776258803
 -0.28481127142188473
 0.24583737821367846
 0.80695290413982168
 0.99827357730354438
 0.7321246402313728
 0.13047170763585367
 -0.53097128912241753
 -0.88981490952982212
 -0.99799493988328547
 -0.72900630000091904
 -0.12594267756543712
 0.39944833561707799
 0.81231352710963023
 0.99769548936931174
 0.8224475807887246
 0.41551366535015938
 -0.10847172445420077
 -0.71685196162958531
 -0.97267091294254582
 -0.95448548382986664
 -0.6674185654672885
 -0.19233778950696631
 0.33692513186863876
 0.8594742475238133
 0.99999979713272458
 0.85882233579194722
 0.47571198750746807
 -0.041407887188901399
 -0.66836670923880226
 -0.95486467296243449
 -0.97237432869411289
 -0.71596315269290456
 -0.25786295993294456
 0.2728780197889436
 0.7267484241197929
 0.97589156764066631
 0.95012306242617495
 0.65670197545551967
 0.025843237453617048
 -0.48935231442271815
 -0.86669581794526285
 -0.98586513612975313
 -0.76126944716425282
 -0.17379052692632241
 0.35462741657494129
 0.86896482228164296
 0.99980981544523118
 0.75830029419775258
 0.16929150229401671
 -0.35889362363451377
 -0.7859773146643847
 -0.99164878469785722
 -0.91796974960625033
 -0.45497147973542917
 0.21652236713460116
 0.78879250904799558
 0.99958999469226695
 0.84414400357421737
 0.45090005673276345
 -0.22097848203457671
 -0.79159125323554325
 -0.99278532689831345
 -0.84168691506239712
 -0.44681923025039266
 0.073918802608300443
 0.69223207366038986
 0.99332254714470691
 0.83921227324648817
 0.44272908539363282
 -0.22987679354026777
 -0.69552053257264068
 -0.99383905173970943
 -0.91057143551212072
 -0.57079305217832044
 -0.070220514796892591
 0.45013335704629115
 0.91580421836135173
 0.9617979407123759
 0.6862368330812747
 0.065664349888776924
 -0.58499952832103697
 -0.91762877196428794
 -0.99175917517015522
 -0.78650797591622545
 -0.21290091574306116
 0.31708096505067956
 0.75774016515413423
 0.99979269853747577
 0.78367946803068511
 0.20843668732758511
 -0.46232444854239274
 -0.85095868832108312
 -0.99054768434094775
 -0.78083461658108666
 -0.20396811198397719
 0.32572976269335335
 0.85334839777662097
 0.98991094582936878
 0.67283614951806536
 0.19949528290394211
 -0.47040377545094553
 -0.85572031072892407
 -0.98925356281503807
 -0.77509612064586564
 -0.34259172321987774
 0.18642181374216618
 0.66291975381261714
 0.98793524786519626
 0.9280328474021986
 0.47811348964640238
 -0.038677840047918133
 -0.66633189017258843
 -0.98863218055096425
 -0.92632207998686111
 -0.47409757541945252
 0.04324072525082754
 0.54839798095114078
 0.8990698428787568
 0.97194447508911341
 0.599415091507563
 0.10538111846440633
 -0.41833903896980068
 -0.82421180562099217
 -0.99607726043598532
 -0.81049670507530458
 -0.3965967412115462
 0.27903065638425345
 0.82678925275949267
 0.99818686219409691
 0.80781333690788515
 0.39240040222005296
 -0.13355292969609442
 -0.62188399156334639
