# Created by Octave 8.4.0, Thu Dec 11 09:16:06 2025 IST <gamana@Samsung>
# name: iq
# type: matrix
# rows: 2048
# columns: 1
 0.99706007033948296
 0.81741217677477895
 0.2631763561998442
 -0.26757933088703667
 -0.82003431881388944
 -0.99739959216031482
 -0.89379434027545168
 -0.53840448048633571
 -0.031344426666491253
 0.48454544831307755
 0.86393738386991581
 0.99995550774600939
 0.7648265315825612
 0.17920756624578818
 -0.34947630729317497
 -0.86622816469789188
 -0.99990200276958874
 -0.7618765189682617
 -0.32310844176316006
 0.20668027481499857
 0.78256289391760381
 0.99092400356524601
 0.92013878115657166
 0.59014764102010608
 -0.059314559022868391
 -0.68159522404935846
 -0.96003675884366646
 -0.91834089914126482
 -0.58645480711822251
 -0.089362596629136537
 0.43290333150358423
 0.90792318296106844
 0.99452407799023024
 0.7000777311951929
 0.23606395286305812
 -0.43701543014966737
 -0.90982778912911666
 -0.96570177215863195
 -0.57903252519821957
 -0.080262094262641887
 0.44111841487869557
 0.91171342092136254
 0.99352809498320716
 0.69352673492061989
 0.22717892085399657
 -0.44521220012329865
 -0.91358003901312201
 -0.99299901827171977
 -0.69022950739697697
 -0.22272925180653891
 0.44929670050794807
 0.84318003849283296
 0.99953697267526553
 0.87432127497765744
 0.50280659161546182
 -0.010350251264736661
 -0.52059139660806109
 -0.88418034830145964
 -0.99869298312634636
 -0.83187074051656729
 -0.43070795804228468
 0.24286096286281719
 0.70505950685464613
 0.96864062457383049
 0.95935270646617288
 0.67981218755884387
 0.056884685016295664
 -0.46202540476045184
 -0.85078152047693878
 -0.9905938842228359
 -0.67645593973606599
 -0.052324780835385137
 0.46607064611856436
 0.85317254211047977
 0.99993311537287111
 0.86500946214189989
 0.48640998949172864
 -0.029212669551792959
 -0.53660602995524664
 -0.95116890426977074
 -0.97515034748825835
 -0.72442894596244156
 -0.26963368773997615
 0.26111820758142179
 0.71831230269087987
 0.9968943844502296
 0.81863888594162293
 0.26523330774522053
 -0.40971828817062089
 -0.81881185968820869
 -0.99724361813657558
 -0.81600765127821184
 -0.40527282792603908
 0.11962859446965966
 0.72463658013187282
 0.97521704357203343
 0.95107587377645986
 0.65901371234403605
 0.18130536622562696
 -0.48667317943902522
 -0.86516057712213801
 -0.99992958583248226
 -0.76325620545323225
 -0.32512604500079895
 0.20459311984693301
 0.7812333348170436
 0.99063506085202446
 0.92097185087951317
 0.59186804488232081
 -0.057185445377716401
 -0.56001978988986534
 -0.95943767885316633
 -0.96856573006182334
 -0.58818094920820618
 -0.09148659442959392
 0.56379737107584482
 0.90702721130097375
 0.99474470325421027
 0.80223956032646671
 0.2381358734079245
 -0.43509614032193261
 -0.83456244917956901
 -0.99426676203963271
 -0.79950486146727673
 -0.23369806029891504
 0.29677497087685462
 0.83706960591260493
 0.99913074356425202
 0.87973368532277618
 0.51251294881668108
 -0.15189213204347776
 -0.7466910087291192
 -0.98190402924760567
 -0.94051167214922615
 -0.63417429142439452
 -0.14918806709642618
 0.37782489345623221
 0.88103090705211651
 0.99901298397845217
 0.74181409433628176
 0.14467091254912437
 -0.38204916173743358
 -0.88318204000667266
 -0.97958724362332761
 -0.62708605051568833
 -0.14015074090309726
 0.38626546241810933
 0.88531475428009843
 0.99856562172424435
 0.73565830083801376
 0.1356276464261135
 -0.39047370756769212
 -0.88742900539483149
 -0.99831070066326211
 -0.73255735878347339
 -0.13110172344689711
 0.39467380942359903
 0.88952474925835712
 0.97674139966559592
 0.61635579196919688
 -0.026481490628189865
 -0.53429847644323081
 -0.89160194216412103
 -0.97575201850376869
 -0.61275323130491544
 -0.12204176958964874
 0.53815312256223813
 0.95173355468729892
 0.97474228812232744
 0.72316312838840535
 0.11750792765611652
 -0.40722438016204138
 -0.81724033068424484
 -0.99708287930625972
 -0.81758395015242558
 -0.40776911381292757
 0.11691553296326762
 0.72275100630780531
 0.99737805275365465
 0.8149458727262674
 0.25905597606127539
 -0.27168970291739925
 -0.72589955901361203
 -0.99769813259947648
 -0.89187189359083541
 -0.53480260580723782
 -0.027077783140936822
 0.6158859527171735
 0.97661332256795064
 0.88979712702345826
 0.39522182200926509
 -0.28046813632438389
 -0.73215118337030183
 -0.99827586533832702
 -0.80692988855390591
 -0.3910227903042498
 0.2848486250599977
 0.73525412464411766
 0.99853350618279191
 0.80422416227931737
 0.24137044093779028
 -0.28922317330342556
 -0.83272231867054769
 -0.99877032270178823
 -0.80150166398294964
 -0.38260035040052293
 0.29359168982388884
 0.83524217854793459
 0.99898630995653037
 0.88131293286243484
 0.37837711785100342
 -0.14859820973695104
 -0.63371296572816804
 -0.94030883498023976
 -0.94163844768396199
 -0.51145210780814754
 0.00031923585954923394
 0.63723901631627178
 0.94185318189781453
 0.94009135714542313
 0.63321893512119687
 -0.0048859379302577163
 -0.51591804285763432
 -0.94337788655293953
 -0.98025155074543779
 -0.62967782665369532
 -0.14344881653862027
 0.38319016531044081
 0.88376060862630323
 0.99873846585318737
 0.73791097936295591
 0.13892784516962148
 -0.52372046921640902
 -0.94636824229579519
 -0.93533258351264548
 -0.49567070227032711
 0.018585051827564647
 0.52760533980484603
 0.88799758481421553
 0.97745037193131534
 0.61897600677404019
 0.12987730479379034
 -0.39580823242314994
 -0.89008831623897289
 -0.9764758499932793
 -0.61538281663915928
 0.027716015199802699
 0.53534199070844268
 0.95070567735066669
 0.97548096374019555
 0.72546026977289535
 0.12081593015695125
 -0.40417915063802895
 -0.89421404774089186
 -0.99733164502037164
 -0.72230960577372771
 -0.26667664556397536
 0.26407994389121814
 0.81795142151945277
 0.99698785742982976
 0.71914387807339653
 0.26227253758343416
 -0.26848178142166285
 -0.82057006009937994
 -0.99746666412841634
 -0.89337384854697799
 -0.40246483547342121
 0.2728780197889436
 0.82317158576534022
 0.99778111780504808
 0.89131264766880269
 0.53375867004965782
 0.025843237453617048
 -0.61685844223677111
 -0.93273959151661701
 -0.98586513612975313
 -0.76126944716425282
 -0.32222181928327015
 0.35462741657494129
 0.78314572879536848
 0.99980981544523118
 0.75830029419775258
 0.3178953226161827
 -0.35889362363451377
 -0.7859773146643847
 -0.99164878469785722
 -0.8465834875396222
 -0.3135621962710235
 0.36315234600020213
 0.87344841746540347
 0.9834773515609383
 0.75231460766495706
 0.16028295525309991
 -0.50520008637124525
 -0.87566291480781422
 -0.99944881352334003
 -0.84168691506239712
 -0.30487641615082528
 0.37164698154682685
 0.8778591502797668
 0.99928678894029288
 0.83921227324648817
 0.30052394351688672
 -0.22987679354026777
 -0.79713915789658085
 -0.99910392432213546
 -0.74321856505431882
 -0.14674529982003906
 0.51697557833208441
 0.94378683401392172
 0.93809761595957408
 0.50251506956987901
 -0.16335041552555229
 -0.64519521258985024
 -0.98403532181835085
 -0.93650605963703171
 -0.62516016716356593
 0.015253786964101002
 0.64867752905396447
 0.98483781237670287
 0.93489497256578857
 0.49459773298624216
 -0.019819802221215446
 -0.65214631740722062
 -0.94822677574888892
 -0.97718884210939361
 -0.73087381353651881
 -0.27866938929790458
 0.39694205174748343
 0.81071699771620309
 0.99611047806902719
 0.90089658058520161
 0.55189735231150727
 -0.10575520508773301
 -0.71494430161629696
 -0.97203288982183245
 -0.89890508186728502
 -0.54808336655674661
 -0.04286488531363869
 0.60336424775845621
 0.92646373697704298
 0.9885755490076189
 0.77220259583605411
 0.33829780222421985
 -0.19090652020502316
 -0.66633189017258843
 -0.98863218055096425
 -0.85788113451621073
 -0.33399682605863357
 0.34294512241960362
 0.86272877776806922
 0.98715768600311338
 0.76636729425171868
 0.18156329611815283
 -0.34723130615429604
 -0.77820978414336794
 -0.99993266392534941
 -0.76342563917189665
 -0.32537406714891443
 0.35151024841164807
 0.78106958064656473
 0.99059921561527775
 0.92107401228967911
 0.59207943375671812
 0.09629426217672149
 -0.55980247462207999
