# Created by Octave 8.4.0, Thu Dec 11 09:16:06 2025 IST <gamana@Samsung>
# name: iq
# type: matrix
# rows: 2048
# columns: 1
 0.99706007033948296
 0.71979445629436789
 0.11267528621267162
 -0.41166286191191009
 -0.89785314323009247
 -0.97259255895290297
 -0.60163096747855127
 -0.10813648706951674
 0.54989853666459632
 0.95593663795513129
 0.92390648709702716
 0.59797692748566744
 0.10359543274975808
 -0.41996921323270014
 -0.82522724334078956
 -0.99591677378527643
 -0.80944368883232731
 -0.24993486888935224
 0.28075440618218883
 0.73235430365016874
 0.9982933274023793
 0.88756644408310237
 0.52680937032475517
 -0.13533214306748165
 -0.73545624545231092
 -0.99854960836650131
 -0.88545340033792985
 -0.5229222527763302
 -0.013082302230897626
 0.62685369828083859
 0.93726536135324057
 0.94457581101048138
 0.64353447266247155
 0.1612074989385934
 -0.36653212183670031
 -0.8752101648306293
 -0.98281373076484568
 -0.74991820004097443
 -0.30576841154300655
 0.22451727661408843
 0.79380414593267479
 0.99932172244443662
 0.74688936492934765
 0.15218691789985109
 -0.37501452045592854
 -0.87959183670055963
 -0.98108672759545423
 -0.6329880670983572
 -0.14767181956608888
 0.37924403260955986
 0.88175517967331396
 0.98019252618813468
 0.74078502926765999
 0.29269611680139745
 -0.38346563566337838
 -0.8839001337219804
 -0.99872344485238629
 -0.73770965602296679
 -0.28832635562389775
 0.38767924157623307
 0.8860266541137356
 0.97834281697030223
 0.73461889791047752
 0.13410842343763146
 -0.52785867935254538
 -0.94792886150570133
 -0.93360044124798824
 -0.61874172821212581
 0.023448947172842981
 0.53173182534861707
 0.94937339120327868
 0.97641149517605841
 0.72839148523155783
 0.27518135912083291
 -0.40027119857025584
 -0.81283679053972591
 -0.99642376475119299
 -0.89931510730645936
 -0.54886662494658134
 0.10936414063460427
 0.71747761179131575
 0.97287896944569174
 0.89730870389519868
 0.41053706793381189
 -0.11390231364833965
 -0.60625506401228335
 -0.92782390279400195
 -0.9880219015039563
 -0.76989109921219223
 -0.18697249432793983
 0.34206505440574203
 0.77474182782419287
 0.99998138620148591
 0.85601021937775568
 0.33057309196900747
 -0.34635271246754379
 -0.77762117540992637
 -0.98983136742132305
 -0.9232030263304648
 -0.59650556024492263
 0.051428232491258427
 0.55523372073924604
 0.90262816634349929
 0.96998389281815456
 0.70892408580754163
 0.24815818877633955
 -0.42576990720195163
 -0.82882571694540641
 -0.998398779306784
 -0.80566836007221854
 -0.24373174421850885
 0.429897566468319
 0.83137217755029091
 0.99486675030193172
 0.70245292795551217
 0.23930021665734427
 -0.43401626026004414
 -0.90844011502318567
 -0.96656151042960048
 -0.69919534082601087
 -0.23486369851189498
 0.43812590268212964
 0.83641303144195311
 0.99908004304739784
 0.8803031412508725
 0.51354214370764828
 0.0021147486843296568
 -0.50990837753160867
 -0.87828874934801482
 -0.9816119409268943
 -0.74566827301361671
 -0.15037354922751256
 0.51383147181467992
 0.94256769103511717
 0.93936212190982626
 0.5056837509888833
 -0.15972964099951256
 -0.7519452059868672
 -0.99957378788416562
 -0.78913692405411384
 -0.3636745572016995
 0.31302987997501996
 0.7549478544265199
 0.99969668159732372
 0.87149073500076379
 0.35941675965785358
 -0.1687390302799123
 -0.64936051767992853
 -0.94705515494779313
 -0.93457595984954878
 -0.62088584817830406
 0.020717374963544161
 0.52941587506541732
 0.88897629886156937
 0.97699778963959916
 0.61729952884911965
 -0.025282884424066471
 -0.6562791438151202
 -0.94994809580360839
 -0.93128767720556305
 -0.48585465799489252
 0.18222648701769353
 0.76680038323000432
 0.98726520282524977
 0.86238753857084249
 0.48185811012784718
 -0.18671483023342564
 -0.769723690212191
 -0.98798139365844539
 -0.92792170728734635
 -0.60646362901863526
 0.038975868375956735
 0.54482362820236752
 0.95413885114572949
 0.97293960590383544
 0.6028262662184477
 -0.043538697587652483
 -0.66995158466004767
 -0.95549601106452198
 -0.97187427959669481
 -0.59917633153129735
 0.04810061880376932
 0.55245965203411107
 0.95683324420089355
 0.92272770475762633
 0.59551390107624014
 -0.052661536885855127
 -0.67670425882568808
 -0.99063997145637572
 -0.92095783523147523
 -0.59183905123294156
 0.057221356716363872
 0.56004959012291766
 0.95944781899102105
 0.9191687592134139
 0.45767072341707316
 -0.061779983200696019
 -0.56382707900378393
 -0.90704235677475153
 -0.9674105193813286
 -0.70157342122455979
 -0.23810093781279595
 0.43512852706753002
 0.8345822651241197
 0.99426291516930421
 0.698311884064443
 0.23366308595342544
 -0.29680932037190372
 -0.83708928455909648
 -0.99376407532853228
 -0.69503578367345586
 -0.077799864163606514
 0.44333372670715848
 0.83957884657315829
 0.99324451062833596
 0.79396363218353128
 0.37102076259437583
 -0.15643979414568326
 -0.74974466603466505
 -0.99947097594890577
 -0.87533701225132698
 -0.50461792658281668
 0.0082535772213779592
 0.64333369463803269
 0.94448967275556528
 0.93735676535810908
 0.50067003238648233
 -0.012820041241621906
 -0.5226986699188424
 -0.88533147958915415
 -0.99856369517541654
 -0.83049745413946297
 -0.28538589488842303
 0.24525622822431584
 0.70680891937608892
 0.99546921963032331
 0.82794503673297959
 0.28100613039472744
 -0.24968090147450372
 -0.71003205735290709
 -0.970365004227011
 -0.9573431522354271
 -0.67463479703646312
 -0.20187974966664896
 0.46825450996007534
 0.9238061010348807
 0.95601360429414595
 0.67125684091562299
 0.04529650493705354
 -0.60142144191066849
 -0.92554488003732771
 -0.98893948579507385
 -0.77374680424103814
 -0.19292606540949148
 0.47630511916939311
 0.85916763922364559
 0.98825184187956794
 0.66445900241171152
 0.036170674170068154
 -0.60869325477939451
 -0.92896449571977835
 -0.9519054479984026
 -0.66103926179696526
 -0.031606579698358631
 0.61231015769750341
 0.97562917563660601
 0.95049632027062791
 0.53477221143632692
 -0.12601701851596336
 -0.7290575935360607
 -0.97662105565601998
 -0.94906737002852937
 -0.53090778593700405
 0.13054600469839833
 0.61950557935190098
 0.93394853159813018
 0.94761862707272504
 0.6506976111800985
 0.017910722171062571
 -0.49625634944937436
 -0.93557096785863769
 -0.94615012161663581
 -0.52314579966074126
 -0.013344562320217936
 0.50021587916838484
 0.9371738928716784
 0.98369370243437959
 0.64373520641664106
 0.16146634585720937
 -0.36628807972477462
 -0.87508325720214741
 -0.99948789907851565
 -0.84233373325760386
 -0.44789157041556454
 0.22426168196300064
 0.6913662822677682
 0.96371087967815416
 0.91293956129574116
 0.44380386387911941
 -0.077276877469169419
 -0.57658848534133278
 -0.91347334786286249
 -0.9930299656656284
 -0.79284699542711268
 -0.22298493867120009
 0.4490623659983633
 0.91532200863263968
 0.96212549010061099
 0.56802461131976778
 -0.086379658688501032
 -0.58402667228351934
 -0.96727755929629
 -0.90726309490466162
 -0.56426023670636294
 -0.062303538622137125
 0.5877275347374693
 0.96842614017032003
 0.90533304465219033
 0.56048409449701031
 0.057745055301892521
 -0.5914161401871515
 -0.96955452460525537
 -0.95830055564405059
 -0.6770903799978768
 -0.053185367713742382
 0.46530800927823351
 0.85272269244596266
 0.99992277691483245
 0.86544154726569933
 0.48716277849229406
 -0.028351239645533603
 -0.53587862659085617
 -0.8924473602973515
 -0.99761093449210159
 -0.82174444767227495
 -0.41439002875065545
 0.26028622188069594
 0.81568351013060969
 0.996826148420485
 0.81913351355534125
 0.26606413057519801
 -0.26469280590935218
 -0.72088496686581061
 -0.99717930598945514
 -0.8165054964834555
 -0.26165925596843598
 0.26909386979366645
 0.82093309710364448
 0.99751166747468134
 0.8930881406545097
 0.5370789445299804
 -0.12330609336432669
 -0.72718478695228606
 -0.997823225944791
 -0.89102435057797791
 -0.53322118190329848
 0.12783666325953147
 0.61735848295232298
 0.93296852388111462
 0.98575846919369059
 0.65276987015171895
 0.17316468790596914
 -0.49388243535298704
 -0.86927912638004867
 -0.99979722047228137
 -0.75788587203879176
 -0.1686651663634062
