# Created by Octave 8.4.0, Thu Dec 11 09:16:06 2025 IST <gamana@Samsung>
# name: iq
# type: matrix
# rows: 2048
# columns: 1
 0.99706007033948296
 0.8958330830115131
 0.40749676511192734
 -0.26757933088703667
 -0.72295709950342013
 -0.97467563508643473
 -0.95182505386520067
 -0.6608424346775631
 -0.18369847411188231
 0.34519391021604329
 0.77684411094735351
 0.99995550774600939
 0.85428309712852479
 0.32742682899836506
 -0.34947630729317497
 -0.77971163284007661
 -0.9902997991842033
 -0.85190037886372305
 -0.46391580451806957
 0.054755275299491701
 0.67824652386242867
 0.99092400356524601
 0.92013878115657166
 0.45986541708857864
 -0.2111462234393818
 -0.78539783471713998
 -0.99973243577145421
 -0.7559288889967074
 -0.31445154230134043
 0.36227941227075194
 0.78821639611625471
 0.99961637728604458
 0.84464582685674738
 0.31011321061357677
 -0.36653212183670031
 -0.79101851933410983
 -0.99947947189198894
 -0.74991820004097443
 -0.30576841154300655
 0.22451727661408843
 0.69155575910797984
 0.9932140410785969
 0.83972129973922371
 0.30141723570001927
 -0.22896505360363265
 -0.69484718481991314
 -0.9649887322131383
 -0.96328999306189333
 -0.69022950739697697
 -0.071154896496347181
 0.44929670050794807
 0.84318003849283296
 0.99953697267526553
 0.7898948670650332
 0.36482469394694789
 -0.31185672933426212
 -0.75413739896883958
 -0.98397524954642002
 -0.87209571834185651
 -0.36056893869878703
 0.16752163237433296
 0.7571285669469523
 0.98477925608846884
 0.93501460739056352
 0.49489079104069511
 -0.019482646357389975
 -0.65189063542320946
 -0.98556272514868337
 -0.86759008943263682
 -0.49091736807458636
 0.024048282052691987
 0.53223945734323408
 0.89049714453735651
 0.97628187600863758
 0.61467493103747084
 -0.028613416223251562
 -0.65878935756162205
 -0.95098368393158716
 -0.97528298882685538
 -0.61106639304019938
 -0.11992470052882938
 0.53994946709703096
 0.89461555903131029
 0.99726570321822938
 0.81898303909962988
 0.40999034014640989
 -0.26494572488577295
 -0.8184675601388407
 -0.99691782759704184
 -0.71851977171296921
 -0.26140610184024543
 0.41333399829856854
 0.89865934540983339
 0.97216437610049722
 0.71533610577853302
 0.10631258127998891
 -0.55142982772784532
 -0.95647358368258695
 -0.97108426039629825
 -0.59650556024492263
 -0.10177064770085427
 0.42163336854287486
 0.90262816634349929
 0.99574948813708342
 0.70892408580754163
 0.097226591704109466
 -0.42576990720195163
 -0.9045843610622607
 -0.96886329631413692
 -0.58915019910744659
 0.06054731728429652
 0.68249837391928281
 0.96038166485395848
 0.96772249425417678
 0.58545405011465856
 0.088132491563609597
 -0.56657560757064096
 -0.90844011502318567
 -0.9943942548903667
 -0.80022448225587572
 -0.23486369851189498
 0.29562976825788428
 0.83641303144195311
 0.99908004304739784
 0.79747748196428803
 0.23042228230537098
 -0.29998927131410252
 -0.74589292680788943
 -0.99926546539418393
 -0.79471385035233399
 -0.22597606066310341
 0.3043425181213476
 0.84138411242655475
 0.99285238222274652
 0.68933536277182117
 0.22152512631064028
 -0.30868941789305326
 -0.7519452059868672
 -0.99957378788416562
 -0.87372121466920871
 -0.5017386946196043
 0.011585155087853634
 0.52164543106267169
 0.94557904321004638
 0.97890471388091427
 0.73646992327589755
 0.28656929572213435
 -0.38936960356123135
 -0.80586807279352213
 -0.99535103343762399
 -0.82863699236744714
 -0.42546475484063667
 0.24848484721087891
 0.80856359383003795
 0.99578049057298412
 0.82607197240836805
 0.42132756391753479
 -0.10210611200314788
 -0.596776182900982
 -0.97116471230884116
 -0.95637512183597873
 -0.67217172528928704
 -0.046530180664730178
 0.60043432000801411
 0.97224333165312371
 0.89851137326958597
 0.41302690829119881
 -0.26173158241395567
 -0.71875427025180472
 -0.99694422685007722
 -0.81827376236426919
 -0.26462053999945312
 0.26613636670920432
 0.81917649590739106
 0.99729056693318985
 0.81564015632847064
 0.40469179829006041
 -0.12025948096078005
 -0.61133329545709125
 -0.9753574455450581
 -0.95087934728715373
 -0.65853561950740669
 -0.028276331692887669
 0.6149408894302183
 0.97635482996805922
 0.89034366212641014
 0.39632292922231288
 -0.12932149590627612
 -0.61853565886702822
 -0.93350642899691172
 -0.98550557398912264
 -0.7598847751608806
 -0.32020210376883135
 0.20968248266632986
 0.78447016306265849
 0.99133194181980266
 0.84787648216215594
 0.4571376091762453
 -0.21414548183765864
 -0.68383802411548178
 -0.96089129691787012
 -0.9171217121892673
 -0.45307123277109945
 0.066935492729034415
 0.56808628456274546
 0.9092054270907165
 0.99419861127584652
 0.69788263748098545
 0.23308013572095032
 -0.29738175538438333
 -0.74407029360156574
 -0.99915703246642684
 -0.79636930825928232
 -0.37470188890066913
 0.30173875618225021
 0.83990436892725195
 0.9931747655467954
 0.79359901194327176
 0.37046398183577256
 -0.30608946424582323
 -0.75014123938655175
 -0.98287592588523542
 -0.9387314485023539
 -0.5041002585096872
 0.0088530592542075646
 0.64379255078461561
 0.98370717741206704
 0.93714774717803118
 0.50015098889807286
 -0.013419493606462329
 -0.64728028114969927
 -0.98451791381517395
 -0.93554450172266268
 -0.62302533315261921
 0.017985648096398261
 0.52709597262535235
 0.94764255991038049
 0.9339217455717761
 0.49222124044383364
 -0.022551427497307118
 -0.53097128912241753
 -0.94909097831870182
 -0.93227951256782382
 -0.61585525207328862
 0.027116736590217863
 0.65766218888049544
 0.98682686534507946
 0.86376751051845613
 0.48425043128684137
 -0.18402994603395961
 -0.66109548976492238
 -0.95192840572335036
 -0.97460016917982983
 -0.72272407480947987
 -0.26725439117702826
 0.26350167441270839
 0.72002850987141109
 0.99708585282110707
 0.81721787306131521
 0.26285100805909306
 -0.26790424016846759
 -0.82022726859247486
 -0.99742383889171715
 -0.8145774273355405
 -0.40301357030258678
 0.27230121880568781
 0.82283104388607065
 0.99774102377887197
 0.89158429610588674
 0.39882994629126045
 -0.12661172060870704
 -0.72946779440294807
 -0.97674975441813594
 -0.8895069447213011
 -0.53039965315243032
 -0.021877151972351568
 0.49280821003958597
 0.86866798729944894
 0.99982132737852258
 0.75869097778854966
 0.31846367064830305
 -0.21147582959131025
 -0.68184193980649765
 -0.99157128980546694
 -0.91820737812000286
 -0.45550525983347107
 0.21593704592681448
 0.78842387647310075
 0.99215262290844974
 0.91638893144898803
 0.58247566642925475
 -0.068765747042522973
 -0.56959504976055142
 -0.9099676793875584
 -0.9939996218610524
 -0.79801882116799649
 -0.23129578853988478
 0.29913274172497478
 0.83841835543494314
 0.99923065939848654
 0.8785566208718506
 0.37300042776503378
 -0.30348722560178526
 -0.8408985917021129
 -0.99939933922813762
 -0.79248150281653562
 -0.36875940648814054
 0.15884334603799766
 0.75135307850657385
 0.99954717667545245
 0.78968802398976323
 0.21794583567536724
 -0.31217711507956075
 -0.7543588147266056
 -0.98403532181835085
 -0.87193065461939046
 -0.49856160000648819
 0.16785407835510183
 0.64867752905396447
 0.94676652961209029
 0.93489497256578857
 0.62158935063365273
 0.13318010153099763
 -0.3927463907825941
 -0.88856480988550313
 -0.99816414828841271
 -0.73087381353651881
 -0.27866938929790458
 0.39694205174748343
 0.89065052568276315
 0.97620881102840229
 0.72774935818324415
 0.2742806783315328
 -0.40112943452200633
 -0.89271766704429001
 -0.97520842120142426
 -0.72460972568330329
 -0.26988624726652932
 0.26086501504268755
 0.71812980225496226
 0.97309522087936695
 0.89689483656565461
 0.54425795057319359
 -0.1148328922472336
 -0.72130032636190611
 -0.99722412327535703
 -0.81615923355558806
 -0.40551259198549666
 0.11936819089927433
 0.72445580781615626
 0.9975537541960332
 0.81351195702580037
 0.40133398604391574
 -0.27406592047488221
 -0.82387216943413188
 -0.99613013022446173
 -0.71190073847071889
 -0.2522531566789874
 0.27845491328665334
 0.73072137985246688
 0.97714139178899262
 0.94829767569298717
 0.52884358346608917
 0.020043073088511783
 -0.62141440265368852
 -0.97810204070790241
 -0.94683839586884899
