# Created by Octave 8.4.0, Thu Dec 11 09:16:06 2025 IST <gamana@Samsung>
# name: iq
# type: matrix
# rows: 2048
# columns: 1
 0.99706007033948296
 0.81741217677477895
 0.2631763561998442
 -0.26757933088703667
 -0.82003431881388944
 -0.99739959216031482
 -0.89379434027545168
 -0.53840448048633571
 0.12174574039319934
 0.61251750219373202
 0.9756866937503218
 0.95041478686084535
 0.5345505649007124
 0.026779638075654512
 -0.6161208997466926
 -0.93240144544834269
 -0.94898469904253735
 -0.53068550131166847
 -0.022214290997900961
 0.61971144815431445
 0.93404224138678449
 0.94753482023462876
 0.65049842763434806
 0.017648480643128749
 -0.49648404018293579
 -0.87075548362775734
 -0.99973243577145421
 -0.84708169348121221
 -0.4558054392076315
 0.21560776862847272
 0.6849297096298741
 0.9613048499970458
 0.91652386521001739
 0.58274974275466684
 -0.068429320412764685
 -0.56931784686309095
 -0.96255289322519511
 -0.9146877172569069
 -0.57903252519821957
 -0.080262094262641887
 0.44111841487869557
 0.83823451315416331
 0.99921737728844184
 0.7954628564466879
 0.22717892085399657
 -0.44521220012329865
 -0.91358003901312201
 -0.99299901827171977
 -0.79268712746483883
 -0.36907284080929581
 0.15851039745388298
 0.75113050352384558
 0.99953697267526553
 0.87432127497765744
 0.50280659161546182
 -0.1630177147739201
 -0.75413739896883958
 -0.98397524954642002
 -0.93662425339424948
 -0.49885389310436667
 0.16752163237433296
 0.64842084563481195
 0.98477925608846884
 0.86985197422915883
 0.49489079104069511
 -0.17202205632633658
 -0.65189063542320946
 -0.94811962245698522
 -0.97726040292067717
 -0.61827065004495774
 0.024048282052691987
 0.65534683009168626
 0.98632564038788906
 0.93173685042504906
 0.48693370707140277
 -0.181012047936218
 -0.65878935756162205
 -0.98706798589555911
 -0.86301208685108277
 -0.48293989111003849
 0.033177953663624922
 0.53994946709703096
 0.95238598048070489
 0.92838136871562715
 0.47893600348116838
 -0.037741799180791728
 -0.54378762121797686
 -0.89664680196432855
 -0.97322421740503984
 -0.71851977171296921
 -0.1108522977199087
 0.54761443469753268
 0.95513095897934219
 0.92494844217390204
 0.47089834743204406
 -0.19894598283625273
 -0.77762117540992637
 -0.99994309558021077
 -0.85364049424972288
 -0.32625967769526004
 0.35063314737503665
 0.86684455914106351
 0.99988395123660889
 0.76107601527488455
 0.17349680460094399
 -0.49358918395682855
 -0.9344826169515198
 -0.98503839069289045
 -0.75810582758173006
 -0.31761252689779229
 0.21235319707962388
 0.68249837391928281
 0.99168720564712287
 0.91785140651800046
 0.58545405011465856
 -0.065105013155937183
 -0.56657560757064096
 -0.90844011502318567
 -0.96656151042960048
 -0.58174569153089484
 -0.083582637076471816
 0.43812590268212964
 0.9103395938539478
 0.99390102147704307
 0.6959231720412592
 0.23042228230537098
 -0.44222640802835655
 -0.91222008763525775
 -0.96417909475583619
 -0.69263648984203974
 -0.074477793700477926
 0.57781115293558072
 0.96531192032584046
 0.9629577125917067
 0.57054813287203821
 -0.083321268984552388
 -0.58153233821740702
 -0.91592396357618688
 -0.99229699825105167
 -0.78913692405411384
 -0.21706957207182662
 0.4544722474186727
 0.91774726849180999
 0.99172092001569312
 0.78632374567415608
 0.35941675965785358
 -0.31736381384729234
 -0.84870900418237416
 -0.99979872672709624
 -0.7834941685839707
 -0.35515146651018259
 0.17323849331905522
 0.65282663806760977
 0.94851151593640592
 0.93294154673311502
 0.61729952884911965
 0.12776233975286863
 -0.53328457614273284
 -0.89105836659263005
 -0.97601375467033502
 -0.61370033579439642
 -0.12323172689716683
 0.53714215561870826
 0.89312185138248557
 0.99750638142641856
 0.82089030337516489
 0.41302690829119881
 -0.11118743406544458
 -0.60407993511190405
 -0.92680126506087157
 -0.95366701163178647
 -0.66538142519188515
 -0.037404816318760435
 0.60771295218366916
 0.97433972013122938
 0.89446482546867812
 0.53966559836386452
 -0.12025948096078005
 -0.72507435890065097
 -0.9753574455450581
 -0.95087934728715373
 -0.65853561950740669
 -0.18068038726057722
 0.34807306442268504
 0.7787732659358052
 0.99992184282293362
 0.8526835451500393
 0.465241676691655
 -0.053260199497821945
 -0.6771455249584406
 -0.95832196740132169
 -0.92072406568307263
 -0.59135571103587237
 0.057819868091764065
 0.68049887040798596
 0.99133194181980266
 0.84787648216215594
 0.4571376091762453
 -0.21414548183765864
 -0.78729410116229492
 -0.99965672575733444
 -0.84544640193264708
 -0.31153630812522931
 0.21860401502443746
 0.79010162031504583
 0.99952665500974269
 0.84299868999530825
 0.30719361949593094
 -0.36938623316022245
 -0.79289266197034569
 -0.99937573922465328
 -0.84053339739696464
 -0.44491021868367014
 0.076045533660961007
 0.57557902585817122
 0.91297014053824677
 0.96369087240910234
 0.57278989074160702
 -0.080598222732407257
 -0.57930743003644081
 -0.91482395692723983
 -0.99263176838203893
 -0.68800522698678646
 -0.21973585073413712
 0.45203678212348919
 0.91665869474579109
 0.96121189540502372
 0.56527940041679248
 -0.089698463358592009
 -0.58672791667811064
 -0.91847431573064442
 -0.95994232489362474
 -0.56150643275911605
 0.094245825128639826
 0.59041984438793671
 0.92027078201715529
 0.99087861687119372
 0.78235290523988077
 0.35343597986706526
 -0.17504494541054377
 -0.76209490119393808
 -0.98607777404705177
 -0.93227951256782382
 -0.48824092697539156
 0.027116736590217863
 0.65766218888049544
 0.95051960352096865
 0.93061783695940536
 0.48425043128684137
 -0.18402994603395961
 -0.66109548976492238
 -0.98755537645856961
 -0.92893675340063486
 -0.60863379684069807
 0.036245563027500163
 0.5425304763448201
 0.95331735554538732
 0.92723629695034715
 0.47623922634562982
 -0.19299959502625752
 -0.77379427491261488
 -0.99998940073362763
 -0.76792862176621013
 -0.33198580663880228
 0.34494773752928914
 0.77667892647719483
 0.99995794748120204
 0.85441940454648735
 0.32767464277460195
 -0.20195314414651017
 -0.77954738047339189
 -0.99026332165106024
 -0.85203770817596947
 -0.464148139626821
 0.20642364779482933
 0.67805376596341482
 0.99088871254122568
 0.84963824263651433
 0.46009830557788145
 -0.21088984649677303
 -0.68140328042767151
 -0.99149343853740313
 -0.84722105796878744
 -0.31470050977912667
 0.21535164711011798
 0.68473858428850043
 0.99207748702807963
 0.84478620458292519
 0.45196993621406401
 -0.068167649874410111
 -0.56910219984820576
 -0.90971891406343963
 -0.96576984171147617
 -0.57924634576443579
 0.072723021987780773
 0.57285131597583161
 0.96371087967815416
 0.96457516552375233
 0.57551774398311595
 -0.077276877469169419
 -0.69465853816616863
 -0.99370544782199999
 -0.83737614173914277
 -0.43970690185345124
 0.23315300908548614
 0.69793630702392573
 0.96610880593672932
 0.96212549010061099
 0.56802461131976778
 0.066860722607749459
 -0.58402667228351934
 -0.96727755929629
 -0.90726309490466162
 -0.56426023670636294
 -0.062303538622137125
 0.5877275347374693
 0.96842614017032003
 0.95959555493752691
 0.56048409449701031
 0.057745055301892521
 -0.5914161401871515
 -0.96955452460525537
 -0.95830055564405059
 -0.6770903799978768
 -0.20514176692661742
 0.46530800927823351
 0.92252538257895755
 0.99008012278011326
 0.67372268159183635
 0.048624570949613463
 -0.59875627262871844
 -0.971750610450137
 -0.9556506286681602
 -0.67034093276055851
 -0.19619413942258937
 0.47337294548867787
 0.92601178368240689
 0.98875556026373002
 0.66694520403006563
 0.039500030374461016
 -0.60604645730021167
 -0.92772603447345159
 -0.98806234138110383
 -0.66353556621801379
 -0.187230145560146
 0.4813983933060807
 0.92942093762242273
 0.98734851654820388
 0.76713698908029604
 0.33082061813699404
 -0.19868893592561135
 -0.67222720714079276
 -0.98979402472519373
 -0.92330379323078149
 -0.46709667495756185
 0.20316252151698605
 0.78032030606800395
 0.99043448389922084
 0.8513905716987602
 0.32218776733811588
 -0.35466104879522864
 -0.86898262245016622
 -0.9998091133022865
 -0.75827684451423649
 -0.16925605113976636
 0.35892719724832056
