# Created by Octave 8.4.0, Thu Dec 11 09:16:06 2025 IST <gamana@Samsung>
# name: iq
# type: matrix
# rows: 2048
# columns: 1
 0.99706007033948296
 0.8958330830115131
 0.54224716769547932
 0.035908561572159783
 -0.48054559651702428
 -0.92906155275357227
 -0.98750228500057424
 -0.6608424346775631
 -0.031344426666491253
 0.61251750219373202
 0.9307412043625467
 0.95041478686084535
 0.5345505649007124
 -0.126277206267076
 -0.72923708866562187
 -0.97667740455693652
 -0.94898469904253735
 -0.65396009222976592
 -0.17471292102219657
 0.35375141607369498
 0.86850088041626661
 0.99982764492782827
 0.75891061748844191
 0.31878331613078459
 -0.35801914740060525
 -0.78539783471713998
 -0.99973243577145421
 -0.7559288889967074
 -0.16571279352017626
 0.50044297299076146
 0.93726536135324057
 0.94457581101048138
 0.64353447266247155
 0.1612074989385934
 -0.50439146910589572
 -0.9388476181633828
 -0.94306674230411036
 -0.64003232751865924
 -0.0039492221486906965
 0.50832944618280662
 0.8774101499200383
 0.98196046852828767
 0.74688936492934765
 0.15218691789985109
 -0.37501452045592854
 -0.87959183670055963
 -0.98108672759545423
 -0.74384495350793745
 -0.29705977382799137
 0.23340805554780536
 0.79932567724122838
 0.99423482618450487
 0.834726723741544
 0.43536466339879998
 -0.23784618978820501
 -0.70138649497904204
 -0.99471412193617259
 -0.90715275704229548
 -0.5640436772560169
 0.091189587921087126
 0.70463424304951916
 0.995172673015283
 0.9052216213146459
 0.42712419847488775
 -0.24670748503358705
 -0.70786729603693477
 -0.99561046985879564
 -0.90327160727240496
 -0.42299056154802456
 0.10028104696026842
 0.5953031768677769
 0.92262657540312143
 0.99004323693862828
 0.67352883541892117
 0.048362596540172997
 -0.59896632268215722
 -0.92437830773569063
 -0.95557335273441868
 -0.67014628176077173
 -0.043800730362636646
 0.47360396434939761
 0.92611076224270938
 0.98871630425468959
 0.66674975226285726
 0.19145671714048751
 -0.47762109668853364
 -0.92782390279400195
 -0.9880219015039563
 -0.66333931775948618
 -0.18697249432793983
 0.34206505440574203
 0.77474182782419287
 0.99998138620148591
 0.85601021937775568
 0.47089834743204406
 -0.046867033747573464
 -0.67242136389076779
 -0.98983136742132305
 -0.85364049424972288
 -0.32625967769526004
 0.35063314737503665
 0.78048430577675221
 0.99047064063879786
 0.92143835717186395
 0.46282140941885924
 -0.055988358703845706
 -0.55902603440189202
 -0.95909896399592787
 -0.91965447150011992
 -0.458768420102943
 0.21235319707962388
 0.68249837391928281
 0.96038166485395848
 0.91785140651800046
 0.58545405011465856
 0.088132491563609597
 -0.43401626026004414
 -0.90844011502318567
 -0.96656151042960048
 -0.69919534082601087
 -0.083582637076471816
 0.57033270963107596
 0.96288695422024306
 0.96538036905262048
 0.57802520069364793
 0.079031039481038554
 -0.57407791745470427
 -0.96410949048091532
 -0.96417909475583619
 -0.69263648984203974
 -0.22597606066310341
 0.3043425181213476
 0.84138411242655475
 0.99943004815055925
 0.79193364505529973
 0.22152512631064028
 -0.30868941789305326
 -0.7519452059868672
 -0.99957378788416562
 -0.78913692405411384
 -0.3636745572016995
 0.16423604820363752
 0.7549478544265199
 0.98419470203205239
 0.93619088246932725
 0.49778317453547566
 -0.1687390302799123
 -0.75793475849732128
 -0.99979872672709624
 -0.7834941685839707
 -0.20814497571020177
 0.32169112912610048
 0.76090585590764914
 0.98577106854626595
 0.86697529797926964
 0.48984107340721511
 -0.17773434348514575
 -0.6562791438151202
 -0.94994809580360839
 -0.93128767720556305
 -0.48585465799489252
 0.029847866612347472
 0.65971796292075569
 0.9513648645896583
 0.92961438575819666
 0.48185811012784718
 -0.034412226326070341
 -0.54098853304387418
 -0.95276179274796713
 -0.9739846416439677
 -0.60646362901863526
 0.038975868375956735
 0.66655425462834572
 0.98867698022951811
 0.92620967709367286
 0.6028262662184477
 -0.043538697587652483
 -0.5486473611136512
 -0.89920037971003641
 -0.99644589250719506
 -0.71447258176090922
 -0.10508452125710538
 0.41860992106483791
 0.90118910628606363
 0.97078868493983261
 0.59551390107624014
 0.10054200436666021
 -0.55626042145876686
 -0.95815052266696876
 -0.9696828445732264
 -0.59183905123294156
 -0.095997390681856934
 0.42688702935371275
 0.90511013570477716
 0.96855678155907665
 0.58815185864004971
 -0.061779983200696019
 -0.56382707900378393
 -0.9607251061180615
 -0.9674105193813286
 -0.70157342122455979
 -0.23810093781279595
 0.43512852706753002
 0.90895566155885299
 0.99426291516930421
 0.79948325508046658
 0.23366308595342544
 -0.29680932037190372
 -0.83708928455909648
 -0.99376407532853228
 -0.79673175151610309
 -0.37525764885050583
 0.15192768482357455
 0.63631452355382023
 0.981910840626954
 0.94049945024301207
 0.50855529701815605
 -0.15643979414568326
 -0.63983078090230217
 -0.98276527951328996
 -0.93893789853280041
 -0.63060883078210594
 0.0082535772213779592
 0.51880002299952621
 0.94448967275556528
 0.93735676535810908
 0.50067003238648233
 -0.012820041241621906
 -0.64682319170808622
 -0.98441265345254958
 -0.93575608369329677
 -0.49671169676217664
 0.16995617082962328
 0.75873979406764036
 0.99982274110411873
 0.78272615692098302
 0.20693688761713588
 -0.32286021601341536
 -0.76170660622616937
 -0.99989829655683926
 -0.86635918424039315
 -0.34972204005644508
 0.32717899269765544
 0.76465753306271111
 0.99995299922151237
 0.86406943966609229
 0.34544005915608184
 -0.18344064817265887
 -0.66064556209724501
 -0.98746091400676894
 -0.86176167500221723
 -0.34115087413467143
 0.33579598627634649
 0.85886072213434583
 0.99999984205834835
 0.85943593837696164
 0.3368545744428309
 -0.19241132777952227
 -0.66747436862954301
 -0.98886154633826362
 -0.85709227829338019
 -0.47274705089475788
 0.19689069525206784
 0.67086792725114253
 0.98953093577264317
 0.92400680960145565
 0.4687179486717028
 -0.2013659565870686
 -0.77917174513612353
 -0.99991369601748914
 -0.76243443461132976
 -0.17556138821270462
 0.4917645537289167
 0.93373409654612172
 0.94780994075947012
 0.65115271974429956
 0.018510126722055167
 -0.49573578531813189
 -0.93535909167438946
 -0.98460972637384481
 -0.75649278027463351
 -0.16656260382129034
 0.36147603246699667
 0.87257127982306093
 0.99963987460314707
 0.84510684971438899
 0.31093239590335586
 -0.36573017458993407
 -0.87479295658324008
 -0.98297245168622671
 -0.64069424203842407
 -0.0048110008146279
 0.63327693330856272
 0.98115889740638251
 0.87941423751967451
 0.37466853901919855
 -0.30177304967578189
 -0.83992389067032491
 -0.99933539569536944
 -0.87723105369407695
 -0.37043057075417968
 0.30612370781365272
 0.75016502521567563
 0.98288255343457998
 0.93871905077095341
 0.63011551142308064
 -0.00888902807713364
 -0.64382007479711412
 -0.94469826143564273
 -0.97945204940088282
 -0.6265628875523116
 -0.13948589194904606
 0.38688470737265507
 0.80426869762729047
 0.99508772818509117
 0.83014331309076361
 0.4279032614774641
 -0.0948784517431875
 -0.7072583139584484
 -0.99552944227673668
 -0.82758848976759469
 -0.42377129891905568
 0.099423567006865637
 0.71047939542087601
 0.99595039469239666
 0.90167573810932744
 0.5533962596713089
 -0.10396660880109514
 -0.7136856599001008
 -0.97160894686084376
 -0.89969163377941319
 -0.4154809470225187
 0.25912835512017535
 0.71687704052978896
 0.99672997981321765
 0.89768876646229168
 0.41132273057892493
 -0.11304609304756041
 -0.72005347075400716
 -0.99708859626020208
 -0.89566717792756623
 -0.54193356757805911
 0.11758234614797786
 0.72321488432855252
 0.97475902148658577
 0.89362691033530683
 0.40298065029548513
 -0.12211614707923074
 -0.72636121532247189
 -0.99774343953291222
 -0.89156800623508348
 -0.53423513016281687
 -0.026406578837896964
 0.61641480149779482
 0.93253626090326813
 0.98595939449961034
 0.76163474164534373
 0.1743454575407879
 -0.49283950879051719
 -0.93417546627170556
 -0.98518654098922476
 -0.75866754446120943
 -0.16984687508465524
 0.35836757642181133
 0.87093892718268395
 0.98439314150312152
 0.75568452533440766
