# Created by Octave 8.4.0, Thu Dec 11 09:16:06 2025 IST <gamana@Samsung>
# name: iq
# type: matrix
# rows: 2048
# columns: 1
 0.99706007033948296
 0.81741217677477895
 0.2631763561998442
 -0.41166286191191009
 -0.89785314323009247
 -0.99669975492155383
 -0.71661680183738552
 -0.25876789299367536
 0.41582037352034329
 0.82263935911185238
 0.99631865342087256
 0.81211680656676566
 0.25435403320662997
 -0.27636844752632383
 -0.72923708866562187
 -0.99801622712169602
 -0.80944368883232731
 -0.39494783328271993
 0.13080603864129745
 0.61971144815431445
 0.97764774684509548
 0.88756644408310237
 0.52680937032475517
 -0.13533214306748165
 -0.62328907253604104
 -0.93566355795921996
 -0.94606518067421075
 -0.64702319695337762
 -0.013082302230897626
 0.62685369828083859
 0.97952724534565039
 0.94457581101048138
 0.5190242297318719
 0.0085158509884466927
 -0.63040525104876677
 -0.9388476181633828
 -0.98281373076484568
 -0.74991820004097443
 -0.30576841154300655
 0.37077718740857579
 0.79380414593267479
 0.99932172244443662
 0.74688936492934765
 0.30141723570001927
 -0.22896505360363265
 -0.79657321781796253
 -0.99914313223323781
 -0.8372327419467338
 -0.29705977382799137
 0.23340805554780536
 0.69812411955698905
 0.99423482618450487
 0.90906497418168908
 0.43536466339879998
 -0.23784618978820501
 -0.80206146680018797
 -0.99872344485238629
 -0.83220329738643806
 -0.28832635562389775
 0.38767924157623307
 0.8860266541137356
 0.97834281697030223
 0.73461889791047752
 0.28395058142647778
 -0.24670748503358705
 -0.70786729603693477
 -0.99561046985879564
 -0.90327160727240496
 -0.42299056154802456
 0.10028104696026842
 0.5953031768677769
 0.92262657540312143
 0.95690944055429616
 0.67352883541892117
 0.20041309089354509
 -0.3291596362235587
 -0.85523523768182264
 -0.98939008741680945
 -0.67014628176077173
 -0.043800730362636646
 0.47360396434939761
 0.85759296924080952
 0.99999540351778604
 0.86069606453987113
 0.33917914848910674
 -0.3377702626083236
 -0.85993281577640979
 -0.9880219015039563
 -0.66333931775948618
 -0.18697249432793983
 0.48162826828313782
 0.862254728491333
 0.99998138620148591
 0.85601021937775568
 0.33057309196900747
 -0.34635271246754379
 -0.77762117540992637
 -0.99994309558021077
 -0.76403033079695037
 -0.17799244441910247
 0.4896123951713961
 0.9328470854580132
 0.94859455951793425
 0.65302529690071753
 0.17349680460094399
 -0.35490626986012647
 -0.86911238135537339
 -0.99980395440413061
 -0.84884768600070171
 -0.31761252689779229
 0.3591719908072325
 0.78616167635188161
 0.99168720564712287
 0.84642470283328231
 0.45470586321335715
 -0.065105013155937183
 -0.56657560757064096
 -0.96164433703970265
 -0.96656151042960048
 -0.58174569153089484
 0.06966135126844894
 0.57033270963107596
 0.96288695422024306
 0.9141878894328731
 0.44655238580789536
 -0.074216236599828955
 -0.57407791745470427
 -0.96410949048091532
 -0.91232751373217513
 -0.5742926551933929
 0.07876957415834368
 0.57781115293558072
 0.91408155714959471
 0.9629577125917067
 0.57054813287203821
 0.069922994692288284
 -0.45039966562289363
 -0.91592396357618688
 -0.99229699825105167
 -0.78913692405411384
 -0.3636745572016995
 0.16423604820363752
 0.7549478544265199
 0.99969668159732372
 0.87149073500076379
 0.35941675965785358
 -0.1687390302799123
 -0.75793475849732128
 -0.99979872672709624
 -0.7834941685839707
 -0.35515146651018259
 0.17323849331905522
 0.76090585590764914
 0.98577106854626595
 0.93294154673311502
 0.61729952884911965
 -0.025282884424066471
 -0.6562791438151202
 -0.98652842266602814
 -0.93128767720556305
 -0.48585465799489252
 0.029847866612347472
 0.65971796292075569
 0.98726520282524977
 0.92961438575819666
 0.48185811012784718
 -0.034412226326070341
 -0.54098853304387418
 -0.89516671019734817
 -0.99717367862900375
 -0.81827376236426919
 -0.40886361669740878
 0.11572466422679378
 0.60771295218366916
 0.92850663698750324
 0.98773715340256729
 0.76871908322971561
 0.33315048880552711
 -0.3437882972126497
 -0.86318239617788683
 -0.98701387251156136
 -0.65853561950740669
 -0.028276331692887669
 0.48722822131491544
 0.93185925391478641
 0.98627000753600025
 0.76284547406125769
 0.32452503005875494
 -0.35235057260061453
 -0.86775773336314854
 -0.99985432172435307
 -0.85028888000473257
 -0.32020210376883135
 0.35662073253939414
 0.8700182802033074
 0.98472058781311855
 0.64816408847853257
 0.16718916734334063
 -0.36088345518522658
 -0.78729410116229492
 -0.99192158334645664
 -0.9171217121892673
 -0.45307123277109945
 0.066935492729034415
 0.68716291644317073
 0.99249053843869217
 0.91529182682589483
 0.58025259939119722
 0.081754434436132339
 -0.43977420553022362
 -0.8374171025283168
 -0.99369705014212939
 -0.69460463034444542
 -0.22863677800280582
 0.44387101636617432
 0.91297014053824677
 0.96369087240910234
 0.57278989074160702
 0.072648282209853754
 -0.57930743003644081
 -0.91482395692723983
 -0.99263176838203893
 -0.68800522698678646
 -0.21973585073413712
 0.45203678212348919
 0.8448263018309673
 0.99206806997202313
 0.78800882612502365
 0.21527846681165561
 -0.31477163936862168
 -0.84726086568929992
 -0.99148368207262383
 -0.78518905320560317
 -0.35770425901355962
 0.31910292536187457
 0.75913017088655255
 0.99983384877874237
 0.78235290523988077
 0.20635032318008584
 -0.46421451522251034
 -0.8520769343569492
 -0.99990666682747809
 -0.77950044137544672
 -0.34916032984535117
 0.17953931786032531
 0.65766218888049544
 0.98682686534507946
 0.93061783695940536
 0.61225090867551668
 0.12141102097190457
 -0.53868862145428353
 -0.95192840572335036
 -0.97460016917982983
 -0.60863379684069807
 0.036245563027500163
 0.66451500356302839
 0.98826329219449338
 0.85912929147213657
 0.47623922634562982
 -0.040808889991026519
 -0.54636101681158478
 -0.89800156890714844
 -0.97251409436198921
 -0.60136156986289846
 -0.10780123738777925
 0.55018016296902827
 0.95603558259739696
 0.97144062343148863
 0.71318786016985414
 0.10326002029297376
 -0.42027523032400022
 -0.82541765911308806
 -0.99803740086770543
 -0.8895069447213011
 -0.39463800471769866
 0.13114035477173422
 0.61997607397048027
 0.93416263098438557
 0.94742697280711508
 0.52652270811644564
 0.017311311182923683
 -0.49677673522365212
 -0.87092125115799168
 -0.9997245785693325
 -0.75570808304221859
 -0.16538022551828968
 0.50073490017408062
 0.87315635203302644
 0.98358570375047472
 0.64327632135886925
 0.16087467946475087
 -0.50468262234372585
 -0.87537324331174171
 -0.99946853590792306
 -0.74969507541622005
 -0.15636577838437321
 0.50861981940315182
 0.94052491117439774
 0.98189664881965666
 0.7466650879372424
 0.30109568094123251
 -0.22929330316701357
 -0.69508966027877517
 -0.96507712748675856
 -0.91081907787510319
 -0.4391683835773984
 0.082426600067351322
 0.69836552224373061
 0.9942709280307731
 0.83454098068776961
 0.29237364760094314
 -0.23817371995497297
 -0.80226282355669942
 -0.99870635429799859
 -0.83201627094256037
 -0.43094465135510163
 0.091525398699506169
 0.70487348511119874
 0.99520571111073786
 0.90507827123668394
 0.55998750548639908
 -0.096071982314009
 -0.59189945380494535
 -0.92098703315352426
 -0.99062973958423328
 -0.67664908345507713
 -0.20455497621431026
 0.46583857587044308
 0.92275658720024012
 0.95681146172407272
 0.67327953654496719
 0.048025767413371868
 -0.46987465789359312
 -0.92450689724225354
 -0.98934103856410838
 -0.66989594845132772
 -0.19560625154617511
 0.47390094072350675
 0.85776636300026632
 0.99999636910856871
 0.77258336771307723
 0.19112572350826018
 -0.33808764542683351
 -0.77206068735916977
 -0.99999824789995395
 -0.85818903436324712
 -0.47462533683833424
 0.19479926101805431
 0.7749550010800943
 0.99997927181881596
 0.76675227945330937
 0.18215280322778285
 -0.48592015540831529
 -0.9313149733479128
 -0.9499246819238828
 -0.53322118190329848
 -0.025207970311606029
 0.48990640385738971
 0.86701264097890396
 0.98575846919369059
 0.76085722933077538
 0.17316468790596914
 -0.49388243535298704
 -0.86927912638004867
 -0.99979722047228137
 -0.84866937008156818
 -0.45846875433808681
