# Created by Octave 8.4.0, Thu Dec 11 09:16:06 2025 IST <gamana@Samsung>
# name: iq
# type: matrix
# rows: 2048
# columns: 1
 0.99706007033948296
 0.8958330830115131
 0.54224716769547932
 0.035908561572159783
 -0.60890133064396568
 -0.97467563508643473
 -0.95182505386520067
 -0.6608424346775631
 -0.031344426666491253
 0.48454544831307755
 0.86393738386991581
 0.99995550774600939
 0.7648265315825612
 0.17920756624578818
 -0.34947630729317497
 -0.77971163284007661
 -0.99990200276958874
 -0.85190037886372305
 -0.46391580451806957
 0.054755275299491701
 0.55800162607063519
 0.90405720677398727
 0.96916833338707042
 0.70657032754456051
 0.093910099777458012
 -0.56178544187468848
 -0.90599964213760187
 -0.99499096351463112
 -0.70333136332568646
 -0.089362596629136537
 0.5655575416944385
 0.90792318296106844
 0.99452407799023024
 0.8009644889521762
 0.38177074593872068
 -0.29444976525794719
 -0.74201608110504058
 -0.98055419032676894
 -0.94286717569706102
 -0.51460144259673235
 0.14948593972267568
 0.74506978139404401
 0.98144017484354107
 0.87871764054369417
 0.37331329069111102
 -0.30316589222440382
 -0.84071604235180275
 -0.99938759605057081
 -0.79268712746483883
 -0.36907284080929581
 0.15851039745388298
 0.64144077042886694
 0.98315072229002243
 0.87432127497765744
 0.36482469394694789
 -0.1630177147739201
 -0.75413739896883958
 -0.99966550404728993
 -0.87209571834185651
 -0.36056893869878703
 0.16752163237433296
 0.64842084563481195
 0.94665791726123827
 0.97821854915588147
 0.62185347507426159
 -0.019482646357389975
 -0.65189063542320946
 -0.98556272514868337
 -0.86759008943263682
 -0.3520349582153795
 0.17651889277400565
 0.65534683009168626
 0.94956155470422277
 0.97628187600863758
 0.61467493103747084
 0.12445719769369468
 -0.536100052379056
 -0.95098368393158716
 -0.93006880782054413
 -0.48293989111003849
 0.033177953663624922
 0.53994946709703096
 0.95238598048070489
 0.92838136871562715
 0.47893600348116838
 -0.037741799180791728
 -0.66563312401798547
 -0.98849090621939795
 -0.85836209249050632
 -0.33487961217098988
 0.34206505440574203
 0.862254728491333
 0.98730689364631385
 0.6599150493749707
 0.030110031711012196
 -0.61349323202917039
 -0.93119209952337212
 -0.95003000237158464
 -0.53350643239463069
 0.12750220183209923
 0.73008157988849232
 0.97694182433784282
 0.88909638161822035
 0.39381295355228096
 -0.1320303058023965
 -0.73319467094717705
 -0.99836468747738893
 -0.88699683797548301
 -0.38961117419928509
 0.286318003155562
 0.8310388742053465
 0.99861533733890595
 0.88487879609434716
 0.52186918309512553
 -0.14107815892716888
 -0.73937491633562791
 -0.97977511379001769
 -0.94416965564365596
 -0.64258870869742002
 -0.15998855098596032
 0.36768087239880365
 0.87580690915030124
 0.99943886783086799
 0.74910065255297842
 0.30459234863209911
 -0.22572055441760619
 -0.79455462137295907
 -0.99927548207434191
 -0.74606759889611551
 -0.30023946390148659
 0.23016704923830103
 0.79731920643367349
 0.99909125651850716
 0.83655675988810607
 0.43836165735905963
 -0.083321268984552388
 -0.58153233821740702
 -0.91592396357618688
 -0.99229699825105167
 -0.68601985967528778
 -0.21706957207182662
 0.31302987997501996
 0.7549478544265199
 0.98419470203205239
 0.93619088246932725
 0.49778317453547566
 -0.016151433444036755
 -0.52553613306817071
 -0.94705515494779313
 -0.97796144940880547
 -0.73337300308974884
 -0.13229028813657909
 0.52941587506541732
 0.88897629886156937
 0.99810937180197989
 0.73026078847632114
 0.27780708268757176
 -0.2529057306336317
 -0.71237422369576531
 -0.99618918079676655
 -0.82348972479342486
 -0.27341723999365541
 0.25732133973037058
 0.81390399247921841
 0.99750638142641856
 0.82089030337516489
 0.41302690829119881
 -0.26173158241395567
 -0.71875427025180472
 -0.99694422685007722
 -0.89649744755550087
 -0.40886361669740878
 0.11572466422679378
 0.72192184238340473
 0.99729056693318985
 0.89446482546867812
 0.53966559836386452
 0.032840916452987139
 -0.48323515238183556
 -0.93019264499265608
 -0.98701387251156136
 -0.65853561950740669
 -0.18068038726057722
 0.34807306442268504
 0.86547908951437158
 0.99992184282293362
 0.8526835451500393
 0.465241676691655
 -0.053260199497821945
 -0.55675851408126154
 -0.95832196740132169
 -0.96953617140151371
 -0.70762906128587488
 -0.095400638252584768
 0.56054615396318941
 0.90536486845262365
 0.99513952175078968
 0.80458031858614487
 0.24195217599768648
 -0.28864923917442065
 -0.83239022919382866
 -0.99874042183395029
 -0.80186001883484936
 -0.38315417169083399
 0.1434873811730655
 0.62970809852713572
 0.9802592560561354
 0.88159605993130463
 0.51588466120556886
 0.0048469706335147475
 -0.50755612643698156
 -0.94010464142229133
 -0.94184008705436228
 -0.51196717669537917
 0.15252020218339782
 0.63677688436544455
 0.98202417657034946
 0.87724832130168195
 0.50803901515625172
 -0.0042864402721787022
 -0.64029139418445169
 -0.98287592588523542
 -0.9387314485023539
 -0.63014344195625305
 0.0088530592542075646
 0.51931244306408963
 0.94468646471431217
 0.97945930314329099
 0.62659092130276683
 -0.013419493606462329
 -0.64728028114969927
 -0.94617437850265707
 -0.97852825047564906
 -0.62302533315261921
 0.017985648096398261
 0.52709597262535235
 0.94764255991038049
 0.9339217455717761
 0.61944675186580489
 0.13047170763585367
 -0.39525761693508338
 -0.88981490952982212
 -0.97660494362994621
 -0.61585525207328862
 0.027116736590217863
 0.534835532261557
 0.95051960352096865
 0.93061783695940536
 0.61225090867551668
 0.12141102097190457
 -0.53868862145428353
 -0.95192840572335036
 -0.92893675340063486
 -0.60863379684069807
 0.036245563027500163
 0.66451500356302839
 0.95331735554538732
 0.97356728359948941
 0.7195603208637491
 0.11234020629758215
 -0.41197016019304566
 -0.89800156890714844
 -0.99667232388470672
 -0.8145774273355405
 -0.25844214320731507
 0.41612703440426646
 0.82283104388607065
 0.99774102377887197
 0.81191999367161027
 0.25402788856811498
 -0.27669251862572475
 -0.82541765911308806
 -0.99803740086770543
 -0.8895069447213011
 -0.39463800471769866
 0.28107804804847464
 0.82798706032986946
 0.99546209140484987
 0.80655438456449347
 0.24518357827358583
 -0.42854524143090444
 -0.90588859223877527
 -0.96809874646541105
 -0.70351778617963279
 -0.24075370706548865
 0.28983142998495609
 0.73877016397742057
 0.99880162570560704
 0.80112149333480798
 0.38201314970538847
 -0.14470947024985625
 -0.63066698845287272
 -0.98050268395307083
 -0.88101247234590618
 -0.37778881381560825
 0.1492265986468464
 0.74489481655070955
 0.98138984345368674
 0.87884280898254086
 0.37355659917449718
 -0.15374061493672009
 -0.63772862612896031
 -0.94206652672674507
 -0.98102139639313612
 -0.74361952882577431
 -0.14733828734210935
 0.37955604050049663
 0.79952826721899239
 0.99892815261664103
 0.74055846159663596
 0.29237364760094314
 -0.23817371995497297
 -0.80226282355669942
 -0.99474869226751583
 -0.83201627094256037
 -0.43094465135510163
 0.091525398699506169
 0.58821246313156828
 0.96857542285893772
 0.9594266923029664
 0.68000451891008395
 0.2090229862197191
 -0.46179277882615533
 -0.85064365637548023
 -0.99986560606571262
 -0.86742234684153008
 -0.49062355117527662
 0.024385404138185334
 0.53252491628911025
 0.94966724670251723
 0.9316143409800689
 0.61440890274510263
 0.12412259154013992
 -0.53638468848563203
 -0.95108791243206647
 -0.97520842120142426
 -0.72460972568330329
 -0.26988624726652932
 0.40530845177862374
 0.81603017562444879
 0.99724072609621539
 0.72145498151342724
 0.11505472734182955
 -0.40947901636436274
 -0.89679605440828325
 -0.97314664918583926
 -0.60354231895386923
 0.042641774270994789
 0.66928481552472607
 0.95523078406663564
 0.92482021438637707
 0.47060082853334229
 -0.047203881500806025
 -0.672670926025842
 -0.9898792794040554
 -0.85346479989839097
 -0.32594089083721095
 0.20374948630750056
 0.67604300803596629
 0.9905170277556401
 0.92130728613903012
 0.5925624553559925
 -0.056325047540602191
 -0.67940099123065623
 -0.99113411896468162
 -0.84866937008156818
