# Created by Octave 8.4.0, Thu Dec 11 09:16:06 2025 IST <gamana@Samsung>
# name: iq
# type: matrix
# rows: 2048
# columns: 1
 0.99706007033948296
 0.81741217677477895
 0.40749676511192734
 -0.26757933088703667
 -0.82003431881388944
 -0.99739959216031482
 -0.89379434027545168
 -0.40332217000396425
 0.27197672523161615
 0.82263935911185238
 0.9977183133033527
 0.89173695753970295
 0.39913916364882279
 -0.126277206267076
 -0.72923708866562187
 -0.97667740455693652
 -0.94898469904253735
 -0.53068550131166847
 0.13080603864129745
 0.61971144815431445
 0.93404224138678449
 0.985250469487432
 0.75891061748844191
 0.17021463217652491
 -0.35801914740060525
 -0.87075548362775734
 -0.99973243577145421
 -0.84708169348121221
 -0.4558054392076315
 0.21560776862847272
 0.6849297096298741
 0.99211040285063745
 0.84464582685674738
 0.31011321061357677
 -0.22006481733715735
 -0.79101851933410983
 -0.99947947189198894
 -0.84219234522037123
 -0.30576841154300655
 0.22451727661408843
 0.79380414593267479
 0.9932140410785969
 0.83972129973922371
 0.4435688105502032
 -0.077538373483401396
 -0.69484718481991314
 -0.99373479575595003
 -0.8372327419467338
 -0.43947131954170243
 0.23340805554780536
 0.69812411955698905
 0.96617647717373156
 0.96205395684648265
 0.56780872985143183
 0.066599024229182319
 -0.45337183085077554
 -0.91725607877992499
 -0.96079785708328713
 -0.5640436772560169
 0.091189587921087126
 0.5879397169116356
 0.96849149417710867
 0.9052216213146459
 0.42712419847488775
 -0.095736315726760557
 -0.70786729603693477
 -0.99561046985879564
 -0.82710443109173448
 -0.27956888546549696
 0.39608211065021354
 0.81016824749014416
 0.99602750333649714
 0.82452909748853165
 0.4188481031914722
 -0.10482368684166825
 -0.71428904737035315
 -0.99642376475119299
 -0.82193656840597684
 -0.41469690979581653
 0.25996060960367884
 0.81548838195195372
 0.99679924583888657
 0.8193268979110363
 0.41053706793381189
 -0.26436759761487083
 -0.7206512132819296
 -0.99715393876895353
 -0.89528358719251666
 -0.54120910228613728
 -0.034674352783172553
 0.60988050752199152
 0.97495106171121826
 0.89323979943204135
 0.40219178600183031
 -0.1229714388149704
 -0.72695326304485031
 -0.9759566197678079
 -0.89117738323677409
 -0.39800651997194264
 0.27755511442268971
 0.73008157988849232
 0.99809321681110275
 0.88909638161822035
 0.52963836788862773
 -0.1320303058023965
 -0.73319467094717705
 -0.99836468747738893
 -0.80602334155402411
 -0.38961117419928509
 0.286318003155562
 0.73629247129767361
 0.97885109125774172
 0.88487879609434716
 0.52186918309512553
 0.011847420072184065
 -0.50151179753412556
 -0.8735936030877316
 -0.99958141038069237
 -0.75211808378384382
 -0.30893888111699319
 0.36768087239880365
 0.87580690915030124
 0.99943886783086799
 0.84152583106705137
 0.44655238580789536
 -0.074216236599828955
 -0.69244728475509543
 -0.99335691254234948
 -0.83905004463376487
 -0.4424616353320619
 0.07876957415834368
 0.57781115293558072
 0.96531192032584046
 0.91044811152414251
 0.43836165735905963
 -0.083321268984552388
 -0.69900780262412576
 -0.96649421867844976
 -0.96171624803204947
 -0.56679171182125632
 -0.065366737446402923
 0.4544722474186727
 0.91774726849180999
 0.96045472696749501
 0.68269004969697578
 0.21260949086681319
 -0.45853535123706013
 -0.91955143387160576
 -0.99112415953073163
 -0.7834941685839707
 -0.20814497571020177
 0.46258889234239531
 0.92133642208986943
 0.99050672924155281
 0.67598778716342178
 0.051690166626058617
 -0.59629502905811249
 -0.92310219592082832
 -0.95655008992160562
 -0.55164861080812788
 -0.047129026907081685
 0.47066694847015184
 0.92484871853944095
 0.95520861010101676
 0.54783387611315026
 -0.11059162740069406
 -0.60360206764425894
 -0.92657595352213129
 -0.98853055046695493
 -0.77201305843660495
 -0.19024443905519753
 0.47870574193700199
 0.92828386484757086
 0.95246591648562962
 0.66241465481381889
 0.03344009110984917
 -0.6108587542280044
 -0.92997241689742438
 -0.95106475988945738
 -0.65898665758912811
 -0.028875590832584942
 0.48670460215319011
 0.93164157445709228
 0.98636883283935706
 0.76323296473450009
 0.32509202879037347
 -0.35178945268142309
 -0.86745963149813543
 -0.98560709856610962
 -0.76027435081049699
 -0.32076998583533983
 0.20909626830340569
 0.68005946213323143
 0.95944781899102105
 0.9191687592134139
 0.58815185864004971
 0.091450774980200711
 -0.43101227257150254
 -0.83205784055189824
 -0.99871016201380958
 -0.88402276669574964
 -0.38370785527361939
 0.29244531029783893
 0.8345822651241197
 0.99426291516930421
 0.698311884064443
 0.082351916843145981
 -0.57134670254418518
 -0.96321954664810927
 -0.96505749357654713
 -0.69503578367345586
 -0.077799864163606514
 0.44333372670715848
 0.83957884657315829
 0.99931202944930153
 0.87753594764229947
 0.37102076259437583
 -0.15643979414568326
 -0.63983078090230217
 -0.98276527951328996
 -0.93893789853280041
 -0.63060883078210594
 -0.14463532063038551
 0.38208240309828206
 0.80116634160787004
 0.99879795529096516
 0.73871965688208541
 0.14011512559396239
 -0.5226986699188424
 -0.88533147958915415
 -0.99856369517541654
 -0.83049745413946297
 -0.42847753222482732
 0.094245825128639826
 0.59041984438793671
 0.92027078201715529
 0.99087861687119372
 0.67799868370998118
 0.20635032318008584
 -0.32342755649263732
 -0.76209490119393808
 -0.98607777404705177
 -0.93227951256782382
 -0.61585525207328862
 0.027116736590217863
 0.65766218888049544
 0.95051960352096865
 0.97561272956226286
 0.7258727564103723
 0.12141102097190457
 -0.40363072384035797
 -0.89394552532936078
 -0.97460016917982983
 -0.72272407480947987
 -0.26725439117702826
 0.26350167441270839
 0.72002850987141109
 0.97372110498126263
 0.8956831742115805
 0.40718878950252729
 -0.26790424016846759
 -0.72319004198412096
 -0.97475099015488875
 -0.89364305358104223
 -0.40301357030258678
 0.12208044596978843
 0.61278402605769577
 0.93086446592366345
 0.98671752975550331
 0.65715397345424653
 0.17887579425213712
 -0.48882940738508918
 -0.86639660744903924
 -0.99989722500485212
 -0.76165805010351362
 -0.17438087676587846
 0.35406681205242768
 0.7827727936038511
 0.99096927757341313
 0.84932193198522976
 0.45956594254873184
 -0.21147582959131025
 -0.7856065269148238
 -0.9997245785693325
 -0.84690242494468848
 -0.45550525983347107
 0.21593704592681448
 0.68517537297528308
 0.9613976952714075
 0.96679133714720145
 0.58247566642925475
 -0.068765747042522973
 -0.56959504976055142
 -0.9099676793875584
 -0.9656141565470755
 -0.69656758553488018
 -0.079925956665632389
 0.57334260201009113
 0.9638707429922535
 0.9644168381515249
 0.69328375107809725
 0.22685050426344353
 -0.30348722560178526
 -0.74833167288643443
 -0.98236879196404914
 -0.93966960834163338
 -0.63226261305088494
 0.0061208973313193644
 0.51697557833208441
 0.88219665278495163
 0.98000658061734724
 0.62871794603502085
 0.1422265017441251
 -0.52087928828453178
 -0.94528653874540336
 -0.93650605963703171
 -0.49856160000648819
 0.16785407835510183
 0.64867752905396447
 0.98483781237670287
 0.86968556933719121
 0.49459773298624216
 -0.17235424060308335
 -0.65214631740722062
 -0.9856197642320309
 -0.86742234684153008
 -0.35171930379742294
 0.17685080841905051
 0.65560150530830985
 0.94966724670251723
 0.97620881102840229
 0.61440890274510263
 0.12412259154013992
 -0.40112943452200633
 -0.89271766704429001
 -0.97520842120142426
 -0.72460972568330329
 -0.11958990645928266
 0.40530845177862374
 0.89476619086006459
 0.9741876934915108
 0.60717720135664366
 0.11505472734182955
 -0.40947901636436274
 -0.89679605440828325
 -0.97314664918583926
 -0.71828519146551872
 -0.11051714876850045
 0.41364104130242635
 0.82127528094718671
 0.9975537541960332
 0.89281827429515648
 0.53657314727135219
 0.029173718402167544
 -0.48644403644873635
 -0.86502901377401642
 -0.99993266392534941
 -0.8531522147574826
 -0.46603616913778467
 0.20433637786943065
 0.78106958064656473
 0.99986924220881324
 0.85076104151199938
 0.46199084520298667
 -0.20880459865101567
 -0.67984076546067163
 -0.95936370282194827
