# Created by Octave 8.4.0, Thu Dec 11 09:16:06 2025 IST <gamana@Samsung>
# name: iq
# type: matrix
# rows: 2048
# columns: 1
 0.99706007033948296
 0.81741217677477895
 0.2631763561998442
 -0.26757933088703667
 -0.72295709950342013
 -0.99739959216031482
 -0.89379434027545168
 -0.53840448048633571
 0.12174574039319934
 0.61251750219373202
 0.9756866937503218
 0.95041478686084535
 0.65740811854692949
 0.17920756624578818
 -0.48853519495787168
 -0.93240144544834269
 -0.98602164326815445
 -0.65396009222976592
 -0.17471292102219657
 0.49251475324559779
 0.86850088041626661
 0.985250469487432
 0.75891061748844191
 0.17021463217652491
 -0.35801914740060525
 -0.78539783471713998
 -0.99973243577145421
 -0.7559288889967074
 -0.16571279352017626
 0.50044297299076146
 0.93726536135324057
 0.98364649651042202
 0.64353447266247155
 0.0085158509884466927
 -0.63040525104876677
 -0.98043636236127607
 -0.88117195914959878
 -0.51511538248430411
 0.14889314503908596
 0.63394365677250586
 0.94041029539182541
 0.94153800602658821
 0.63651683455885644
 -0.00061748905173052778
 -0.51225682209534928
 -0.87959183670055963
 -0.98108672759545423
 -0.74384495350793745
 -0.29705977382799137
 0.37924403260955986
 0.88175517967331396
 0.99894370498287544
 0.74078502926765999
 0.29269611680139745
 -0.38346563566337838
 -0.8839001337219804
 -0.99872344485238629
 -0.73770965602296679
 -0.28832635562389775
 0.24227936376794221
 0.70463424304951916
 0.96849149417710867
 0.95952171996815627
 0.68025173333747047
 0.20935274634661827
 -0.32052155160483159
 -0.76010394507765244
 -0.98556272514868337
 -0.86759008943263682
 -0.3520349582153795
 0.32484398121003566
 0.85285967026973009
 0.99004323693862828
 0.77856168107880996
 0.20041309089354509
 -0.3291596362235587
 -0.76600708392244765
 -0.99997112992048121
 -0.77568764392683509
 -0.19593694714062365
 0.47360396434939761
 0.92611076224270938
 0.98871630425468959
 0.77279742987957578
 0.33917914848910674
 -0.18998693966562338
 -0.66563312401798547
 -0.95376841510680677
 -0.92667456830169237
 -0.60381116136497703
 -0.1108522977199087
 0.54761443469753268
 0.95513095897934219
 0.92494844217390204
 0.47089834743204406
 -0.19894598283625273
 -0.77762117540992637
 -0.99994309558021077
 -0.76403033079695037
 -0.32625967769526004
 0.35063314737503665
 0.78048430577675221
 0.99047064063879786
 0.8512529665268137
 0.46282140941885924
 -0.20788843009190797
 -0.78333115921436058
 -0.99980395440413061
 -0.75810582758173006
 -0.31761252689779229
 0.3591719908072325
 0.78616167635188161
 0.99168720564712287
 0.84642470283328231
 0.45470586321335715
 -0.21681353546072546
 -0.68582900348661102
 -0.96164433703970265
 -0.91602919982827036
 -0.58174569153089484
 0.06966135126844894
 0.68914533015244894
 0.96288695422024306
 0.9141878894328731
 0.44655238580789536
 -0.074216236599828955
 -0.69244728475509543
 -0.96410949048091532
 -0.91232751373217513
 -0.5742926551933929
 -0.074477793700477926
 0.44631769078305872
 0.91408155714959471
 0.9629577125917067
 0.68933536277182117
 0.069922994692288284
 -0.58153233821740702
 -0.91592396357618688
 -0.96171624803204947
 -0.68601985967528778
 -0.21706957207182662
 0.4544722474186727
 0.91774726849180999
 0.99172092001569312
 0.78632374567415608
 0.35941675965785358
 -0.1687390302799123
 -0.64936051767992853
 -0.94705515494779313
 -0.97796144940880547
 -0.73337300308974884
 -0.28219113174004168
 0.39357185195279359
 0.80856359383003795
 0.99810937180197989
 0.82607197240836805
 0.42132756391753479
 -0.2529057306336317
 -0.71237422369576531
 -0.99618918079676655
 -0.82348972479342486
 -0.41718158624638879
 0.25732133973037058
 0.81390399247921841
 0.99750638142641856
 0.72399073590500151
 0.1186985440550069
 -0.54098853304387418
 -0.89516671019734817
 -0.99717367862900375
 -0.72083302870849542
 -0.26462053999945312
 0.26613636670920432
 0.81917649590739106
 0.99729056693318985
 0.81564015632847064
 0.26021386615355924
 -0.41445822861210652
 -0.82178714924509855
 -0.99644589250719506
 -0.71447258176090922
 -0.10508452125710538
 0.41860992106483791
 0.82438066428653922
 0.99605082436071568
 0.7112699746563621
 0.25138433026619494
 -0.27931705123175316
 -0.73133396242559634
 -0.97733185259986799
 -0.94801236134682287
 -0.52808142658504087
 0.13384850513027419
 0.73444091888983309
 0.9782884930647664
 0.88614822702694929
 0.52419790220779638
 0.01457942004615246
 -0.62568642452632262
 -0.97922473141210453
 -0.88402276669574964
 -0.52030344573097032
 -0.010013047761816983
 0.50309805648286454
 0.93833100971718231
 0.98308902348526839
 0.75090784312405601
 0.30719361949593094
 -0.2230579892443621
 -0.69047347805072579
 -0.99303879523100436
 -0.91344285313471929
 -0.44491021868367014
 0.076045533660961007
 0.57557902585817122
 0.91297014053824677
 0.96369087240910234
 0.57278989074160702
 0.072648282209853754
 -0.57930743003644081
 -0.96578927795253033
 -0.90968779540689537
 -0.56904057922395446
 -0.068092886001361541
 0.58302375281096053
 0.91665869474579109
 0.96121189540502372
 0.56527940041679248
 -0.089698463358592009
 -0.58672791667811064
 -0.96811752088496095
 -0.95994232489362474
 -0.56150643275911605
 0.094245825128639826
 0.59041984438793671
 0.92027078201715529
 0.95865273487232627
 0.67799868370998118
 0.20635032318008584
 -0.32342755649263732
 -0.76209490119393808
 -0.98607777404705177
 -0.93227951256782382
 -0.48824092697539156
 0.027116736590217863
 0.534835532261557
 0.89188951756697665
 0.99769548936931174
 0.8224475807887246
 0.41551366535015938
 -0.25909361335349135
 -0.71685196162958531
 -0.99672707261570836
 -0.81984127578264621
 -0.41135551681729121
 0.26350167441270839
 0.81760638753376536
 0.99703417447419029
 0.81721787306131521
 0.40718878950252729
 -0.26790424016846759
 -0.72319004198412096
 -0.99742383889171715
 -0.8145774273355405
 -0.40301357030258678
 0.27230121880568781
 0.72633649203427009
 0.99774102377887197
 0.89158429610588674
 0.39882994629126045
 -0.27669251862572475
 -0.72946779440294807
 -0.99803740086770543
 -0.80924562749002904
 -0.24960833620042683
 0.28107804804847464
 0.73258388378708994
 0.99831296397730396
 0.80655438456449347
 0.39043783300440948
 -0.28545771561406558
 -0.73568469520097368
 -0.9786670389969816
 -0.88529663390267133
 -0.52263478249728768
 0.14018932395002348
 0.62711640397435597
 0.97959507615814501
 0.94446504989139402
 0.64327632135886925
 0.16087467946475087
 -0.50468262234372585
 -0.87537324331174171
 -0.98275142388085146
 -0.74969507541622005
 -0.3054473240688339
 0.22484587561108255
 0.6917993022821437
 0.99325320366409453
 0.83953813505979158
 0.30109568094123251
 -0.37532710936530322
 -0.87975221252868729
 -0.98102139639313612
 -0.74361952882577431
 -0.14733828734210935
 0.37955604050049663
 0.79952826721899239
 0.99892815261664103
 0.74055846159663596
 0.29237364760094314
 -0.3837770560290073
 -0.80226282355669942
 -0.99474869226751583
 -0.90701080238006038
 -0.43094465135510163
 0.091525398699506169
 0.58821246313156828
 0.91919827200598381
 0.9594266923029664
 0.55998750548639908
 0.057146541344009039
 -0.46179277882615533
 -0.85064365637548023
 -0.99986560606571262
 -0.78120900902490753
 -0.35171930379742294
 0.32516289542069804
 0.85303569840394
 0.99993004749988235
 0.86514103433169209
 0.48663913745476717
 -0.028950497499741039
 -0.65904302069962439
 -0.95108791243206647
 -0.92994486488287587
 -0.48264457491927476
 0.18583278572983522
 0.76915027238281941
 0.98784222664825339
 0.86052432995207551
 0.33886189807850309
 -0.19031800790633269
 -0.66588474714962409
 -0.98854186490453733
 -0.92654776616293766
 -0.60354231895386923
 0.042641774270994789
 0.54789656673906506
 0.95523078406663564
 0.97208530999528753
 0.59989484973093987
 -0.047203881500806025
 -0.672670926025842
 -0.9898792794040554
 -0.92307337556835656
 -0.46656650589086629
 0.20374948630750056
 0.78069508365013429
 0.99987875705686646
 0.76085722933077538
 0.17316468790596914
 -0.3552215182091768
 -0.86927912638004867
 -0.99979722047228137
 -0.75788587203879176
 -0.1686651663634062
