# Created by Octave 8.4.0, Thu Dec 11 09:16:06 2025 IST <gamana@Samsung>
# name: iq
# type: matrix
# rows: 2048
# columns: 1
 0.99706007033948296
 0.71979445629436789
 0.11267528621267162
 -0.41166286191191009
 -0.82003431881388944
 -0.99739959216031482
 -0.89379434027545168
 -0.53840448048633571
 0.12174574039319934
 0.61251750219373202
 0.9756866937503218
 0.95041478686084535
 0.65740811854692949
 0.026779638075654512
 -0.6161208997466926
 -0.93240144544834269
 -0.94898469904253735
 -0.65396009222976592
 -0.17471292102219657
 0.35375141607369498
 0.78256289391760381
 0.99092400356524601
 0.92013878115657166
 0.59014764102010608
 0.093910099777458012
 -0.56178544187468848
 -0.90599964213760187
 -0.99499096351463112
 -0.70333136332568646
 -0.24049913052813435
 0.43290333150358423
 0.90792318296106844
 0.99452407799023024
 0.7000777311951929
 0.084813229831986955
 -0.56931784686309095
 -0.96255289322519511
 -0.9146877172569069
 -0.44765705097149988
 0.22451727661408843
 0.69155575910797984
 0.9932140410785969
 0.91283249357463192
 0.4435688105502032
 -0.22896505360363265
 -0.79657321781796253
 -0.99914313223323781
 -0.8372327419467338
 -0.29705977382799137
 0.37924403260955986
 0.88175517967331396
 0.98019252618813468
 0.62944609872927793
 -0.0097507775814606734
 -0.52007944302982734
 -0.94498052573775193
 -0.9792778829548171
 -0.62589100331904679
 0.014317164436864309
 0.64796433750803051
 0.98467487951336408
 0.87014756089457157
 0.49541164415814748
 -0.018883252709112678
 -0.52785867935254538
 -0.94792886150570133
 -0.93360044124798824
 -0.61874172821212581
 0.023448947172842981
 0.65489389015789878
 0.98622665999936832
 0.86561044910871676
 0.48745724964467341
 -0.1804224147503094
 -0.65833821591201358
 -0.98697170672481427
 -0.86331479112535514
 -0.48346476204753758
 0.032578773816362379
 0.66176881208249749
 0.98769617024506995
 0.8610011287905317
 0.33974305395953608
 -0.33720593166871321
 -0.77146501428768111
 -0.98840003545151311
 -0.9268997341204479
 -0.60428893386840432
 -0.11144808692793674
 0.4127880280337809
 0.89839621318548846
 0.99659874386674296
 0.71575489892035005
 0.10690866857780772
 -0.55092960969335636
 -0.90039247786769683
 -0.9962120225343184
 -0.71255826934013666
 -0.25315947834227942
 0.27755511442268971
 0.82592413058045877
 0.99809321681110275
 0.80871789563453389
 0.24873889534825208
 -0.28193949870042923
 -0.82849014143618427
 -0.99537626063437679
 -0.80602334155402411
 -0.24431312492717491
 0.286318003155562
 0.8310388742053465
 0.99492723749659617
 0.80331197793003184
 0.38540126954067483
 -0.29069053647477588
 -0.8335702757343435
 -0.99884516116837307
 -0.80058386130778225
 -0.38118332737363553
 0.14559771938948285
 0.63136344189249582
 0.93927214572946993
 0.98258500433542573
 0.74910065255297842
 0.30459234863209911
 -0.22572055441760619
 -0.79455462137295907
 -0.99927548207434191
 -0.74606759889611551
 -0.30023946390148659
 0.23016704923830103
 0.79731920643367349
 0.99909125651850716
 0.74301898606732286
 0.14645026886832396
 -0.38038646433654111
 -0.88233705536967755
 -0.99888619500537212
 -0.83404602882728585
 -0.43425253739356928
 0.087871226153273418
 0.70226622907149605
 0.99484017471709107
 0.83151790381238011
 0.4301343611309012
 -0.092419350775549594
 -0.70551000982053125
 -0.99529311415500421
 -0.90469613978273211
 -0.55924348713722538
 0.096965548000683841
 0.70873907722246843
 0.99572529684553057
 0.9027410274486326
 0.42187118343784913
 -0.10150972301813228
 -0.59629502905811249
 -0.92310219592082832
 -0.98986864202460945
 -0.67261547438327629
 -0.047129026907081685
 0.59995480435262905
 0.92484871853944095
 0.98920991118715429
 0.66922913426856767
 0.042566904316534378
 -0.4746912950254723
 -0.92657595352213129
 -0.98853055046695493
 -0.77201305843660495
 -0.19024443905519753
 0.47870574193700199
 0.860562501651286
 0.9999961643602806
 0.76910237975061224
 0.18575915252785319
 -0.34322527295248667
 -0.77552208599333883
 -0.9999730885191962
 -0.76617566150442962
 -0.18126999201027524
 0.48670460215319011
 0.93164157445709228
 0.9496437689242001
 0.53246148620005185
 -0.12872700293448133
 -0.73092495761217069
 -0.97720475411549423
 -0.94820297322449965
 -0.65208950559648549
 -0.019744878889376392
 0.49466286186017294
 0.869722556749563
 0.99977873900851999
 0.84819418306959704
 0.31644125325140804
 -0.21355984684494758
 -0.68340048286253452
 -0.99184535648545624
 -0.84576642124300172
 -0.45360559371491849
 0.21801897161530401
 0.6867272513369036
 0.99241702790969344
 0.91553313734541952
 0.44953100410935642
 -0.22247354961983337
 -0.69003969817690514
 -0.99296800256705919
 -0.84085803344299925
 -0.44544703957558268
 0.22692348795870262
 0.79530388498163285
 0.99922771763834428
 0.83837750983358095
 0.29906123418645231
 -0.23136869382886627
 -0.79806397900131565
 -0.99400781605094846
 -0.9099366016055852
 -0.43725132659997279
 0.23580907452596009
 0.69989041958487663
 0.99449663319225301
 0.90803308413177553
 0.43313974907902392
 -0.24024453744627602
 -0.80353417917116288
 -0.99859563564291698
 -0.73603989517876467
 -0.13618595147561138
 0.52607667012671588
 0.8871691067668438
 0.97782857412509716
 0.6203875739834438
 0.13166037242984119
 -0.39415595998417602
 -0.88926713679813862
 -0.9768620778668935
 -0.72982650510156966
 -0.12713204761900493
 0.39834885137739889
 0.81161365676743802
 0.99777612566283158
 0.82312903420732286
 0.41660396837504898
 -0.107279713530316
 -0.60094237098948822
 -0.97239181851561129
 -0.9548424106112261
 -0.66831096608754659
 -0.19351427197345175
 0.47577790171621476
 0.85886072213434583
 0.98834328900117741
 0.77122750954177499
 0.3368545744428309
 -0.19241132777952227
 -0.77341438789128647
 -0.99999198125360811
 -0.76831248727644663
 -0.33255124967947286
 0.34438496802205415
 0.86350306785080355
 0.99996326570703487
 0.76538144192408231
 0.32824098959001718
 -0.2013659565870686
 -0.77917174513612353
 -0.99991369601748914
 -0.76243443461132976
 -0.32392388406459971
 0.20583701845338415
 0.67761300134487346
 0.95850332277440242
 0.96938031739622599
 0.70717990245368956
 0.094768043247161982
 -0.5610722916725851
 -0.95979521066420526
 -0.91868164503724958
 -0.58715262114053235
 -0.090220902426703026
 0.43212632130727791
 0.90756163939843948
 0.99461377204279167
 0.70069284447422997
 0.085671880057528363
 -0.56860914539770646
 -0.90946982178178148
 -0.99413005902736373
 -0.69742736225788915
 -0.081121071009057535
 0.44034484140373442
 0.83776426097200107
 0.99362561351995793
 0.79598480591584009
 0.22801809023772057
 -0.30234455038368657
 -0.84024909304288897
 -0.99935706938277469
 -0.79321220308449691
 -0.36987364886653651
 0.15765944704572057
 0.75056131278222915
 0.98299282535971388
 0.93851224311500481
 0.62964988253721943
 -0.0094885067303111005
 -0.64427868567325608
 -0.94489469349560051
 -0.93692582017353565
 -0.6260955390552706
 -0.13889222366261242
 0.38743745727073825
 0.88590502024865936
 0.97839707357332473
 0.73479682639496002
 0.13436833251938127
 -0.39164344489493441
 -0.88801412508603927
 -0.99823605081354361
 -0.73169162602727844
 -0.27982070046704954
 0.25087657493206555
 0.71090114945891436
 0.99600411379319209
 0.9014163428770583
 0.41908625650456766
 -0.25529461712429846
 -0.714105463842164
 -0.971750610450137
 -0.89942977303686911
 -0.41493556245154528
 0.10910342712637483
 0.71729488562092358
 0.99677824324039432
 0.81947724355123819
 0.26664197777726245
 -0.26411463704382998
 -0.72046934828005249
 -0.99713413031232534
 -0.89540040259902232
 -0.54142963429734614
 -0.034936476854929815
 0.4813983933060807
 0.86212185909528127
 0.99998295210296995
 0.85614577945751935
 0.33082061813699404
 -0.19868893592561135
 -0.77745624266941105
 -0.98979402472519373
 -0.8537770782998112
 -0.32650759738066742
 0.20316252151698605
 0.78032030606800395
 0.99043448389922084
 0.92154022886593456
 0.46305389465675628
 -0.055726485204822873
 -0.55880854320983553
 -0.90447252011329171
 -0.96892820327769935
 -0.58936210966894675
 0.060285513420233333
 0.68230665119091249
