# Created by Octave 8.4.0, Thu Dec 11 09:16:06 2025 IST <gamana@Samsung>
# name: iq
# type: matrix
# rows: 2048
# columns: 1
 0.99706007033948296
 0.81741217677477895
 0.40749676511192734
 -0.26757933088703667
 -0.72295709950342013
 -0.97467563508643473
 -0.89379434027545168
 -0.40332217000396425
 0.12174574039319934
 0.61251750219373202
 0.9756866937503218
 0.89173695753970295
 0.39913916364882279
 -0.126277206267076
 -0.72923708866562187
 -0.99801622712169602
 -0.88966097771079677
 -0.53068550131166847
 0.13080603864129745
 0.73235430365016874
 0.9982933274023793
 0.88756644408310237
 0.52680937032475517
 0.017648480643128749
 -0.62328907253604104
 -0.97859770037839833
 -0.94606518067421075
 -0.5229222527763302
 0.13985542515412888
 0.62685369828083859
 0.97952724534565039
 0.88332189054261379
 0.3823247730738224
 -0.29387678624149521
 -0.83540614555488213
 -0.99899969140049327
 -0.79858297189933158
 -0.23220701116232156
 0.29823877688491174
 0.7446697864578582
 0.99919348408392272
 0.87900365099550504
 0.373869386604954
 -0.30259454778575384
 -0.84039127412617853
 -0.99306965479367471
 -0.69066317872013372
 -0.071752868069691278
 0.44876103338158679
 0.84285757488642232
 0.99252258712934649
 0.79026236628191826
 0.36538281225045838
 -0.3112870671345041
 -0.75374355922055913
 -0.99964981960557098
 -0.78745579190865311
 -0.36112805074835524
 0.16693057028402239
 0.75673679541218208
 0.98467487951336408
 0.9352270289765664
 0.49541164415814748
 -0.018883252709112678
 -0.65143590665126416
 -0.94792886150570133
 -0.97738734773531
 -0.73151281938767621
 -0.27956888546549696
 0.39608211065021354
 0.89022421691831999
 0.97641149517605841
 0.72839148523155783
 0.12505201810772687
 -0.53559388212582526
 -0.89229517179135864
 -0.97541527964386687
 -0.61154083816441651
 -0.12051985628836237
 0.539444769141321
 0.89434751792973222
 0.9743987219147211
 0.60792122508734092
 -0.037142715594454159
 -0.54328440608521777
 -0.95358806728458312
 -0.9268997341204479
 -0.60428893386840432
 0.041705882764596969
 0.66858852978133054
 0.95495322397815896
 0.9723046650902295
 0.71575489892035005
 0.10690866857780772
 -0.4169432030477333
 -0.90039247786769683
 -0.9712272096662482
 -0.71255826934013666
 -0.1023670206571104
 0.42108968274909531
 0.90236996494666444
 0.97012949938713156
 0.70934677942200919
 0.097823237881506209
 -0.55852885519347406
 -0.90432863318207168
 -0.99537626063437679
 -0.80602334155402411
 -0.38961117419928509
 0.286318003155562
 0.8310388742053465
 0.99492723749659617
 0.80331197793003184
 0.23988225937810825
 -0.29069053647477588
 -0.8335702757343435
 -0.99884516116837307
 -0.88274230014638688
 -0.38118332737363553
 0.29505700746927255
 0.74244194177693867
 0.98067870320139328
 0.94265526511560149
 0.51405646439116126
 0.0027142508996653475
 -0.509392575397842
 -0.94082952243764828
 -0.94112121559772
 -0.51013398334824778
 0.15462763684080572
 0.6384198765100676
 0.98242450771086454
 0.87622253538456674
 0.36848215629705672
 -0.15913780551172138
 -0.75154986251153877
 -0.99955610682356222
 -0.78950500794454959
 -0.21765474250917091
 0.45393815108493785
 0.84596547976384751
 0.99968173728826637
 0.87178458229700406
 0.49830303575211032
 -0.01555200480670464
 -0.5250259978964078
 -0.88659855654745923
 -0.97808644142219958
 -0.62135568833296584
 -0.13288449926953011
 0.52890718330563458
 0.88870159436007923
 0.9981460396596723
 0.82640968317723063
 0.42187118343784913
 -0.10150972301813228
 -0.59629502905811249
 -0.92310219592082832
 -0.95655008992160562
 -0.55164861080812788
 -0.047129026907081685
 0.59995480435262905
 0.97210288979435833
 0.95520861010101676
 0.54783387611315026
 -0.11059162740069406
 -0.60360206764425894
 -0.97316389613177423
 -0.89676289601115911
 -0.54400771639250467
 -0.038003893997068453
 0.47870574193700199
 0.92828386484757086
 0.95246591648562962
 0.66241465481381889
 0.18575915252785319
 -0.48271020548381566
 -0.86287955619046985
 -0.98710999648029529
 -0.65898665758912811
 -0.18126999201027524
 0.34751098647196554
 0.86517861545497698
 0.98636883283935706
 0.6555449172576302
 0.17677705112349806
 -0.35178945268142309
 -0.86745963149813543
 -0.98560709856610962
 -0.76027435081049699
 -0.32076998583533983
 0.20909626830340569
 0.68005946213323143
 0.99125300021650498
 0.9191687592134139
 0.58815185864004971
 -0.061779983200696019
 -0.68340048286253452
 -0.99184535648545624
 -0.91736051401446572
 -0.45360559371491849
 0.066337321269096597
 0.6867272513369036
 0.99241702790969344
 0.84332102103461049
 0.3077640804358302
 -0.22247354961983337
 -0.69003969817690514
 -0.96321954664810927
 -0.91368666731604986
 -0.57701699460184863
 0.075447752015456837
 0.57508868038264338
 0.91272536305760776
 0.96385077902166005
 0.6917451883744351
 0.22477285582009482
 -0.44742250073204154
 -0.91458168115546734
 -0.96262396344641865
 -0.68844016679241615
 -0.068690986243704441
 0.45150194380135911
 0.84450539102537403
 0.9921432504235741
 0.78837777747453541
 0.36252386579059354
 -0.31420255319168883
 -0.75575715845970359
 -0.99972633443905379
 -0.78556015859060346
 -0.21140258585673893
 0.31853470610870327
 0.75873979406764036
 0.98520555414963917
 0.93413588692046379
 0.61991727432530874
 0.13106606358576089
 -0.53046318017922212
 -0.88954118301675544
 -0.97673368626990587
 -0.72941653362923886
 -0.27662050554376355
 0.2541003676522241
 0.81196373785045661
 0.99629613438374887
 0.82278845535517475
 0.41605889162941456
 -0.25851453458985668
 -0.8146208931956872
 -0.99667842946555951
 -0.89796859424785269
 -0.54629825097485496
 -0.040734014305628702
 0.60506365761878733
 0.92726435688547848
 0.95329472382463132
 0.66445900241171152
 0.036170674170068154
 -0.60869325477939451
 -0.92896449571977835
 -0.9875435880617639
 -0.76792862176621013
 -0.18395628741404277
 0.34494773752928914
 0.77667892647719483
 0.99995794748120204
 0.85441940454648735
 0.46818829390851685
 -0.20195314414651017
 -0.67469011074952911
 -0.99026332165106024
 -0.85203770817596947
 -0.3233566452854974
 0.35350608027650443
 0.86837084011363574
 0.99983247997102931
 0.75908138870197783
 0.1704730818139559
 -0.49625634944937436
 -0.87062648486684047
 -0.99973846832989566
 -0.84722105796878744
 -0.45603887622061912
 0.21535164711011798
 0.68473858428850043
 0.99207748702807963
 0.91662874163464036
 0.45196993621406401
 -0.068167649874410111
 -0.56910219984820576
 -0.90971891406343963
 -0.96576984171147617
 -0.57924634576443579
 -0.080523528307652692
 0.44088301412749958
 0.83809145881061864
 0.99355785265223451
 0.7956217731899673
 0.37355659917449718
 -0.15374061493672009
 -0.63772862612896031
 -0.98225653615836761
 -0.93987451980311765
 -0.50697489923478045
 0.0055214035258760244
 0.64123953205676343
 0.9831027439923048
 0.87444854332560251
 0.36506888685045302
 -0.16275893470427472
 -0.75396512742134258
 -0.99965868631257737
 -0.87222403267404025
 -0.49908119296237063
 0.014654350036806126
 0.52426171766965646
 0.94657336656161561
 0.97827295958773519
 0.62205885630624247
 -0.019220412485174646
 -0.65169172040484546
 -0.98551828393206375
 -0.9334795565583065
 -0.61847677409526547
 0.023786074093560219
 0.65514869784289442
 0.98628238008474745
 0.86544154726569933
 0.34800281151606666
 -0.18075409140989987
 -0.76583845364504477
 -0.98702590740807916
 -0.93016513476203078
 -0.4831695435136964
 0.18524369092832746
 0.66202159170945685
 0.9523059789588959
 0.92847880871813848
 0.47916623207818182
 -0.18972942720639832
 -0.77167953460243732
 -0.98845119397121139
 -0.9267731193331129
 -0.60402021354809721
 -0.11111296041333159
 0.54739495561019913
 0.95505324215194976
 0.97222579552915267
 0.7155193594217325
 0.25724892448168524
 -0.41724969046119159
 -0.82353223714346102
 -0.997823225944791
 -0.81119843305825856
 -0.39769713668888385
 0.12783666325953147
 0.61735848295232298
 0.93296852388111462
 0.98575846919369059
 0.65276987015171895
 0.020642452992762857
 -0.62094459040458649
 -0.9779770926331931
 -0.88684106715721245
 -0.52547237649733447
 -0.016076505177411264
