# Created by Octave 8.4.0, Thu Dec 11 09:16:06 2025 IST <gamana@Samsung>
# name: iq
# type: matrix
# rows: 2048
# columns: 1
 0.99706007033948296
 0.81741217677477895
 0.40749676511192734
 -0.26757933088703667
 -0.82003431881388944
 -0.99669975492155383
 -0.81477298767905471
 -0.40332217000396425
 0.27197672523161615
 0.82263935911185238
 0.99631865342087256
 0.81211680656676566
 0.39913916364882279
 -0.126277206267076
 -0.72923708866562187
 -0.99801622712169602
 -0.80944368883232731
 -0.24993486888935224
 0.42410929452530416
 0.90380080945259256
 0.96931587672916597
 0.70699443523279637
 0.094506937438585861
 -0.42824053105714127
 -0.83035132807013867
 -0.99854960836650131
 -0.88545340033792985
 -0.38654055032865986
 0.13985542515412888
 0.73854284938133441
 0.99878506466934591
 0.88332189054261379
 0.5190242297318719
 -0.14437579056859726
 -0.74161405106639489
 -0.98043636236127607
 -0.94306674230411036
 -0.51511538248430411
 0.14889314503908596
 0.63394365677250586
 0.94041029539182541
 0.98196046852828767
 0.74688936492934765
 0.15218691789985109
 -0.51225682209534928
 -0.87959183670055963
 -0.99914313223323781
 -0.74384495350793745
 -0.14767181956608888
 0.51617351493844721
 0.88175517967331396
 0.99894370498287544
 0.834726723741544
 0.43536466339879998
 -0.086640958364850085
 -0.58423955633417979
 -0.91725607877992499
 -0.96079785708328713
 -0.68359193739244539
 -0.062041763045416379
 0.45743750616528306
 0.8480552264261183
 0.99128758100646241
 0.78426098528443078
 0.20935274634661827
 -0.32052155160483159
 -0.85046631654676685
 -0.99067573919877039
 -0.78141948139773487
 -0.3520349582153795
 0.17651889277400565
 0.65534683009168626
 0.98632564038788906
 0.8653101111236956
 0.34775691095553296
 -0.3291596362235587
 -0.76600708392244765
 -0.98706798589555911
 -0.86301208685108277
 -0.48293989111003849
 0.033177953663624922
 0.53994946709703096
 0.95238598048070489
 0.92838136871562715
 0.47893600348116838
 -0.18998693966562338
 -0.77184632306809275
 -0.99999882230188708
 -0.85836209249050632
 -0.47492212768549869
 0.19446848906226558
 0.77474182782419287
 0.99998138620148591
 0.85601021937775568
 0.33057309196900747
 -0.34635271246754379
 -0.77762117540992637
 -0.99994309558021077
 -0.85364049424972288
 -0.32625967769526004
 0.20341932760986636
 0.78048430577675221
 0.99988395123660889
 0.76107601527488455
 0.17349680460094399
 -0.49358918395682855
 -0.9344826169515198
 -0.98503839069289045
 -0.64955995649615195
 -0.016413681660202538
 0.62425433944085562
 0.93609865989502394
 0.98424111581431162
 0.75511982966047653
 0.31327897070961552
 -0.36343022125511892
 -0.8735936030877316
 -0.98342331467676902
 -0.64258870869742002
 -0.15998855098596032
 0.36768087239880365
 0.79177346594786169
 0.99943886783086799
 0.84152583106705137
 0.30459234863209911
 -0.37192385559131702
 -0.87800195033943063
 -0.98172620227317298
 -0.63556385666181725
 0.0018524662134223459
 0.6384198765100676
 0.98242450771086454
 0.87622253538456674
 0.50620086350751381
 -0.0064191446934956159
 -0.51723086013975772
 -0.94388538104184005
 -0.93799426797162899
 -0.62848598639690056
 -0.141931274197549
 0.38460591340230282
 0.88447702880257373
 0.97902702699783795
 0.62492735376650566
 0.13740931956298558
 -0.38881734154671543
 -0.88659855654745923
 -0.97808644142219958
 -0.62135568833296584
 -0.13288449926953011
 0.52890718330563458
 0.88870159436007923
 0.9981460396596723
 0.82640968317723063
 0.42187118343784913
 -0.25232567056790139
 -0.71195336393539066
 -0.99613671377553947
 -0.90076708853249832
 -0.55164861080812788
 0.10605178105953815
 0.71515280292566097
 0.99652735636496814
 0.82123252410635128
 0.4135728135876256
 -0.26115292972931092
 -0.8162025324656873
 -0.99721854071469085
 -0.72124842059896455
 -0.26519862563593694
 0.26555843582412669
 0.72150687115320833
 0.97420460722463287
 0.95246591648562962
 0.66241465481381889
 0.03344009110984917
 -0.48271020548381566
 -0.92997241689742438
 -0.95106475988945738
 -0.65898665758912811
 -0.18126999201027524
 0.34751098647196554
 0.86517861545497698
 0.99992915833028506
 0.76323296473450009
 0.32509202879037347
 -0.35178945268142309
 -0.78125578834147202
 -0.99063997145637572
 -0.85060425588363664
 -0.32076998583533983
 0.35606058235383559
 0.78409822979723109
 0.99977873900851999
 0.75729988143405402
 0.16778020311875363
 -0.49862655892901125
 -0.9365323341203855
 -0.98402198209493885
 -0.64513795681808295
 -0.010612519844126429
 0.5025798571863066
 0.87419394648307691
 0.98319863295447774
 0.75130362478232604
 0.15876935902343889
 -0.50652267418638353
 -0.87640231771474386
 -0.99939673945465424
 -0.84085803344299925
 -0.30341582116580706
 0.22692348795870262
 0.69333775430174116
 0.96443664802979368
 0.96385077902166005
 0.6917451883744351
 0.073246188974974799
 -0.44742250073204154
 -0.84205089924673893
 -0.99947097594890577
 -0.7911789548115935
 -0.22032066295107569
 0.45150194380135911
 0.91641892573554706
 0.96137707243596526
 0.56577382933686404
 -0.089101359923037027
 -0.70314489208791719
 -0.99496471019671173
 -0.9061106297105701
 -0.56200240479872954
 0.093648972674699113
 0.58993588089067583
 0.96910367364021632
 0.95882316854271554
 0.55821925975154996
 0.055017162925071701
 -0.4636834374954496
 -0.92181583720699822
 -0.95751620892136058
 -0.55442447309244725
 0.10273824425630476
 0.59728597179663523
 0.92357640854991629
 0.98969253739172902
 0.77700924197656385
 0.34544005915608184
 -0.33149094609378238
 -0.76759251303591824
 -0.99998684795731974
 -0.86176167500221723
 -0.48077559422967447
 0.035646446504003219
 0.54202677389073506
 0.89571649608114523
 0.99708013317948641
 0.71997650504052346
 0.11293589506784936
 -0.41142381977103759
 -0.81988418229177085
 -0.9973806551759018
 -0.89391193743534891
 -0.53862548430978674
 0.12148540426003865
 0.61231015769750341
 0.97562917563660601
 0.95049632027062791
 0.65760573526850563
 0.027041826074332108
 -0.61591429094295513
 -0.97662105565601998
 -0.94906737002852937
 -0.53090778593700405
 0.13054600469839833
 0.73217568374252728
 0.99827797602498924
 0.80690864231013526
 0.3909896837275314
 -0.13507226835580494
 -0.73527850449167176
 -0.9985354528649969
 -0.80420278370808562
 -0.24133553407346375
 0.43212632130727791
 0.90756163939843948
 0.96709706904209614
 0.58344985888275414
 -0.067569528206502957
 -0.68762445181076515
 -0.9623189105935428
 -0.96592517977336534
 -0.69742736225788915
 -0.081121071009057535
 0.57235982405592067
 0.96355067000154482
 0.964733146222856
 0.69414733525730998
 0.22801809023772057
 -0.30234455038368657
 -0.74753580353931093
 -0.98214392732476352
 -0.94007909346897933
 -0.50749155703303084
 0.0049219077360410637
 0.51594885599497475
 0.94338981799034627
 0.93851224311500481
 0.62964988253721943
 0.1434132182211777
 -0.51985540455118928
 -0.94489469349560051
 -0.93692582017353565
 -0.4996006065460008
 0.16667196174112739
 0.64776454196252897
 0.9846291034754957
 0.93531985772929782
 0.62252813840774579
 0.13436833251938127
 -0.39164344489493441
 -0.80732806228184006
 -0.99558588756232258
 -0.90338411376138905
 -0.42322821055179527
 0.10002008265532036
 0.71090114945891436
 0.9706626890687553
 0.95698557107963933
 0.67372268159183635
 0.20067004565239421
 -0.46934537146098876
 -0.85509928273339597
 -0.9894281587390571
 -0.67034093276055851
 -0.19619413942258937
 0.47337294548867787
 0.85745804000306258
 0.98875556026373002
 0.77296386191977384
 0.33942587214412534
 -0.33752338274773352
 -0.85979891506325046
 -0.98806234138110383
 -0.66353556621801379
 -0.187230145560146
 0.4813983933060807
 0.86212185909528127
 0.99998295210296995
 0.76713698908029604
 0.18274224487078436
 -0.34610665174172517
 -0.86442682365432499
 -0.98661410065177779
 -0.76419952433889138
 -0.17825053310852398
 0.35038750391824242
 0.78032030606800395
 0.99043448389922084
 0.92154022886593456
 0.59304526398535662
 -0.055726485204822873
 -0.6789609728205056
 -0.9910542876521572
 -0.91975744586342767
 -0.58936210966894675
 0.060285513420233333
 0.68230665119091249
