# Created by Octave 8.4.0, Thu Dec 11 09:16:06 2025 IST <gamana@Samsung>
# name: iq
# type: matrix
# rows: 2048
# columns: 1
 0.99706007033948296
 0.8958330830115131
 0.54224716769547932
 -0.11721173552297842
 -0.60890133064396568
 -0.97467563508643473
 -0.95182505386520067
 -0.53840448048633571
 0.12174574039319934
 0.61251750219373202
 0.9756866937503218
 0.95041478686084535
 0.5345505649007124
 0.026779638075654512
 -0.48853519495787168
 -0.93240144544834269
 -0.98602164326815445
 -0.65396009222976592
 -0.022214290997900961
 0.49251475324559779
 0.86850088041626661
 0.985250469487432
 0.75891061748844191
 0.17021463217652491
 -0.49648404018293579
 -0.93566355795921996
 -0.94606518067421075
 -0.5229222527763302
 -0.013082302230897626
 0.62685369828083859
 0.93726536135324057
 0.94457581101048138
 0.5190242297318719
 -0.14437579056859726
 -0.74161405106639489
 -0.98043636236127607
 -0.94306674230411036
 -0.51511538248430411
 -0.0039492221486906965
 0.50832944618280662
 0.94041029539182541
 0.98196046852828767
 0.63651683455885644
 -0.00061748905173052778
 -0.63746884165893469
 -0.94195336044907441
 -0.93998963405957092
 -0.6329880670983572
 -0.14767181956608888
 0.37924403260955986
 0.79932567724122838
 0.99894370498287544
 0.834726723741544
 0.43536466339879998
 -0.086640958364850085
 -0.58423955633417979
 -0.91725607877992499
 -0.96079785708328713
 -0.5640436772560169
 0.091189587921087126
 0.5879397169116356
 0.91906542379149492
 0.95952171996815627
 0.68025173333747047
 0.057483207986331115
 -0.59162761605977232
 -0.92085560177722303
 -0.99067573919877039
 -0.67689734269446189
 -0.052923454120163547
 0.5953031768677769
 0.92262657540312143
 0.95690944055429616
 0.67352883541892117
 0.20041309089354509
 -0.3291596362235587
 -0.85523523768182264
 -0.99997112992048121
 -0.86301208685108277
 -0.34347161125692577
 0.3334684266427943
 0.76893472152711884
 0.98778974619014315
 0.92838136871562715
 0.47893600348116838
 -0.037741799180791728
 -0.66563312401798547
 -0.95376841510680677
 -0.92667456830169237
 -0.60381116136497703
 -0.1108522977199087
 0.54761443469753268
 0.95513095897934219
 0.97216437610049722
 0.71533610577853302
 0.2569954597374593
 -0.4174880367582457
 -0.90065314739641111
 -0.97108426039629825
 -0.71213752157466126
 -0.25257945801771692
 0.42163336854287486
 0.90262816634349929
 0.99574948813708342
 0.70892408580754163
 0.097226591704109466
 -0.42576990720195163
 -0.82882571694540641
 -0.99531849785788795
 -0.80566836007221854
 -0.24373174421850885
 0.429897566468319
 0.83137217755029091
 0.99486675030193172
 0.70245292795551217
 0.088132491563609597
 -0.43401626026004414
 -0.90844011502318567
 -0.96656151042960048
 -0.58174569153089484
 -0.083582637076471816
 0.43812590268212964
 0.83641303144195311
 0.99908004304739784
 0.8803031412508725
 0.51354214370764828
 -0.15070692720004675
 -0.74589292680788943
 -0.99926546539418393
 -0.87812746374023176
 -0.5096182613695085
 0.002451968787792662
 0.63888119294273482
 0.98253623478184693
 0.93936212190982626
 0.5056837509888833
 -0.0070186351243288854
 -0.5177438501891326
 -0.88261903416678134
 -0.99885772825792152
 -0.83371513570537759
 -0.29094148332762448
 0.38515923490199494
 0.88475658864781193
 0.99862910069091138
 0.73646992327589755
 0.28656929572213435
 -0.38936960356123135
 -0.88687569161064339
 -0.97796144940880547
 -0.62088584817830406
 0.020717374963544161
 0.52941587506541732
 0.94851151593640592
 0.93294154673311502
 0.61729952884911965
 0.12776233975286863
 -0.39776589243916055
 -0.81124225234633263
 -0.99781828131895878
 -0.72713334434054777
 -0.27341723999365541
 0.40195163755402535
 0.81390399247921841
 0.99750638142641856
 0.72399073590500151
 0.26902169520804903
 -0.26173158241395567
 -0.71875427025180472
 -0.99694422685007722
 -0.89649744755550087
 -0.54350458674249169
 0.11572466422679378
 0.72192184238340473
 0.99729056693318985
 0.89446482546867812
 0.53966559836386452
 -0.12025948096078005
 -0.61133329545709125
 -0.9753574455450581
 -0.95087934728715373
 -0.65853561950740669
 -0.028276331692887669
 0.48722822131491544
 0.86547908951437158
 0.98627000753600025
 0.76284547406125769
 0.17618695705555892
 -0.49121112914774684
 -0.86775773336314854
 -0.99985432172435307
 -0.7598847751608806
 -0.1716898524875731
 0.35662073253939414
 0.8700182802033074
 0.98472058781311855
 0.64816408847853257
 0.01457942004615246
 -0.62568642452632262
 -0.97922473141210453
 -0.94506629297245326
 -0.64467978024642647
 -0.010013047761816983
 0.50309805648286454
 0.87448489466216361
 0.98308902348526839
 0.75090784312405601
 0.30719361949593094
 -0.36938623316022245
 -0.87669086913002936
 -0.98224247935955056
 -0.63767090251296954
 -0.15366656742847584
 0.51097035211053232
 0.94144960872359518
 0.98137545065624499
 0.74484481718296036
 0.14915249931032143
 -0.51489055655288429
 -0.94297947361517021
 -0.98048795545716472
 -0.74178997201371843
 -0.29412747756966146
 0.38208240309828206
 0.88319891056935484
 0.97958001227093605
 0.73871965688208541
 0.14011512559396239
 -0.5226986699188424
 -0.94598017464972417
 -0.93575608369329677
 -0.6234941541662522
 0.017386237901099992
 0.65029919933927494
 0.94745094821337439
 0.97770285810336988
 0.73253287317743021
 0.13106606358576089
 -0.53046318017922212
 -0.9489019627736488
 -0.93249620882864648
 -0.48876403164850379
 0.02651744823474227
 0.53432888159210612
 0.95033318806978884
 0.97574414474424187
 0.61272480455341882
 -0.031082271478345323
 -0.53818343962477888
 -0.89367668162933689
 -0.97473425416316417
 -0.72313828409462411
 -0.26783204073746153
 0.40725723252969975
 0.81726105969626939
 0.99708013317948641
 0.71997650504052346
 0.11293589506784936
 -0.41142381977103759
 -0.8977376304468816
 -0.99672101181221351
 -0.71679971094190253
 -0.10839722832228103
 0.41558182680600181
 0.89974004257597251
 0.99634110391888031
 0.71360796805049342
 0.25460768126343408
 -0.41973116691975981
 -0.82507907730420516
 -0.9979996801885721
 -0.80959767290581042
 -0.25018881911059687
 0.28050266265589391
 0.82765074138205874
 0.99827797602498924
 0.88768724200696714
 0.52703228840410865
 0.017910722171062571
 -0.62308394802830314
 -0.97854369340411895
 -0.94615012161663581
 -0.52314579966074126
 0.13959571509328172
 0.73836599107446921
 0.97947441103636879
 0.88344480975007722
 0.38256711674833077
 -0.29362607469684976
 -0.74143807910168669
 -0.98038470181884685
 -0.94315394611726344
 -0.64023383010566237
 -0.0042115029521947612
 0.6337407907534014
 0.98127454676752734
 0.87912868123273025
 0.51142119782764928
 -0.00035520609580435376
 -0.63726673695191594
 -0.94186526817621741
 -0.98113746362030607
 -0.63319109472817048
 0.0049219077360410637
 0.64077939301056042
 0.94338981799034627
 0.98024443682979456
 0.62964988253721943
 0.1434132182211777
 -0.51985540455118928
 -0.88377743994263036
 -0.99873665898641506
 -0.83234869697174474
 -0.28857749010972156
 0.38743745727073825
 0.88590502024865936
 0.97839707357332473
 0.62252813840774579
 -0.018621015841164639
 -0.52763589580741488
 -0.94784529645431592
 -0.93369438927448234
 -0.61894775499252752
 0.023186735500072695
 0.65469565491376036
 0.94929096237321153
 0.9320494487080756
 0.61535446347816414
 -0.027751971601748842
 -0.53537237209859767
 -0.89217673280036824
 -0.97547304664155143
 -0.61174833880240098
 0.032316628938552507
 0.6615721536763477
 0.95212287234456894
 0.9287012888662467
 0.47969234506656072
 -0.036880612315026831
 -0.54306418805411272
 -0.95350905733780555
 -0.97342194446667962
 -0.7191188832853358
 -0.11170873212366551
 0.54689314774489595
 0.95487535698635206
 0.92527565750465257
 0.4716584301397076
 -0.046006176477052733
 -0.55071070202879191
 -0.95622174279616212
 -0.9712896402106419
 -0.5971970165752265
 -0.10262792226900343
 0.55451677129107713
 0.95754818668849029
 0.97019309262396569
 0.59352785947128683
 0.098084259541188476
 -0.42498997723381116
 -0.90421665002543428
 -0.99540141935684101
 -0.70630619225598545
 -0.093538551275031995
 0.42911931872736814
 0.83089296006415125
