# Created by Octave 8.4.0, Thu Dec 11 09:16:06 2025 IST <gamana@Samsung>
# name: iq
# type: matrix
# rows: 2048
# columns: 1
 0.99706007033948296
 0.81741217677477895
 0.2631763561998442
 -0.26757933088703667
 -0.82003431881388944
 -0.99669975492155383
 -0.71661680183738552
 -0.25876789299367536
 0.41582037352034329
 0.82263935911185238
 0.9977183133033527
 0.81211680656676566
 0.25435403320662997
 -0.27636844752632383
 -0.82522724334078956
 -0.99801622712169602
 -0.80944368883232731
 -0.24993486888935224
 0.28075440618218883
 0.73235430365016874
 0.9982933274023793
 0.80675369022336518
 0.24551049220311386
 -0.28513450973044718
 -0.83035132807013867
 -0.99505071406714374
 -0.7037574015908532
 -0.24108099541788655
 0.28950866682443271
 0.73854284938133441
 0.97952724534565039
 0.94457581101048138
 0.5190242297318719
 -0.14437579056859726
 -0.63040525104876677
 -0.9388476181633828
 -0.94306674230411036
 -0.64003232751865924
 -0.0039492221486906965
 0.50832944618280662
 0.94041029539182541
 0.94153800602658821
 0.51119579255227765
 -0.15340739435657474
 -0.63746884165893469
 -0.94195336044907441
 -0.93998963405957092
 -0.50726554167848714
 0.15791844437680813
 0.75073460377554946
 0.99951855157608782
 0.87461208566586512
 0.50332471182795113
 -0.16242620102223765
 -0.75374355922055913
 -0.99964981960557098
 -0.78745579190865311
 -0.21440167295751505
 0.31562363430071849
 0.84773739218477961
 0.99976024002897124
 0.78463279521646101
 0.20993892776505721
 -0.31995361916473464
 -0.85015080695475087
 -0.99984981054348077
 -0.78179343507867682
 -0.35259602275589552
 0.17592877097638684
 0.76267586066973059
 0.98622665999936832
 0.93195438336710679
 0.48745724964467341
 -0.1804224147503094
 -0.76562156587699015
 -0.98697170672481427
 -0.93028888966230661
 -0.48346476204753758
 0.032578773816362379
 0.539444769141321
 0.89434751792973222
 0.9743987219147211
 0.60792122508734092
 0.11598518103835469
 -0.40862424436305445
 -0.81812296642813798
 -0.99715393876895353
 -0.89528358719251666
 -0.40636866435859498
 0.11843811123967478
 0.72380978565701937
 0.99748783614430614
 0.81405635073808913
 0.40219178600183031
 -0.27316494175828576
 -0.72695326304485031
 -0.99780093100154443
 -0.81139558397687261
 -0.25315947834227942
 0.27755511442268971
 0.73008157988849232
 0.99809321681110275
 0.88909638161822035
 0.52963836788862773
 -0.1320303058023965
 -0.6206802229306233
 -0.9779066548749713
 -0.88699683797548301
 -0.38961117419928509
 0.13655565629267968
 0.62425433944085562
 0.93609865989502394
 0.98424111581431162
 0.64608106957776812
 0.164494764015997
 -0.50151179753412556
 -0.9376951805861069
 -0.98342331467676902
 -0.75211808378384382
 -0.30893888111699319
 0.36768087239880365
 0.79177346594786169
 0.99282104490079037
 0.9141878894328731
 0.57802520069364793
 0.079031039481038554
 -0.44222640802835655
 -0.91222008763525775
 -0.96417909475583619
 -0.69263648984203974
 -0.074477793700477926
 0.57781115293558072
 0.96531192032584046
 0.91044811152414251
 0.57054813287203821
 0.069922994692288284
 -0.58153233821740702
 -0.96649421867844976
 -0.90854972200353745
 -0.43425253739356928
 0.087871226153273418
 0.5852413956952025
 0.96765636088201856
 0.90663238476110664
 0.4301343611309012
 -0.092419350775549594
 -0.70551000982053125
 -0.9687983227001733
 -0.90469613978273211
 -0.42600721445523398
 0.24790410159298104
 0.70873907722246843
 0.96992008031741128
 0.95787162097705481
 0.55545184092149236
 -0.10150972301813228
 -0.59629502905811249
 -0.97102161033957579
 -0.95655008992160562
 -0.67261547438327629
 -0.047129026907081685
 0.59995480435262905
 0.97210288979435833
 0.89877436420064549
 0.4135728135876256
 -0.26115292972931092
 -0.8162025324656873
 -0.99721854071469085
 -0.72124842059896455
 -0.26519862563593694
 0.26555843582412669
 0.81883250830413812
 0.99686777156496353
 0.81598685847420904
 0.40523994382358991
 -0.11966430631801073
 -0.6108587542280044
 -0.97522500136899581
 -0.95106475988945738
 -0.65898665758912811
 -0.028875590832584942
 0.6144680261825699
 0.93164157445709228
 0.98636883283935706
 0.76323296473450009
 0.32509202879037347
 -0.20462832907820289
 -0.78125578834147202
 -0.99063997145637572
 -0.85060425588363664
 -0.46172630843791007
 0.20909626830340569
 0.68005946213323143
 0.99125300021650498
 0.9191687592134139
 0.58815185864004971
 0.091450774980200711
 -0.56382707900378393
 -0.90704235677475153
 -0.9674105193813286
 -0.58445240019361921
 0.066337321269096597
 0.56759280932219036
 0.90895566155885299
 0.99426291516930421
 0.79948325508046658
 0.37948670914245436
 -0.29680932037190372
 -0.74366963050838819
 -0.99913224238819642
 -0.87971658210087067
 -0.51248206157902254
 -0.00087977196516395852
 0.51097035211053232
 0.87887856028953637
 0.99920398154940382
 0.74484481718296036
 0.14915249931032143
 -0.37785819723066766
 -0.79842508030580706
 -0.99407316861236728
 -0.90968779540689537
 -0.43671209054113685
 0.08514923093521945
 0.58302375281096053
 0.96696348238648455
 0.96121189540502372
 0.68468396839564494
 0.21527846681165561
 -0.4561055667485257
 -0.84726086568929992
 -0.99974017928601222
 -0.78518905320560317
 -0.35770425901355962
 0.17054692241431579
 0.75913017088655255
 0.98530811818671238
 0.9339217455717761
 0.61944675186580489
 0.13047170763585367
 -0.39525761693508338
 -0.80964165812629452
 -0.99799493988328547
 -0.72900630000091904
 -0.12594267756543712
 0.39944833561707799
 0.81231352710963023
 0.99634750575784725
 0.8224475807887246
 0.27165220072888396
 -0.25909361335349135
 -0.71685196162958531
 -0.99672707261570836
 -0.8977046154509839
 -0.41135551681729121
 0.26350167441270839
 0.72002850987141109
 0.99708585282110707
 0.81721787306131521
 0.40718878950252729
 -0.26790424016846759
 -0.72319004198412096
 -0.99742383889171715
 -0.8145774273355405
 -0.25844214320731507
 0.27230121880568781
 0.82283104388607065
 0.99774102377887197
 0.89158429610588674
 0.5342655367518574
 0.026442536515764517
 -0.48882940738508918
 -0.86639660744903924
 -0.99989722500485212
 -0.85172372649409922
 -0.46361704105805235
 0.20701020294663866
 0.67849428688606228
 0.99096927757341313
 0.84932193198522976
 0.45956594254873184
 -0.21147582959131025
 -0.7856065269148238
 -0.9997245785693325
 -0.75570808304221859
 -0.16538022551828968
 0.36259370507354283
 0.78842387647310075
 0.99960698059496689
 0.84446525583110477
 0.30979259712026835
 -0.22039375891483476
 -0.79122478352314818
 -0.99946853590792306
 -0.74969507541622005
 -0.3054473240688339
 0.37109035081734881
 0.87757187876108522
 0.99930924739545157
 0.83953813505979158
 0.44326655429247164
 -0.22929330316701357
 -0.79677703679194523
 -0.9991291183794988
 -0.83704828615673299
 -0.29673775849055872
 0.37955604050049663
 0.79952826721899239
 0.9942709280307731
 0.90892441789562195
 0.43506105404562229
 -0.23817371995497297
 -0.80226282355669942
 -0.99870635429799859
 -0.73748195008814421
 -0.13829850545761893
 0.52426171766965646
 0.94657336656161561
 0.97827295958773519
 0.73439005846064775
 0.13377424106472693
 -0.39219498831718441
 -0.80768168619747682
 -0.99564197502935825
 -0.90312686476827797
 -0.42268497007417344
 0.25145686109895288
 0.81036587949062577
 0.99605747492512753
 0.90115662367122262
 0.55239718669227666
 0.048025767413371868
 -0.46987465789359312
 -0.85540995045046719
 -0.98934103856410838
 -0.66989594845132772
 -0.043463830529603772
 0.60288605549076435
 0.92623792677698591
 0.98866573230137467
 0.77258336771307723
 0.19112572350826018
 -0.33808764542683351
 -0.86010488691058218
 -0.98796980750470442
 -0.66308693126258755
 -0.18664120956076188
 0.48192377313858803
 0.92964200032564304
 0.98725327868753709
 0.76675227945330937
 0.33025481062593198
 -0.19927645160890187
 -0.672670926025842
 -0.95657193676094487
 -0.92307337556835656
 -0.59623486975544926
 -0.10143517182540703
 0.42193912522092825
 0.90277326207257647
 0.96990183591888457
 0.70868620867103405
 0.24783150212176325
 -0.42607501114555518
 -0.90472806512921378
 -0.99528584909253059
 -0.80546855573193599
