# Created by Octave 8.4.0, Thu Dec 11 09:16:06 2025 IST <gamana@Samsung>
# name: iq
# type: matrix
# rows: 2048
# columns: 1
 0.99706007033948296
 0.8958330830115131
 0.40749676511192734
 -0.26757933088703667
 -0.82003431881388944
 -0.99669975492155383
 -0.71661680183738552
 -0.10813648706951674
 0.41582037352034329
 0.89985447880301794
 0.97152058492562143
 0.71342420240216764
 0.25435403320662997
 -0.41996921323270014
 -0.82522724334078956
 -0.99801622712169602
 -0.80944368883232731
 -0.24993486888935224
 0.28075440618218883
 0.73235430365016874
 0.97764774684509548
 0.88756644408310237
 0.52680937032475517
 -0.13533214306748165
 -0.73545624545231092
 -0.99854960836650131
 -0.88545340033792985
 -0.38654055032865986
 0.28950866682443271
 0.73854284938133441
 0.97952724534565039
 0.88332189054261379
 0.3823247730738224
 -0.29387678624149521
 -0.83540614555488213
 -0.99899969140049327
 -0.88117195914959878
 -0.51511538248430411
 -0.0039492221486906965
 0.50832944618280662
 0.8774101499200383
 0.98196046852828767
 0.74688936492934765
 0.15218691789985109
 -0.51225682209534928
 -0.94195336044907441
 -0.98108672759545423
 -0.74384495350793745
 -0.29705977382799137
 0.37924403260955986
 0.88175517967331396
 0.98019252618813468
 0.74078502926765999
 0.29269611680139745
 -0.23784618978820501
 -0.70138649497904204
 -0.9673440726117527
 -0.96079785708328713
 -0.5640436772560169
 0.091189587921087126
 0.70463424304951916
 0.995172673015283
 0.82966251550724124
 0.42712419847488775
 -0.24670748503358705
 -0.80748280845543519
 -0.99822044475942118
 -0.82710443109173448
 -0.42299056154802456
 0.25113046123705945
 0.71108558651626785
 0.97072572039354965
 0.90130275558293516
 0.55267825629644496
 -0.10482368684166825
 -0.71428904737035315
 -0.99642376475119299
 -0.82193656840597684
 -0.27078809389396219
 0.40445193887085795
 0.89434751792973222
 0.9743987219147211
 0.60792122508734092
 -0.037142715594454159
 -0.66518560712459007
 -0.98840003545151311
 -0.9268997341204479
 -0.47544962248554806
 0.041705882764596969
 0.5471127128822183
 0.95495322397815896
 0.9723046650902295
 0.71575489892035005
 0.10690866857780772
 -0.55092960969335636
 -0.90039247786769683
 -0.9962120225343184
 -0.71255826934013666
 -0.25315947834227942
 0.42108968274909531
 0.82592413058045877
 0.99809321681110275
 0.88909638161822035
 0.39381295355228096
 -0.28193949870042923
 -0.82849014143618427
 -0.99537626063437679
 -0.70612049614130767
 -0.093277415011185888
 0.42935621049938855
 0.8310388742053465
 0.99861533733890595
 0.80331197793003184
 0.23988225937810825
 -0.29069053647477588
 -0.8335702757343435
 -0.99884516116837307
 -0.80058386130778225
 -0.38118332737363553
 0.14559771938948285
 0.63136344189249582
 0.93927214572946993
 0.94265526511560149
 0.63908294668798704
 0.0027142508996653475
 -0.509392575397842
 -0.87800195033943063
 -0.99927548207434191
 -0.74606759889611551
 -0.15096620933205945
 0.51331707035921126
 0.9423672782316922
 0.9808469264002444
 0.63203151200921293
 0.14645026886832396
 -0.38038646433654111
 -0.80006716347485207
 -0.99436648797780181
 -0.83404602882728585
 -0.29151500094968152
 0.23904554590989419
 0.70226622907149605
 0.99484017471709107
 0.90663238476110664
 0.4301343611309012
 -0.092419350775549594
 -0.70551000982053125
 -0.99529311415500421
 -0.82897243756720596
 -0.42600721445523398
 0.096965548000683841
 0.70873907722246843
 0.99572529684553057
 0.82640968317723063
 0.42187118343784913
 -0.25232567056790139
 -0.71195336393539066
 -0.99613671377553947
 -0.82382969408846374
 -0.41772635433529737
 0.25674197731389409
 0.81355553479764497
 0.99754851296243552
 0.7244041494288006
 0.11929378837014401
 -0.54048423505083965
 -0.89489933155118495
 -0.99721854071469085
 -0.81861822739462087
 -0.26519862563593694
 0.26555843582412669
 0.81883250830413812
 0.99686777156496353
 0.7180776501989149
 0.26079267102047637
 -0.41391256458337461
 -0.8214454074650902
 -0.99649621282851231
 -0.71489190435477024
 -0.25638127759757734
 0.27435274166173773
 0.72780075185382342
 0.99788202688277594
 0.89061644973602283
 0.39687326926709543
 -0.27874135800008448
 -0.73092495761217069
 -0.97720475411549423
 -0.88853042950170691
 -0.39267747318977064
 0.13325437159471662
 0.73403391999699508
 0.97816407143006301
 0.94674240283801925
 0.52470834344777251
 -0.1377789612471641
 -0.62521865425110601
 -0.97910298922187333
 -0.9452620882248215
 -0.64513795681808295
 -0.16327648362920538
 0.36458047594628912
 0.87419394648307691
 0.98319863295447774
 0.64164196467474266
 0.0060459607215172474
 -0.50652267418638353
 -0.93969524074499333
 -0.94224235021670077
 -0.51299676227404978
 0.15133511286020959
 0.63585193404755169
 0.94124731455764654
 0.94070298979814415
 0.63460990942125484
 -0.0030874405497794671
 -0.63936993766176997
 -0.94277975874313913
 -0.93914401110428003
 -0.63107399296399125
 0.0076540922221998405
 0.64287460727410239
 0.94429254134249685
 0.93756544664745745
 0.50118889593157823
 -0.16486286014802159
 -0.64636586979493948
 -0.98430703928709395
 -0.93596732934851423
 -0.62396275109292332
 0.01678682145707245
 0.64984365241436226
 0.94725899599774077
 0.9343496925360214
 0.49326458698302622
 -0.17386432407647334
 -0.65330788260348704
 -0.94871260618848463
 -0.93271256994566776
 -0.61679945874750275
 -0.12713204761900493
 0.53382203888218283
 0.89134662124414976
 0.99777612566283158
 0.72669694689027298
 0.12260107148084838
 -0.40253343524152485
 -0.89340751673744401
 -0.99746133057868402
 -0.82052722728675664
 -0.26840959403777453
 0.40670962430749003
 0.89544978029820765
 0.97384043762212691
 0.72039243045416079
 0.11353154324839104
 -0.54535639547925485
 -0.95432889684410671
 -0.92596991072697832
 -0.47327524771594232
 0.04417356037004868
 0.54917854097095864
 0.95568328557184301
 0.97172442901384048
 0.5986674390711636
 0.10445254430529899
 -0.55298923339415484
 -0.95701774361155723
 -0.92248257337838213
 -0.59500327583703394
 -0.099909729963979996
 0.55678839327715213
 0.95833224313326493
 0.92071002898629983
 0.46116253536003488
 -0.20971765313373433
 -0.78449247009414003
 -0.99133666698627432
 -0.91891828327028968
 -0.58763779982569675
 -0.090817945239804979
 0.43158560315847505
 0.90730973328252928
 0.99467573224387973
 0.801838525669477
 0.38312094629479049
 -0.14352297910378442
 -0.74103566595754
 -0.98026636732946337
 -0.94335302547137367
 -0.64069424203842407
 -0.15754992491049469
 0.3699766894433123
 0.79327973525618889
 0.99935308682759982
 0.74746213130601957
 0.15303860991380491
 -0.37421548846650315
 -0.79605193561595178
 -0.99917842920929267
 -0.7444206544429014
 -0.29788254835190803
 0.23256998554265645
 0.69750684096234183
 0.9941420522542519
 0.90942370387819937
 0.43614032895789234
 -0.085782380000612515
 -0.58353992932414578
 -0.91691249019940346
 -0.99198798940806454
 -0.68422067110503881
 -0.062901866674132029
 0.58724239511115484
 0.91872544800423994
 0.95976407268862951
 0.68088315202612171
 0.21019535842160308
 -0.46072894167289669
 -0.9205192458734156
 -0.95847169900927442
 -0.55719418098604745
 -0.053784013588269716
 0.59461050906572643
 0.92229384639741663
 0.99016417751102426
 0.67416558449940411
 0.2012573189494406
 -0.32834575082576262
 -0.85478830768936565
 -0.98951492330857693
 -0.67078567614586326
 -0.044661673882949809
 0.60192902108653212
 0.97267926417313699
 0.95447475482355715
 0.54576587340178506
 -0.11304609304756041
 -0.72005347075400716
 -0.9737292963478219
 -0.89566717792756623
 -0.54193356757805911
 -0.035535608536464744
 0.48087284045658313
 0.86181793492797221
 0.98744339955086657
 0.66056229944760725
 0.18333162083533702
 -0.48487186958946865
 -0.93087760757590121
 -0.95029866377066841
 -0.65712686023311162
 -0.17884040403822998
 0.34982594267411621
 0.86641456886100343
 0.98595939449961034
 0.76163474164534373
 0.1743454575407879
 -0.49283950879051719
 -0.86868580620358304
 -0.98518654098922476
 -0.6502149407729344
 -0.0172753463236128
 0.62358086149604175
 0.97867442854773012
 0.94594420966769466
 0.64673860467470456
