# Created by Octave 8.4.0, Thu Dec 11 09:16:06 2025 IST <gamana@Samsung>
# name: iq
# type: matrix
# rows: 2048
# columns: 1
 0.99706007033948296
 0.81741217677477895
 0.40749676511192734
 -0.26757933088703667
 -0.72295709950342013
 -0.99739959216031482
 -0.89379434027545168
 -0.53840448048633571
 0.12174574039319934
 0.61251750219373202
 0.9756866937503218
 0.95041478686084535
 0.65740811854692949
 0.026779638075654512
 -0.48853519495787168
 -0.93240144544834269
 -0.94898469904253735
 -0.53068550131166847
 -0.022214290997900961
 0.61971144815431445
 0.97764774684509548
 0.88756644408310237
 0.39074826631547099
 -0.28513450973044718
 -0.83035132807013867
 -0.99505071406714374
 -0.80404686683955928
 -0.24108099541788655
 0.28950866682443271
 0.83288742170822871
 0.99878506466934591
 0.88332189054261379
 0.3823247730738224
 -0.14437579056859726
 -0.74161405106639489
 -0.99899969140049327
 -0.79858297189933158
 -0.23220701116232156
 0.44058031145546378
 0.83790744708233544
 0.99919348408392272
 0.87900365099550504
 0.51119579255227765
 -0.15340739435657474
 -0.63746884165893469
 -0.98219323712585571
 -0.93998963405957092
 -0.6329880670983572
 0.0051841873744737305
 0.51617351493844721
 0.88175517967331396
 0.98019252618813468
 0.62944609872927793
 0.14315364154996899
 -0.52007944302982734
 -0.8839001337219804
 -0.99872344485238629
 -0.83220329738643806
 -0.28832635562389775
 0.24227936376794221
 0.70463424304951916
 0.96849149417710867
 0.9052216213146459
 0.56026686158099936
 0.057483207986331115
 -0.46149364166221007
 -0.85046631654676685
 -0.99067573919877039
 -0.78141948139773487
 -0.3520349582153795
 0.32484398121003566
 0.85285967026973009
 0.99992600201619608
 0.77856168107880996
 0.20041309089354509
 -0.46957695504264702
 -0.92437830773569063
 -0.95557335273441868
 -0.67014628176077173
 -0.19593694714062365
 0.3334684266427943
 0.76893472152711884
 0.98778974619014315
 0.86069606453987113
 0.47893600348116838
 -0.18998693966562338
 -0.77184632306809275
 -0.99999882230188708
 -0.76989109921219223
 -0.18697249432793983
 0.48162826828313782
 0.92951769366217263
 0.9514456324359305
 0.53736337067249562
 -0.1229714388149704
 -0.61349323202917039
 -0.9759566197678079
 -0.89117738323677409
 -0.53350643239463069
 -0.025545082696878618
 0.4896123951713961
 0.86684455914106351
 0.99988395123660889
 0.8512529665268137
 0.32193945930560336
 -0.20788843009190797
 -0.78333115921436058
 -0.99980395440413061
 -0.84884768600070171
 -0.458768420102943
 0.21235319707962388
 0.68249837391928281
 0.96038166485395848
 0.96772249425417678
 0.58545405011465856
 0.088132491563609597
 -0.56657560757064096
 -0.96164433703970265
 -0.96656151042960048
 -0.58174569153089484
 -0.083582637076471816
 0.43812590268212964
 0.9103395938539478
 0.99390102147704307
 0.6959231720412592
 0.23042228230537098
 -0.29998927131410252
 -0.74589292680788943
 -0.9816762563472855
 -0.9409183725946465
 -0.5096182613695085
 0.15521990264824989
 0.63888119294273482
 0.94256769103511717
 0.93936212190982626
 0.63156681724073349
 -0.0070186351243288854
 -0.6423877224089799
 -0.98337572251258365
 -0.93778628091338123
 -0.62801956676063164
 0.011585155087853634
 0.52164543106267169
 0.88475658864781193
 0.99862910069091138
 0.83118473117740399
 0.42959307273497971
 -0.24405878165923398
 -0.80586807279352213
 -0.99837964680481783
 -0.73337300308974884
 -0.13229028813657909
 0.52941587506541732
 0.94851151593640592
 0.97699778963959916
 0.61729952884911965
 0.12776233975286863
 -0.39776589243916055
 -0.81124225234633263
 -0.99618918079676655
 -0.82348972479342486
 -0.41718158624638879
 0.106647885100269
 0.60043432000801411
 0.92507656477813749
 0.98912190302467629
 0.77452856646619817
 0.19413769499189698
 -0.47521886452547285
 -0.92680126506087157
 -0.98843983512506073
 -0.77163187100420239
 -0.18965584981998099
 0.33949636032895242
 0.86086770125102496
 0.98773715340256729
 0.76871908322971561
 0.33315048880552711
 -0.1962676204535162
 -0.77590042571686879
 -0.99996851064241199
 -0.85506042765754497
 -0.46927919879232782
 0.20074345876300026
 0.67377805770053945
 0.99009064908208233
 0.92249645868675645
 0.59503218556979909
 0.099945520160762913
 -0.55675851408126154
 -0.90341624705829937
 -0.99557885146941183
 -0.70762906128587488
 -0.095400638252584768
 0.42742908702497839
 0.82985072709325425
 0.99850087127598641
 0.80458031858614487
 0.24195217599768648
 -0.28864923917442065
 -0.73793727806691978
 -0.99874042183395029
 -0.88374237340992023
 -0.38315417169083399
 0.1434873811730655
 0.62970809852713572
 0.9802592560561354
 0.94336495945166887
 0.51588466120556886
 -0.14800533499711871
 -0.6332490946224425
 -0.94010464142229133
 -0.94184008705436228
 -0.51196717669537917
 -0.00028026810314381957
 0.51148559287361273
 0.87916439304993654
 0.99917988634155619
 0.74444467168266415
 0.29791688543962525
 -0.37841318812873614
 -0.7987858946523142
 -0.99413816389891141
 -0.83522075023473963
 -0.43617269752579141
 0.085746542296763081
 0.70074630799898874
 0.99462153661748143
 0.9075301689701889
 0.56478476833245372
 -0.090295534556014037
 -0.58721328002020379
 -0.91871124287477057
 -0.95977417278507782
 -0.56101025891130574
 -0.058379457433449272
 0.46069701631730781
 0.9205051918057886
 0.99079765119439822
 0.78197937237721382
 0.20576368457975322
 -0.46474542610855263
 -0.92227994368472832
 -0.99016920947851395
 -0.67419215097034724
 -0.20129255304917421
 0.32831177465123523
 0.76542966813970337
 0.99996390521556577
 0.86346527092844227
 0.48372582062468594
 -0.03228067746727812
 -0.53919360967645114
 -0.89421404774089186
 -0.97446573392032032
 -0.60815801031463523
 0.036844666524188871
 0.54303398381073864
 0.95349821657310452
 0.97343018170617923
 0.60452654479767098
 0.11174447715168292
 -0.54686303302069939
 -0.95486467296243449
 -0.97237432869411289
 -0.60088247193461142
 -0.10720520770894533
 0.41667209244439368
 0.90026267422724404
 0.99623791357870883
 0.8115698761194744
 0.25344800457390221
 -0.42081914267924664
 -0.90224138893712413
 -0.9958317729581404
 -0.70955697453770561
 -0.098120056271630993
 0.55828143375058858
 0.90420128748488515
 0.99540486435650744
 0.70633165536328146
 0.093574363747004757
 -0.42908682841071355
 -0.83087294452468408
 -0.99495719667694738
 -0.80348956942675309
 -0.38567646528425986
 0.14078288242199291
 0.739174071362661
 0.99883078709797413
 0.88288239738496355
 0.51822332755886968
 0.007579156399447378
 -0.50520008637124525
 -0.93916975144443327
 -0.98264038014960697
 -0.74929819892961036
 -0.15577362071694617
 0.37164698154682685
 0.8778591502797668
 0.99928678894029288
 0.83921227324648817
 0.44272908539363282
 -0.078472244150840392
 -0.69552053257264068
 -0.96523400365410972
 -0.96303809447365774
 -0.57079305217832044
 -0.070220514796892591
 0.45013335704629115
 0.84368328115624369
 0.99233390222225293
 0.78932008124946829
 0.21736070412927222
 -0.45420655489758949
 -0.91762877196428794
 -0.9605377287425112
 -0.68290795537107607
 -0.21290091574306116
 0.45827028031251482
 0.84855123219946904
 0.99979269853747577
 0.78367946803068511
 0.20843668732758511
 -0.46232444854239274
 -0.92122043032456113
 -0.9579572357211904
 -0.55569982829719711
 0.10121300589464162
 0.59605557517882457
 0.92298746017821198
 0.95663700848568967
 0.55189735231150727
 -0.10575520508773301
 -0.71494430161629696
 -0.97203288982183245
 -0.95529683067236215
 -0.54808336655674661
 0.11029519876566761
 0.71812980225496226
 0.97309522087936695
 0.95393673023051972
 0.54425795057319359
 0.038301930067534518
 -0.47844386165224989
 -0.92817291142478686
 -0.98787691854701487
 -0.6626380579904444
 -0.033738176038133443
 0.61062258817443182
 0.97515897982580757
 0.95115687533519111
 0.65921096082010155
 0.029173718402167544
 -0.61423269444159323
 -0.97616036467522127
 -0.89075204234264915
 -0.53271392021889008
 -0.024608652350957341
 0.49042894838602247
 0.86731120967855868
 0.99986924220881324
 0.85076104151199938
 0.46199084520298667
 -0.20880459865101567
 -0.67984076546067163
