# Created by Octave 8.4.0, Thu Dec 11 09:16:06 2025 IST <gamana@Samsung>
# name: iq
# type: matrix
# rows: 2048
# columns: 1
 0.99706007033948296
 0.8958330830115131
 0.40749676511192734
 -0.26757933088703667
 -0.82003431881388944
 -0.99739959216031482
 -0.89379434027545168
 -0.40332217000396425
 0.27197672523161615
 0.72610466550790553
 0.9977183133033527
 0.89173695753970295
 0.5345505649007124
 0.026779638075654512
 -0.48853519495787168
 -0.86622816469789188
 -0.98602164326815445
 -0.7618765189682617
 -0.32310844176316006
 0.20668027481499857
 0.78256289391760381
 0.99982764492782827
 0.84949989429398942
 0.31878331613078459
 -0.2111462234393818
 -0.68159522404935846
 -0.99152754231630602
 -0.84708169348121221
 -0.4558054392076315
 0.21560776862847272
 0.6849297096298741
 0.9613048499970458
 0.966877464742528
 0.7000777311951929
 0.23606395286305812
 -0.43701543014966737
 -0.83573550265197849
 -0.99902631993877522
 -0.79822199612300271
 -0.37754595515819683
 0.2988109445787136
 0.83823451315416331
 0.99352809498320716
 0.69352673492061989
 0.22717892085399657
 -0.44521220012329865
 -0.91358003901312201
 -0.99299901827171977
 -0.79268712746483883
 -0.22272925180653891
 0.3075145173729773
 0.84318003849283296
 0.99953697267526553
 0.87432127497765744
 0.36482469394694789
 -0.31185672933426212
 -0.75413739896883958
 -0.99966550404728993
 -0.87209571834185651
 -0.36056893869878703
 0.16752163237433296
 0.64842084563481195
 0.98477925608846884
 0.86985197422915883
 0.35630566381819206
 -0.32052155160483159
 -0.85046631654676685
 -0.99067573919877039
 -0.67689734269446189
 -0.052923454120163547
 0.46554015275120081
 0.85285967026973009
 0.99992600201619608
 0.8653101111236956
 0.48693370707140277
 -0.181012047936218
 -0.65878935756162205
 -0.98706798589555911
 -0.93006880782054413
 -0.61106639304019938
 0.033177953663624922
 0.6622181460394142
 0.95238598048070489
 0.92838136871562715
 0.60744511130886403
 -0.037741799180791728
 -0.66563312401798547
 -0.98849090621939795
 -0.85836209249050632
 -0.47492212768549869
 0.042304857596161642
 0.66903422027829129
 0.95513095897934219
 0.97216437610049722
 0.71533610577853302
 0.2569954597374593
 -0.4174880367582457
 -0.90065314739641111
 -0.99615971215125476
 -0.71213752157466126
 -0.25257945801771692
 0.42163336854287486
 0.82626197125556577
 0.99813004161283114
 0.8888218168869445
 0.39326182440105123
 -0.13262453776289626
 -0.73360221314005569
 -0.97803180066825379
 -0.88671984235211354
 -0.38905897338469098
 0.1371495197763625
 0.73669800137329189
 0.9789735583027539
 0.88459937535560251
 0.52135769715095059
 0.011247956082341949
 -0.62828195559010802
 -0.93790331511077729
 -0.98331443318542888
 -0.6421292465344145
 -0.0066814220535604723
 0.50597464915570589
 0.93947771061620244
 0.9824734317532009
 0.74870337284051514
 0.15488675998232163
 -0.50990837753160867
 -0.87828874934801482
 -0.9816119409268943
 -0.74566827301361671
 -0.29966756480902224
 0.37671448817543773
 0.88046307274605584
 0.98072997867282441
 0.63156681724073349
 0.14585720244600886
 -0.5177438501891326
 -0.88261903416678134
 -0.99885772825792152
 -0.83371513570537759
 -0.29094148332762448
 0.38515923490199494
 0.88475658864781193
 0.97890471388091427
 0.73646992327589755
 0.28656929572213435
 -0.38936960356123135
 -0.80586807279352213
 -0.99535103343762399
 -0.90444055412780355
 -0.55874639580788033
 -0.055651663500177161
 0.59310560008093594
 0.92156932342057896
 0.95769927327928239
 0.55495322438255723
 0.051091454836268826
 -0.46716293429097694
 -0.92333257210777409
 -0.98978334287695413
 -0.67217172528928704
 -0.046530180664730178
 0.47119581278114436
 0.85618450009160074
 0.98912190302467629
 0.66878354895063952
 0.19413769499189698
 -0.33519734327953327
 -0.85853505300654542
 -0.99999928298596319
 -0.77163187100420239
 -0.18965584981998099
 0.33949636032895242
 0.77301140416510317
 0.99999432420953505
 0.85741947795759588
 0.33315048880552711
 -0.1962676204535162
 -0.77590042571686879
 -0.99996851064241199
 -0.76579026388864402
 -0.18068038726057722
 0.48722822131491544
 0.86547908951437158
 0.99992184282293362
 0.8526835451500393
 0.32452503005875494
 -0.20521511058589292
 -0.78162986490910868
 -0.99072162615565063
 -0.92072406568307263
 -0.46119445201813503
 0.057819868091764065
 0.56054615396318941
 0.95961663851846379
 0.91893247106273235
 0.58766690383236808
 -0.062378330857600917
 -0.56432210370605085
 -0.96089129691787012
 -0.96725854326979932
 -0.70114609033859421
 -0.23751863257405997
 0.43566822324319554
 0.83491237187186829
 0.99895914375123918
 0.79912299636577122
 0.23308013572095032
 -0.29738175538438333
 -0.74407029360156574
 -0.98115194723055799
 -0.87943136084701534
 -0.51196717669537917
 -0.00028026810314381957
 0.63677688436544455
 0.98202417657034946
 0.94029557266769315
 0.63368282102553841
 -0.0042864402721787022
 -0.51540439232474189
 -0.88133134574818639
 -0.99898455506343076
 -0.74138779202865035
 -0.29355443911615486
 0.38263635296504467
 0.80152496580324284
 0.99876839005325435
 0.73831545079963434
 0.13952151045415628
 -0.38685153795506044
 -0.80424732122389797
 -0.99508416659435028
 -0.83016336776258803
 -0.42793577198471555
 0.094842643710131319
 0.59090359568530659
 0.9205051918057886
 0.95848195665734937
 0.55722404967220118
 0.053819931728175216
 -0.5945815881096792
 -0.97050969629949302
 -0.90169129151887883
 -0.4196631483833223
 0.25468014892050156
 0.81231352710963023
 0.99769548936931174
 0.7258727564103723
 0.27165220072888396
 -0.25909361335349135
 -0.71685196162958531
 -0.97267091294254582
 -0.8977046154509839
 -0.41135551681729121
 0.11301035331454241
 0.60554086019085052
 0.97372110498126263
 0.8956831742115805
 0.54196379738289779
 0.035571556033356613
 -0.48084130178777795
 -0.9291862464554993
 -0.95172159376741927
 -0.53812027829209996
 -0.03100736960251144
 0.61278402605769577
 0.97576054698524961
 0.89158429610588674
 0.5342655367518574
 0.026442536515764517
 -0.48882940738508918
 -0.86639660744903924
 -0.99989722500485212
 -0.76165805010351362
 -0.17438087676587846
 0.35406681205242768
 0.86866798729944894
 0.98519270874744136
 0.75869097778854966
 0.31846367064830305
 -0.35833399507441271
 -0.87092125115799168
 -0.9843994710296855
 -0.75570808304221859
 -0.31413140947528839
 0.36259370507354283
 0.78842387647310075
 0.99215262290844974
 0.91638893144898803
 0.45143507759741341
 -0.068765747042522973
 -0.68849451687399366
 -0.99271326475870159
 -0.84201047547138852
 -0.3054473240688339
 0.37109035081734881
 0.87757187876108522
 0.99930924739545157
 0.83953813505979158
 0.30109568094123251
 -0.37532710936530322
 -0.79677703679194523
 -0.9991291183794988
 -0.83704828615673299
 -0.4391683835773984
 0.082426600067351322
 0.58080175758021402
 0.91556327802600634
 0.96196188827345819
 0.68667277584135678
 0.066262548155808801
 -0.5845132053407629
 -0.91739034106205852
 -0.9607043079886981
 -0.56376518666406916
 -0.061705188177938824
 0.58821246313156828
 0.96857542285893772
 0.90507827123668394
 0.55998750548639908
 -0.096071982314009
 -0.59189945380494535
 -0.92098703315352426
 -0.99062973958423328
 -0.78120900902490753
 -0.35171930379742294
 0.17685080841905051
 0.65560150530830985
 0.98638116107680518
 0.9316143409800689
 0.48663913745476717
 -0.028950497499741039
 -0.53638468848563203
 -0.95108791243206647
 -0.92994486488287587
 -0.61079942113405361
 0.033514987101304058
 0.66247079180869495
 0.98784222664825339
 0.86052432995207551
 0.33886189807850309
 -0.19031800790633269
 -0.66588474714962409
 -0.98854186490453733
 -0.92654776616293766
 -0.47462533683833424
 0.042641774270994789
 0.66928481552472607
 0.98922088721011936
 0.92482021438637707
 0.47060082853334229
 -0.19927645160890187
 -0.77783315318496116
 -0.9999394412608994
 -0.76381271901443137
 -0.17766059811468488
 0.35094893923134723
 0.78069508365013429
 0.99987875705686646
 0.85107595954585802
 0.32162017358082473
 -0.20821827182906286
 -0.67940099123065623
 -0.95919436693370819
 -0.96877974656918697
 -0.70545689928489297
