# Created by Octave 8.4.0, Thu Dec 11 09:16:05 2025 IST <gamana@Samsung>
# name: iq
# type: complex matrix
# rows: 1024
# columns: 1
 (-0.70710678118654746,0.70710678118654746)
 (0.70710678118654746,0.70710678118654746)
 (0.70710678118654746,0.70710678118654746)
 (-0.70710678118654746,0.70710678118654746)
 (-0.70710678118654746,-0.70710678118654746)
 (-0.70710678118654746,0.70710678118654746)
 (0.70710678118654746,0.70710678118654746)
 (0.70710678118654746,-0.70710678118654746)
 (-0.70710678118654746,-0.70710678118654746)
 (0.70710678118654746,-0.70710678118654746)
 (0.70710678118654746,-0.70710678118654746)
 (0.70710678118654746,0.70710678118654746)
 (0.70710678118654746,0.70710678118654746)
 (-0.70710678118654746,-0.70710678118654746)
 (-0.70710678118654746,-0.70710678118654746)
 (-0.70710678118654746,-0.70710678118654746)
 (0.70710678118654746,-0.70710678118654746)
 (-0.70710678118654746,0.70710678118654746)
 (-0.70710678118654746,-0.70710678118654746)
 (-0.70710678118654746,-0.70710678118654746)
 (-0.70710678118654746,0.70710678118654746)
 (-0.70710678118654746,-0.70710678118654746)
 (0.70710678118654746,-0.70710678118654746)
 (0.70710678118654746,0.70710678118654746)
 (-0.70710678118654746,0.70710678118654746)
 (0.70710678118654746,0.70710678118654746)
 (0.70710678118654746,0.70710678118654746)
 (-0.70710678118654746,-0.70710678118654746)
 (0.70710678118654746,-0.70710678118654746)
 (-0.70710678118654746,0.70710678118654746)
 (0.70710678118654746,0.70710678118654746)
 (-0.70710678118654746,-0.70710678118654746)
 (-0.70710678118654746,0.70710678118654746)
 (-0.70710678118654746,0.70710678118654746)
 (0.70710678118654746,-0.70710678118654746)
 (-0.70710678118654746,-0.70710678118654746)
 (0.70710678118654746,0.70710678118654746)
 (-0.70710678118654746,-0.70710678118654746)
 (0.70710678118654746,0.70710678118654746)
 (0.70710678118654746,-0.70710678118654746)
 (-0.70710678118654746,-0.70710678118654746)
 (-0.70710678118654746,0.70710678118654746)
 (-0.70710678118654746,0.70710678118654746)
 (0.70710678118654746,-0.70710678118654746)
 (-0.70710678118654746,-0.70710678118654746)
 (-0.70710678118654746,-0.70710678118654746)
 (0.70710678118654746,-0.70710678118654746)
 (0.70710678118654746,0.70710678118654746)
 (0.70710678118654746,-0.70710678118654746)
 (0.70710678118654746,-0.70710678118654746)
 (-0.70710678118654746,0.70710678118654746)
 (-0.70710678118654746,0.70710678118654746)
 (0.70710678118654746,-0.70710678118654746)
 (-0.70710678118654746,0.70710678118654746)
 (0.70710678118654746,-0.70710678118654746)
 (0.70710678118654746,-0.70710678118654746)
 (-0.70710678118654746,-0.70710678118654746)
 (-0.70710678118654746,0.70710678118654746)
 (0.70710678118654746,0.70710678118654746)
 (0.70710678118654746,0.70710678118654746)
 (-0.70710678118654746,0.70710678118654746)
 (0.70710678118654746,0.70710678118654746)
 (0.70710678118654746,-0.70710678118654746)
 (0.70710678118654746,-0.70710678118654746)
 (0.70710678118654746,0.70710678118654746)
 (-0.70710678118654746,-0.70710678118654746)
 (0.70710678118654746,-0.70710678118654746)
 (0.70710678118654746,-0.70710678118654746)
 (0.70710678118654746,0.70710678118654746)
 (-0.70710678118654746,-0.70710678118654746)
 (-0.70710678118654746,0.70710678118654746)
 (-0.70710678118654746,-0.70710678118654746)
 (0.70710678118654746,0.70710678118654746)
 (0.70710678118654746,-0.70710678118654746)
 (-0.70710678118654746,-0.70710678118654746)
 (0.70710678118654746,-0.70710678118654746)
 (0.70710678118654746,-0.70710678118654746)
 (-0.70710678118654746,-0.70710678118654746)
 (-0.70710678118654746,0.70710678118654746)
 (-0.70710678118654746,-0.70710678118654746)
 (-0.70710678118654746,-0.70710678118654746)
 (-0.70710678118654746,-0.70710678118654746)
 (0.70710678118654746,-0.70710678118654746)
 (0.70710678118654746,0.70710678118654746)
 (0.70710678118654746,-0.70710678118654746)
 (-0.70710678118654746,-0.70710678118654746)
 (0.70710678118654746,0.70710678118654746)
 (0.70710678118654746,0.70710678118654746)
 (0.70710678118654746,-0.70710678118654746)
 (-0.70710678118654746,-0.70710678118654746)
 (0.70710678118654746,0.70710678118654746)
 (-0.70710678118654746,0.70710678118654746)
 (0.70710678118654746,-0.70710678118654746)
 (-0.70710678118654746,-0.70710678118654746)
 (-0.70710678118654746,0.70710678118654746)
 (-0.70710678118654746,0.70710678118654746)
 (0.70710678118654746,0.70710678118654746)
 (-0.70710678118654746,-0.70710678118654746)
 (-0.70710678118654746,0.70710678118654746)
 (-0.70710678118654746,0.70710678118654746)
 (-0.70710678118654746,-0.70710678118654746)
 (-0.70710678118654746,0.70710678118654746)
 (0.70710678118654746,0.70710678118654746)
 (-0.70710678118654746,0.70710678118654746)
 (-0.70710678118654746,0.70710678118654746)
 (0.70710678118654746,0.70710678118654746)
 (0.70710678118654746,0.70710678118654746)
 (0.70710678118654746,-0.70710678118654746)
 (0.70710678118654746,0.70710678118654746)
 (-0.70710678118654746,-0.70710678118654746)
 (-0.70710678118654746,-0.70710678118654746)
 (0.70710678118654746,-0.70710678118654746)
 (0.70710678118654746,-0.70710678118654746)
 (-0.70710678118654746,0.70710678118654746)
 (0.70710678118654746,-0.70710678118654746)
 (-0.70710678118654746,-0.70710678118654746)
 (0.70710678118654746,-0.70710678118654746)
 (-0.70710678118654746,0.70710678118654746)
 (-0.70710678118654746,0.70710678118654746)
 (0.70710678118654746,-0.70710678118654746)
 (-0.70710678118654746,0.70710678118654746)
 (-0.70710678118654746,-0.70710678118654746)
 (-0.70710678118654746,0.70710678118654746)
 (-0.70710678118654746,0.70710678118654746)
 (-0.70710678118654746,-0.70710678118654746)
 (0.70710678118654746,0.70710678118654746)
 (0.70710678118654746,0.70710678118654746)
 (-0.70710678118654746,-0.70710678118654746)
 (0.70710678118654746,0.70710678118654746)
 (0.70710678118654746,0.70710678118654746)
 (-0.70710678118654746,-0.70710678118654746)
 (0.70710678118654746,-0.70710678118654746)
 (-0.70710678118654746,-0.70710678118654746)
 (0.70710678118654746,0.70710678118654746)
 (0.70710678118654746,-0.70710678118654746)
 (0.70710678118654746,-0.70710678118654746)
 (0.70710678118654746,-0.70710678118654746)
 (0.70710678118654746,-0.70710678118654746)
 (-0.70710678118654746,-0.70710678118654746)
 (0.70710678118654746,0.70710678118654746)
 (0.70710678118654746,-0.70710678118654746)
 (-0.70710678118654746,0.70710678118654746)
 (-0.70710678118654746,-0.70710678118654746)
 (0.70710678118654746,-0.70710678118654746)
 (0.70710678118654746,-0.70710678118654746)
 (-0.70710678118654746,-0.70710678118654746)
 (-0.70710678118654746,-0.70710678118654746)
 (-0.70710678118654746,-0.70710678118654746)
 (0.70710678118654746,-0.70710678118654746)
 (-0.70710678118654746,-0.70710678118654746)
 (-0.70710678118654746,-0.70710678118654746)
 (-0.70710678118654746,-0.70710678118654746)
 (0.70710678118654746,0.70710678118654746)
 (-0.70710678118654746,0.70710678118654746)
 (0.70710678118654746,-0.70710678118654746)
 (0.70710678118654746,-0.70710678118654746)
 (-0.70710678118654746,0.70710678118654746)
 (0.70710678118654746,-0.70710678118654746)
 (0.70710678118654746,-0.70710678118654746)
 (0.70710678118654746,0.70710678118654746)
 (0.70710678118654746,0.70710678118654746)
 (0.70710678118654746,0.70710678118654746)
 (-0.70710678118654746,-0.70710678118654746)
 (0.70710678118654746,0.70710678118654746)
 (-0.70710678118654746,-0.70710678118654746)
 (-0.70710678118654746,-0.70710678118654746)
 (-0.70710678118654746,0.70710678118654746)
 (0.70710678118654746,0.70710678118654746)
 (-0.70710678118654746,0.70710678118654746)
 (0.70710678118654746,0.70710678118654746)
 (0.70710678118654746,0.70710678118654746)
 (0.70710678118654746,-0.70710678118654746)
 (-0.70710678118654746,0.70710678118654746)
 (0.70710678118654746,0.70710678118654746)
 (-0.70710678118654746,0.70710678118654746)
 (-0.70710678118654746,-0.70710678118654746)
 (-0.70710678118654746,-0.70710678118654746)
 (-0.70710678118654746,0.70710678118654746)
