# Created by Octave 8.4.0, Thu Dec 11 09:16:06 2025 IST <gamana@Samsung>
# name: iq
# type: matrix
# rows: 2048
# columns: 1
 1
 0.60515314967079348
 0.81741217677477895
 -0.92900609941698054
 0.336325333479365
 0.036058340503170451
 -0.26757933088703667
 -0.54620409646762802
 -0.7737705401199878
 -0.42010522672696088
 -0.99739959216031482
 -0.76197358843289098
 0.054455970544694823
 -0.66095491288473074
 0.94753482023462932
 0.31892536915557507
 -0.56153743692579583
 -0.9985576663829947
 0.72610466550790553
 0.89991984314001949
 0.9077975051441477
 0.88325162371234833
 0.1612074989385934
 -0.68814117224586857
 0.46822140226296938
 0.17935501392598432
 -0.126277206267076
 0.9637408804343649
 0.7956444711141426
 -0.00076736500861407635
 -0.79657321781796042
 -0.96333021840326272
 -0.92203355216466776
 0.51630187553582951
 0.99423482618450443
 0.6870267976200668
 0.054455970544694823
 0.35361122716835897
 0.61971144815431445
 0.82788199261989504
 0.64819262069187789
 0.99847409117038255
 0.56026686158099936
 0.80666512125541268
 0.59038960288433207
 -0.82702018425964863
 -0.052923454120163547
 -0.28527816079509682
 -0.56153743692579727
 0.41871200264625297
 -0.93566355795921996
 -0.99855766638299481
 -0.72504855459477169
 0.10951311640544466
 0.85759296924080952
 0.92843705653776321
 0.26610024882900735
 0.2154614152901913
 -0.99999882230188708
 -0.60393062484249249
 0.9077975051441477
 0.9920916021661278
 0.98364649651042202
 0.88325162371234833
 0.70029174263479022
 -0.98654680508791737
 -0.46686474663636957
 0.42149746129340016
 0.97700577919626364
 -0.68814117224586857
 -0.055988358703831516
 -0.82874185099002262
 -0.99406909454407066
 -0.91474828106395512
 0.56280668962743263
 -0.51498691486160741
 0.64585224921887574
 0.072835130888845759
 0.37077718740857579
 0.634059560632665
 0.83807101776911563
 0.68925392602654534
 0.99390102147704307
 0.94148750121272873
 0.79564447111414049
 0.57542581511072144
 -0.79471385035234265
 0.0023020932183935843
 -0.30288023361216132
 -0.57668032211486553
 0.36792477034572635
 -0.51761562011455653
 -0.99439821600798184
 -0.96333021840326272
 -0.8372327419467338
 -0.63287203175829598
 -0.36935141386161252
 0.21246303906394182
 -0.64936051767992853
 0.51630187553582951
 -0.55899496658575176
 0.91536727170487375
 0.94851151593640137
 0.98016283268951387
 0.051390813039935278
 0.68702679762006169
 0.43536466339879998
 0.14300530760092806
 -0.16272196520846155
 -0.45323823806721858
 0.72399073590501128
 -0.88397021715310997
 -0.98392175803403514
 -0.99189780074717793
 -0.26462053999945312
 -0.73760846374062494
 0.99999528921032244
 0.60270667751827289
 -0.27053560075471322
 0.38781739206357746
 0.64819262069187789
 0.84797579643587995
 0.72821175405807848
 0.98629474709482945
 0.93512086019445517
 0.78435396419772463
 0.56026686158099936
 0.28380687130319676
 -0.019182950395057383
 -0.32037957928655969
 0.9465491972583544
 0.31601469873379551
 -0.94802428457192678
 -0.9998575018847834
 -0.95822557211480941
 -0.82702018425964863
 0.90908058516579637
 -0.35217523621993413
 0.15817743084431238
 -0.69036505634113388
 0.53198566524571467
 0.76296659435509939
 0.3736261111647376
 0.99604083802624588
 0.79378135772453473
 -0.0038368160058314137
 0.67352883541892117
 -0.96250208824059569
 -0.36649726022122142
 -0.18086464573051755
 -0.46957695504264702
 0.68479319633608504
 -0.89243045547475575
 -0.9870439493600085
 -0.98939008741680945
 -0.89924955625485847
 -0.72504855459477169
 0.99829988554123306
 -0.19593694714062365
 0.10951311640544466
 0.40472606164912256
 0.6621058348567973
 0.85759296924080952
 0.97291362704571205
 0.97567848098621912
 0.41592259907073292
 -0.47228473929236653
 -0.98753179411920244
 0.26610024882900052
 0.11256359432942846
 0.85916763922364559
 0.92729241161337761
 0.26314020788369136
 -0.6088121604017056
 -0.99998940073362763
 -0.60148131058103105
 0.27201278160118081
 -0.60393062484248683
 0.85441940454650211
 0.10340909394795389
 0.2690577826897263
 0.54748902268809918
 0.77474182782419287
 0.92957295411873897
 0.99750902515076378
 0.9721994811062209
 -0.059052735788742081
 0.65980243410195294
 -0.94605304094091414
 0.10646160669493009
 0.5653412151459779
 -0.48575640675906639
 0.64350579279766673
 -0.21995516458155873
 -0.90971891406342786
 -0.88108336773961071
 -0.15666183615691048
 0.69147456057248458
 -0.46686474663636957
 0.51103476725282548
 -0.37504925466358852
 0.42149746129340659
 -0.79284699542711268
 0.0053715297560473045
 0.97700577919626508
 0.96208462205960266
 0.92143835717186395
 -0.52023944861085925
 -0.9947179686701888
 -0.68367397493892357
 0.16726305010568898
 0.88611349812894491
 0.90520569861137001
 0.20946266110028544
 -0.65169172040482393
 -0.99980097558199144
 -0.94704312407739244
 0.32473766826230821
 0.94947927516166009
 -0.31747040782897623
 -0.016113969322028313
 -0.76593482025537174
 0.56280668962743263
 -0.41452642614610541
 0.47363696438451702
 0.99863888959664804
 0.7218699851659488
 -0.11408843738974658
 0.64585224921887574
 0.38498633679420874
 0.088132491563609597
 -0.21695984392310549
 0.99998115688567257
 0.60025452691696923
 -0.27348932174976931
 -0.93126037583336918
 -0.85362097744857279
 -0.88253094986404579
 -0.69919534082601087
 0.98578366236304771
 0.46278819464259663
 0.14604254134424832
 -0.97797709263318722
 0.68925392602655566
 0.87595154858681679
 0.83130970592959941
 0.94555465629370727
 0.31310105095444601
 0.74890204634163549
 0.51367074118914369
 0.23042228230537098
 0.22145204955192735
 -0.37220208762835455
 0.88035646287310099
 0.15514587246881095
 -0.96414927247383364
 -0.99338275770275697
 -0.50971497319771586
 -0.79471385035233399
 0.96536081904994131
 0.79191076566087004
 0.0023020932183935843
 -0.80026942036837689
 -0.96166488978812192
 -0.36363965359780637
 0.94251761959052915
 0.99943004815055925
 0.68255314321866201
 -0.16877596188281066
 0.63168301221953482
 -0.90455241285493049
 -0.20796173030008755
 0.65285502065077339
 0.99811627435049122
 0.55517139367099122
 -0.9159841062931755
 -0.99439821600798184
 -0.97985750431784746
 -0.87372121466920871
 -0.68591080477393629
 0.97500104008487365
 -0.14148618368935256
 0.16423604820363752
 0.4546057459877848
 0.70247959528018322
 0.8846867284937584
 0.98419470203205239
 0.92613903012995313
 0.2601776877420115
 -0.61124433570766012
 -0.99997055768587484
 0.21246303906392794
 0.27496521772261423
 0.93181846452520023
 0.85282053973501504
 0.10035560692400715
 -0.73135951650067665
 -0.99838816415566412
 -0.46142715960880532
 -0.78340102697185532
 -0.55899496658575176
 0.75698168450242054
 0.020717374963544161
 -0.83216174413215693
 -0.94505404449062247
 0.80847539639604582
 0.94851151593640592
 0.99894025871852765
 0.64115327353555451
 -0.22294841291494655
 -0.9109891421147539
 0.35073841575927878
 -0.15362954335073706
 0.69368868033596887
 0.99320532294327812
 0.5083939785619066
 -0.92321742549042496
 -0.99617609760654102
 -0.97601375467033502
 0.0084409156854071687
 -0.67239363004398134
 -0.4173177923328662
 -0.12323172689716683
 0.18237385152714947
 -0.99502834951811658
 -0.68143070381530291
 0.89312185138248557
 0.88753191917548446
 0.90389699651915167
 0.89857715128068705
 -0.65401678316449274
 -0.99802094220665827
 -0.55389425006308268
 0.3276392421862615
 -0.40612900000404117
 -0.66325519730728677
 -0.85838131514628802
 -0.76790462100639278
 -0.9746588744632797
 -0.92786582682140228
 -0.77182249939500824
 0.98824611464094247
 0.71974243327150733
 -0.11713731374898172
 0.33921439615447818
 0.60759392032490089
 -0.25869550669401586
 0.61245826520808466
 0.99999528921032244
 0.95232884322163303
 0.81564015632847064
 -0.93237435841533678
 -0.85201809329117661
 -0.098828507048008718
 0.73240532865648289
 0.98526328999226143
 0.46006503773119856
 -0.93013761930787031
 -0.97861311857772648
 -0.75597794531356421
 0.063648249201443158
 -0.65864840122301938
 0.94455120671081727
 -0.10493547390374451
 0.20044979956074258
 -0.99900971917850867
 -0.63997474726332781
 0.9012540563331356
