# Created by Octave 8.4.0, Thu Dec 11 09:16:06 2025 IST <gamana@Samsung>
# name: iq
# type: matrix
# rows: 2048
# columns: 1
 1
 0.95326076620586331
 -0.26757933088703645
 0.60515314967079337
 -0.85680260336409175
 0.036058340503170451
 0.72610466550790553
 -0.54620409646762802
 0.46822140226297015
 -0.42010522672696088
 -0.99739959216031482
 -0.97255769945533388
 -0.85680260336409153
 -0.66095491288473074
 0.94753482023462932
 -0.10798748872685082
 -0.56153743692579583
 0.48441433643541743
 -0.64702319695337762
 0.2154614152901913
 0.98961189288312468
 0.88325162371234833
 0.89173695753970295
 -0.68814117224586857
 -0.99406909454407066
 -0.51498691486160741
 -0.126277206267076
 0.9637408804343649
 -0.67466245436658678
 -0.00076736500861407635
 -0.97667740455693652
 -0.99590323237511935
 -0.92203355216466776
 -0.76197358843289098
 -0.53068550131166847
 0.6870267976200668
 0.054455970544694823
 0.35361122716835897
 0.61971144815431445
 0.82788199261989504
 0.64819262069187789
 0.99847409117038255
 0.94753482023462876
 -0.32037957928655297
 -0.94802428457192678
 -0.82702018425964863
 0.017648480643128749
 0.76296659435509484
 -0.56153743692579727
 -0.7853050539592259
 -0.93566355795921996
 -0.98704394936000728
 -0.96810813435476473
 -0.84716133746730915
 0.85759296924080952
 0.92843705653776321
 0.26610024882900735
 0.2154614152901913
 0.50044297299076146
 -0.60393062484249249
 0.26905778268971947
 0.92957295411873897
 0.98364649651042202
 0.88325162371234833
 0.70029174263479022
 0.45186966259101069
 0.1612074989385934
 -0.14452409467834526
 0.97700577919626364
 -0.68814117224586857
 -0.055988358703831516
 -0.98046585238934292
 -0.99406909454407066
 -0.91474828106395512
 -0.74991820004097443
 -0.51498691486160741
 -0.23191544205296488
 -0.21695984392310549
 0.37077718740857579
 0.634059560632665
 -0.15969265296119067
 0.68925392602654534
 0.99932172244443662
 0.94148750121272873
 -0.37220208762835455
 -0.96414927247383364
 0.30141723570001927
 0.0023020932183935843
 -0.30288023361216132
 0.9629172873478028
 0.36792477034572635
 -0.94200366979757377
 -0.9993770622619782
 -0.96333021840326272
 0.1642360482036235
 0.8846867284937584
 0.906505872236266
 0.21246303906394182
 0.23340805554780536
 0.51630187553582951
 0.75093258738581303
 0.91536727170487375
 0.94851151593640137
 0.98016283268951387
 0.87446671960772626
 -0.76395780318866069
 -0.97601375467033502
 0.14300530760092806
 0.47093140178253623
 -0.45323823806721858
 -0.70138649497904204
 -0.1110384861372592
 -0.98392175803403514
 -0.92786582682140761
 -0.90715275704229548
 -0.73760846374062494
 -0.49911366156833592
 -0.21396247916026584
 -0.27053560075471322
 -0.93013761930787031
 -0.85521581914818334
 0.84797579643587995
 0.72821175405807848
 0.99847409117038255
 0.46550699135830681
 0.78435396419772463
 0.56026686158099936
 -0.75998219468248429
 -0.019182950395057383
 0.82959975734471325
 -0.59162761605977232
 0.31601469873379551
 -0.94802428457192678
 -0.9998575018847834
 -0.95822557211480941
 0.21845776152962559
 0.90908058516579637
 -0.35217523621993413
 0.15817743084431238
 0.25127553137023834
 0.53198566524571467
 -0.51235335761857304
 0.3736261111647376
 0.96455539355974218
 0.79378135772453473
 0.86538522478011948
 -0.79842508030578996
 -0.96250208824059569
 0.1247546135053899
 0.5189281455033995
 -0.46957695504264702
 0.68479319633608504
 -0.89243045547475575
 -0.88540115604661895
 -0.98939008741680945
 -0.89924955625485847
 0.65052688516665591
 0.99829988554123306
 -0.19593694714062365
 -0.32328573226248619
 0.40472606164912256
 -0.82529072569298034
 0.85759296924080952
 0.97291362704571205
 0.99728780989863108
 0.41592259907073292
 -0.47228473929236653
 0.54491788372008809
 -0.72293121193018939
 0.11256359432942846
 -0.3377702626083236
 0.92729241161337761
 0.26314020788369136
 -0.9537233602852011
 -0.99999882230188708
 -0.9527959268197127
 -0.81652712817408524
 -0.60393062484248683
 -0.33487961217098988
 -0.034524566527187259
 -0.72926272673208903
 -0.98604036598681322
 -0.46414813962684615
 0.92957295411873897
 0.97765562399971406
 0.9721994811062209
 0.85601021937775568
 -0.83045570966328242
 -0.94605304094091414
 0.10646160669493009
 -0.19894598283625273
 0.99879427926736775
 0.64350579279766673
 -0.90058801035737768
 -0.98983136742132305
 -0.98654680508791737
 -0.8910413592107852
 0.69147456057248458
 -0.46686474663636957
 0.51103476725282548
 -0.37504925466358852
 -0.96495924273552103
 -0.79284699542711268
 0.0053715297560473045
 0.79934819172794036
 0.96208462205960266
 0.36506888685045302
 0.7609787877609705
 -0.9947179686701888
 -0.68367397493892357
 -0.055988358703845706
 0.88611349812894491
 -0.62091521972729924
 0.20946266110028544
 -0.65169172040482393
 -0.99980097558199144
 -0.94704312407739244
 -0.8057571325940257
 -0.58915019910744659
 -0.31747040782897623
 0.048325171352559641
 -0.76593482025537174
 0.56280668962743263
 -0.41452642614610541
 0.47363696438451702
 0.98777222774170659
 0.96772249425417678
 0.84634488309812139
 -0.85995193962079575
 -0.92671681226430636
 0.088132491563609597
 0.61002896648465676
 0.99998115688567257
 0.60025452691696923
 -0.90844011502318567
 -0.93126037583336918
 -0.85362097744857279
 -0.88253094986404579
 -0.69919534082601087
 0.98578366236304771
 -0.15969265296119067
 0.14604254134424832
 0.43812590268212964
 0.68925392602655566
 0.060584717496686646
 0.83130970592959941
 0.99390102147704307
 0.31310105095444601
 -0.56660648199307451
 -0.99886844535843011
 -0.6423302896377806
 -0.074365698426512916
 -0.37220208762835455
 -0.63524559604554065
 -0.83890731960218134
 -0.96414927247383364
 -0.99338275770275697
 -0.9409691150517755
 0.37647151477281421
 0.96536081904994131
 0.79191076566087004
 0.0023020932183935843
 0.3043425181213476
 -0.96166488978812192
 0.79750008827622731
 0.52154952634828522
 0.99487433075577603
 0.96291728734779902
 0.83639249410950756
 -0.88682375306288164
 0.36792477034572635
 0.069773484752231343
 0.65285502065077339
 -0.51761562011456874
 -0.7519452059868672
 -0.9159841062931755
 -0.99439821600798184
 -0.97985750431784746
 -0.87372121466920871
 -0.68591080477393629
 0.97500104008487365
 0.4131292768474466
 -0.47498807387394915
 -0.98801033476922906
 0.70247959528018322
 0.11561301172658989
 0.86073421449037835
 0.99170166301589102
 0.2601776877420115
 0.73657130166022011
 -0.99997055768587484
 0.21246303906392794
 -0.092717815718463617
 -0.38923155116934799
 -0.64936051767992853
 -0.84878825808546021
 -0.73135951650067665
 -0.99838816415566412
 -0.93457595984954878
 0.42705643886636363
 -0.55899496658575176
 0.75698168450242054
 0.020717374963544161
 0.32183303479668407
 0.59286423571776004
 0.80847539639604582
 0.5678704142573785
 0.99894025871852765
 0.64115327353555451
 -0.22294841291494655
 -0.9109891421147539
 -0.87962748441830119
 0.051390813039935278
 -0.25276072413051021
 -0.53328457614273284
 0.5083939785619066
 -0.92321742549042496
 -0.96576012155713209
 -0.79097267063101617
 0.0084409156854071687
 0.80118876405724115
 -0.4173177923328662
 0.3622095638296921
 0.18237385152714947
 0.47093140178253623
 0.71546700626009307
 0.89312185138248557
 0.98728903446803762
 0.98916595154481612
 0.20646030966758724
 0.72399073590500151
 0.48172677598880875
 0.19443173525695573
 -0.1110384861372592
 0.95043808879258174
 0.82268196381360825
 0.045259074365704664
 -0.97326726303900257
 -0.9746588744632797
 -0.41173115446567415
 -0.77182249939500824
 0.98824611464094247
 -0.26462053999945312
 -0.11713731374898172
 -0.86151446198985537
 -0.92555906657122378
 -0.25869550669401586
 0.61245826520808466
 0.99999528921032244
 0.59779672096999548
 0.81564015632847064
 0.60270667751827289
 -0.85201809329117661
 -0.098828507048008718
 -0.27053560075472688
 -0.5487726593549993
 0.46006503773119856
 -0.93013761930787031
 -0.97861311857772648
 -0.75597794531356421
 -0.85521581914817602
 -0.65864840122301938
 -0.40051154007206008
 0.31018445326869876
 0.20044979956074258
 -0.99900971917850867
 -0.63997474726332781
