# Created by Octave 8.4.0, Thu Dec 11 09:16:06 2025 IST <gamana@Samsung>
# name: iq
# type: matrix
# rows: 2048
# columns: 1
 1
 0.95326076620586331
 0.81741217677477895
 0.60515314967079337
 -0.85680260336409175
 -0.10798748872685082
 -0.26757933088703667
 -0.54620409646762802
 0.46822140226297015
 -0.42010522672696088
 -0.97667740455693652
 -0.76197358843289098
 -0.85680260336409153
 0.82788199261989504
 -0.40332217000396425
 -0.10798748872685082
 -0.56153743692579583
 0.48441433643541743
 0.72610466550790553
 0.2154614152901913
 0.9077975051441477
 0.88325162371234833
 0.1612074989385934
 0.71331917142438028
 0.46822140226296938
 0.17935501392598432
 -0.126277206267076
 0.9637408804343649
 0.7956444711141426
 -0.86615326963267925
 -0.97667740455693652
 -0.99590323237511935
 -0.92203355216466776
 -0.76197358843289098
 0.99423482618450443
 0.6870267976200668
 0.054455970544694823
 -0.88397021715310997
 0.61971144815431445
 -0.21396247916027278
 0.95866339707144232
 0.99847409117038255
 0.56026686158099936
 -0.32037957928655297
 0.59038960288433207
 0.31892536915557335
 -0.052923454120163547
 0.76296659435509484
 0.97634672945533696
 0.41871200264625297
 -0.93566355795921996
 -0.99855766638299481
 -0.72504855459477169
 0.10951311640544466
 0.85759296924080952
 0.92843705653776321
 -0.089661145336106474
 0.2154614152901913
 -0.99999882230188708
 -0.60393062484249249
 0.9077975051441477
 0.92957295411873897
 0.98364649651042202
 0.88325162371234833
 -0.72715906615685078
 -0.98654680508791737
 -0.46686474663636957
 0.42149746129340016
 0.97700577919626364
 0.7609787877609705
 -0.055988358703831516
 -0.82874185099002262
 -0.94704312407739244
 -0.31747040782898966
 0.56280668962743263
 -0.51498691486160741
 0.64585224921887574
 0.072835130888845759
 0.37077718740857579
 -0.88253094986404579
 0.83807101776911563
 0.9637408804343649
 0.99390102147704307
 0.51367074118915579
 -0.37220208762835455
 -0.96414927247383364
 -0.79471385035234265
 -0.00076736500861407635
 0.79750008827622731
 -0.57668032211486553
 0.36792477034572635
 -0.51761562011455653
 -0.99439821600798184
 -0.96333021840326272
 0.1642360482036235
 -0.63287203175829598
 -0.36935141386161252
 0.21246303906394182
 -0.64936051767992853
 0.51630187553582951
 -0.55899496658575176
 0.91536727170487375
 0.99423482618450487
 0.82615642793918065
 0.87446671960772626
 -0.76395780318866069
 -0.97601375467033502
 -0.41731779233287913
 -0.16272196520846155
 0.98728903446803762
 -0.70138649497904204
 -0.88397021715310997
 -0.98392175803403514
 -0.92786582682140761
 -0.26462053999945312
 0.60759392032488957
 -0.49911366156833592
 0.60270667751827289
 0.091189587921087126
 0.38781739206357746
 0.64819262069187789
 0.84797579643587995
 0.96849149417710867
 0.98629474709482945
 0.46550699135830681
 0.78435396419772463
 0.56026686158099936
 -0.75998219468248429
 -0.019182950395057383
 -0.32037957928655969
 -0.59162761605977232
 -0.80757120990081976
 -0.94802428457192678
 -0.9998575018847834
 -0.95822557211480941
 -0.82702018425964863
 0.90908058516579637
 0.8818081973056815
 0.15817743084431238
 -0.69036505634113388
 -0.99373060737930219
 0.76296659435509939
 0.3736261111647376
 0.99604083802624588
 0.97634672945533696
 0.86538522478011948
 -0.79842508030578996
 -0.96250208824059569
 0.1247546135053899
 0.5189281455033995
 0.99455926362965252
 0.68479319633608504
 -0.89243045547475575
 -0.88540115604661895
 -0.98939008741680945
 -0.21096309853294973
 0.65052688516665591
 -0.48307112512406863
 0.55772175493586962
 0.10951311640544466
 0.40472606164912256
 -0.82529072569298034
 0.85759296924080952
 0.76494721259890497
 0.99728780989863108
 0.41592259907073292
 0.77279742987957578
 -0.98753179411920244
 -0.72293121193018939
 -0.037592029547473621
 -0.3377702626083236
 -0.60637424912365256
 0.26314020788369136
 -0.9537233602852011
 -0.99998940073362763
 -0.9527959268197127
 0.27201278160118081
 0.93070009365436368
 0.85441940454650211
 -0.034524566527187259
 0.2690577826897263
 0.54748902268809918
 -0.46414813962684615
 0.4242789487687742
 0.97765562399971406
 0.75898381154481431
 0.85601021937775568
 -0.83045570966328242
 0.40191732837529215
 0.10646160669493009
 0.5653412151459779
 0.99879427926736775
 0.64350579279766673
 -0.21995516458155873
 -0.98983136742132305
 -0.88108336773961071
 -0.8910413592107852
 0.69147456057248458
 0.99355785265223773
 -0.17784495966932298
 -0.37504925466358852
 0.42149746129340659
 -0.79284699542711268
 0.0053715297560473045
 0.79934819172794036
 0.96208462205960266
 0.92143835717186395
 0.7609787877609705
 0.52938408740299536
 0.24830337378897069
 0.16726305010568898
 0.88611349812894491
 0.90520569861137001
 -0.82874185099002262
 -0.95909896399592787
 -0.9982092555350186
 -0.55644722963027093
 -0.8057571325940257
 0.94947927516166009
 -0.31747040782897623
 -0.016113969322028313
 0.28674877834389367
 0.56280668962743263
 0.7862542940161692
 0.93620405186557298
 0.98777222774170659
 0.96772249425417678
 -0.11408843738974658
 -0.85995193962079575
 0.38498633679420874
 0.088132491563609597
 -0.21695984392310549
 0.99998115688567257
 0.60025452691696923
 -0.27348932174976931
 -0.93126037583336918
 -0.98336891810956462
 -0.88253094986404579
 0.73031198170342548
 -0.45050002278269863
 -0.15969265296119067
 0.14604254134424832
 -0.97797709263318722
 0.68925392602655566
 0.060584717496686646
 0.98076656270360296
 0.99390102147704307
 0.31310105095444601
 -0.56660648199307451
 0.51367074118914369
 0.23042228230537098
 -0.074365698426512916
 -0.37220208762835455
 -0.63524559604554065
 -0.83890731960218134
 -0.69258243610723424
 -0.99926402882828158
 -0.50971497319771586
 -0.79471385035233399
 0.96536081904994131
 0.79191076566087004
 0.0023020932183935843
 -0.80026942036837689
 0.57793347080836122
 0.79750008827622731
 0.52154952634828522
 0.99487433075577603
 0.96291728734779902
 -0.16877596188281066
 -0.88682375306288164
 0.36792477034572635
 0.069773484752231343
 -0.23490011927419616
 -0.51761562011456874
 0.55517139367099122
 -0.9159841062931755
 -0.99439821600798184
 -0.82355349158424873
 -0.046792177966206036
 -0.68591080477393629
 -0.43398250394614873
 0.4131292768474466
 0.16423604820363752
 0.4546057459877848
 -0.72080705811183032
 0.11561301172658989
 0.86073421449037835
 0.92613903012995313
 0.906505872236266
 0.73657130166022011
 0.49778317453547566
 -0.59902632941566003
 -0.092717815718463617
 -0.38923155116934799
 -0.64936051767992853
 0.10035560692400715
 -0.73135951650067665
 -0.98552463682815961
 -0.93457595984954878
 -0.78340102697185532
 0.97829625774311346
 -0.28233491333365301
 0.020717374963544161
 0.32183303479668407
 -0.94505404449062247
 0.80847539639604582
 0.94851151593640592
 0.99894025871852765
 0.95778549015728354
 -0.22294841291494655
 0.61729952884911965
 0.35073841575927878
 -0.15362954335073706
 -0.25276072413051021
 -0.53328457614273284
 -0.7639578031886699
 -0.37789288814250754
 -0.96576012155713209
 -0.79097267063101617
 0.0084409156854071687
 -0.67239363004398134
 -0.4173177923328662
 -0.12323172689716683
 0.18237385152714947
 0.47093140178253623
 -0.68143070381530291
 0.89312185138248557
 0.98728903446803762
 0.98916595154481612
 0.20646030966758724
 -0.65401678316449274
 0.48172677598880875
 -0.55389425006308268
 -0.1110384861372592
 0.95043808879258174
 -0.66325519730728677
 0.045259074365704664
 -0.76790462100639278
 -0.99717367862900375
 -0.92786582682140228
 -0.77182249939500824
 0.98824611464094247
 -0.26462053999945312
 0.039125630047652724
 -0.86151446198985537
 -0.92555906657122378
 -0.25869550669401586
 0.61245826520808466
 0.99999528921032244
 0.59779672096999548
 0.81564015632847064
 -0.93237435841533678
 -0.85201809329117661
 0.032990711232170816
 -0.27053560075472688
 0.98526328999226143
 -0.7757112907044148
 -0.42844367671940398
 -0.99761610861221961
 -0.97183897284212029
 -0.85521581914817602
 0.83301182226409876
 0.94455120671081727
 0.31018445326869876
 0.20044979956074258
 -0.99900971917850867
 -0.63997474726332781
