# Created by Octave 8.4.0, Thu Dec 11 09:16:06 2025 IST <gamana@Samsung>
# name: iq
# type: matrix
# rows: 2048
# columns: 1
 1
 0.95326076620586331
 -0.26757933088703645
 0.60515314967079337
 -0.85680260336409175
 -0.10798748872685082
 0.72610466550790553
 0.98679653937238487
 0.46822140226297015
 -0.42010522672696088
 -0.99739959216031482
 -0.97255769945533388
 -0.85680260336409153
 -0.66095491288473074
 0.94753482023462932
 -0.10798748872685082
 -0.56153743692579583
 -0.9985576663829947
 0.72610466550790553
 0.89991984314001949
 0.98961189288312468
 0.88325162371234833
 0.89173695753970295
 -0.68814117224586857
 0.46822140226296938
 0.17935501392598432
 -0.126277206267076
 0.9637408804343649
 -0.67466245436658678
 -0.86615326963267925
 -0.79657321781796042
 -0.96333021840326272
 -0.92203355216466776
 -0.76197358843289098
 -0.53068550131166847
 -0.24978974675651788
 0.054455970544694823
 0.35361122716835897
 0.61971144815431445
 0.82788199261989504
 0.64819262069187789
 0.99983041623178193
 0.94753482023462876
 -0.32037957928655297
 -0.94802428457192678
 -0.82702018425964863
 -0.052923454120163547
 0.76296659435509484
 -0.56153743692579727
 -0.7853050539592259
 -0.46957695504264702
 -0.98704394936000728
 -0.96810813435476473
 -0.84716133746730915
 -0.64702319695337762
 -0.38640231949417558
 0.26610024882900735
 -0.60637424912365256
 -0.99999882230188708
 0.73864388846083573
 0.26905778268971947
 0.92957295411873897
 0.98364649651042202
 0.10646160669493715
 -0.72715906615685078
 0.45186966259101069
 -0.46686474663636957
 0.42149746129340016
 -0.43674579739516622
 -0.68814117224586857
 -0.055988358703831516
 -0.82874185099002262
 -0.94704312407739244
 -0.91474828106395512
 -0.74991820004097443
 -0.51498691486160741
 -0.23191544205296488
 -0.21695984392310549
 0.37077718740857579
 0.634059560632665
 -0.15969265296119067
 0.9637408804343649
 0.99390102147704307
 0.94148750121272873
 0.79564447111414049
 0.57542581511072144
 0.30141723570001927
 0.0023020932183935843
 0.79750008827622731
 0.9629172873478028
 0.36792477034572635
 -0.94200366979757377
 -0.99439821600798184
 -0.96333021840326272
 -0.8372327419467338
 -0.63287203175829598
 0.906505872236266
 0.21246303906394182
 0.23340805554780536
 0.51630187553582951
 -0.55899496658575176
 0.91536727170487375
 0.94851151593640137
 0.82615642793918065
 0.87446671960772626
 -0.76395780318866069
 0.43536466339879998
 -0.41731779233287913
 0.47093140178253623
 -0.45323823806721858
 -0.70138649497904204
 -0.88397021715310997
 -0.85838131514628069
 -0.92786582682140761
 -0.26462053999945312
 0.60759392032488957
 -0.49911366156833592
 -0.21396247916026584
 -0.27053560075471322
 -0.93013761930787031
 -0.85521581914818334
 -0.10493547390375864
 0.72821175405807848
 0.99847409117038255
 0.46550699135830681
 -0.42288870306631471
 0.56026686158099936
 -0.75998219468248429
 -0.019182950395057383
 -0.32037957928655969
 0.9465491972583544
 -0.80757120990081976
 -0.56407461669631687
 -0.9998575018847834
 -0.64467978024643724
 0.21845776152962559
 -0.61850621691532082
 -0.35217523621993413
 -0.052923454120163547
 0.25127553137023834
 0.53198566524571467
 -0.51235335761857304
 0.3736261111647376
 0.96455539355974218
 0.97634672945533696
 -0.0038368160058314137
 0.67352883541892117
 -0.96250208824059569
 0.1247546135053899
 0.5189281455033995
 0.99455926362965252
 -0.71439393018262132
 -0.89243045547475575
 -0.9870439493600085
 -0.98939008741680945
 -0.21096309853294973
 0.65052688516665591
 0.99829988554123306
 -0.19593694714062365
 0.10951311640544466
 0.40472606164912256
 -0.82529072569298034
 0.85759296924080952
 0.97291362704571205
 0.97567848098621912
 0.92843705653776054
 0.77279742987957578
 -0.98753179411920244
 0.26610024882900052
 0.11256359432942846
 -0.3377702626083236
 -0.60637424912365256
 0.26314020788369136
 -0.6088121604017056
 -0.99999882230188708
 -0.60148131058103105
 -0.81652712817408524
 -0.60393062484248683
 -0.33487961217098988
 0.10340909394795389
 0.2690577826897263
 0.54748902268809918
 -0.46414813962684615
 0.92957295411873897
 0.97765562399971406
 0.9721994811062209
 0.85601021937775568
 0.65980243410195294
 -0.94605304094091414
 0.10646160669493009
 0.5653412151459779
 -0.48575640675906639
 0.64350579279766673
 -0.90058801035737768
 -0.98983136742132305
 -0.88108336773961071
 -0.8910413592107852
 0.69147456057248458
 0.99355785265223773
 0.51103476725282548
 -0.37504925466358852
 -0.96495924273552103
 0.6757944842168484
 0.86691927435109684
 0.97700577919626508
 0.96208462205960266
 0.36506888685045302
 0.7609787877609705
 0.52938408740299536
 0.24830337378897069
 -0.055988358703845706
 0.88611349812894491
 0.90520569861137001
 0.20946266110028544
 -0.95909896399592787
 -0.99980097558199144
 -0.94704312407739244
 0.32473766826230821
 -0.58915019910744659
 0.82442307956011951
 0.048325171352559641
 0.28674877834389367
 0.56280668962743263
 -0.41452642614610541
 0.47363696438451702
 0.98777222774170659
 0.7218699851659488
 -0.11408843738974658
 0.64585224921887574
 0.38498633679420874
 -0.2616592559684634
 0.61002896648465676
 0.99998115688567257
 0.60025452691696923
 -0.27348932174976931
 -0.99228306681626133
 -0.98336891810956462
 -0.88253094986404579
 -0.69919534082601087
 -0.45050002278269863
 0.46278819464259663
 -0.42566819512619902
 0.43812590268212964
 -0.75798364069952995
 0.060584717496686646
 0.98076656270360296
 0.94555465629370727
 0.31310105095444601
 0.74890204634163549
 0.51367074118914369
 -0.6423302896377806
 0.22145204955192735
 0.9103551002125686
 -0.63524559604554065
 0.15514587246881095
 -0.96414927247383364
 -0.99926402882828158
 -0.9409691150517755
 -0.79471385035233399
 -0.57416995275079008
 -0.29995352783086127
 -0.0069062308541822806
 0.3043425181213476
 0.57793347080836122
 0.79750008827622731
 0.94251761959052915
 0.99487433075577603
 0.68255314321866201
 0.83639249410950756
 0.63168301221953482
 0.36792477034572635
 -0.20796173030008755
 0.65285502065077339
 -0.51761562011456874
 0.55517139367099122
 -0.9159841062931755
 -0.99439821600798184
 -0.82355349158424873
 -0.046792177966206036
 -0.68591080477393629
 0.97500104008487365
 -0.14148618368935256
 0.16423604820363752
 -0.98801033476922906
 0.70247959528018322
 0.8846867284937584
 0.98419470203205239
 0.92613903012995313
 0.2601776877420115
 0.73657130166022011
 0.49778317453547566
 0.21246303906392794
 -0.092717815718463617
 0.93181846452520023
 -0.64936051767992853
 -0.84878825808546021
 -0.73135951650067665
 -0.98552463682815961
 -0.93457595984954878
 0.42705643886636363
 -0.55899496658575176
 -0.28233491333365301
 0.020717374963544161
 -0.83216174413215693
 0.59286423571776004
 0.80847539639604582
 0.94851151593640592
 0.99894025871852765
 0.64115327353555451
 -0.22294841291494655
 0.61729952884911965
 -0.87962748441830119
 -0.15362954335073706
 -0.25276072413051021
 -0.53328457614273284
 0.5083939785619066
 -0.37789288814250754
 -0.99617609760654102
 -0.97601375467033502
 -0.86461514160246733
 -0.67239363004398134
 0.9612428924147971
 0.3622095638296921
 0.18237385152714947
 0.47093140178253623
 -0.68143070381530291
 0.89312185138248557
 0.98728903446803762
 0.98916595154481612
 0.89857715128068705
 0.72399073590500151
 0.48172677598880875
 -0.55389425006308268
 -0.1110384861372592
 0.95043808879258174
 0.82268196381360825
 0.045259074365704664
 -0.76790462100639278
 -0.99717367862900375
 -0.92786582682140228
 -0.77182249939500824
 0.98824611464094247
 0.71974243327150733
 -0.11713731374898172
 -0.86151446198985537
 -0.92555906657122378
 0.81917649590739106
 0.61245826520808466
 0.99999528921032244
 0.95232884322163303
 -0.27644046604345041
 0.60270667751827289
 0.3334331020884379
 -0.098828507048008718
 0.73240532865648289
 -0.5487726593549993
 0.46006503773119856
 -0.42844367671940398
 -0.97861311857772648
 -0.75597794531356421
 -0.85521581914817602
 0.83301182226409876
 0.94455120671081727
 -0.10493547390374451
 0.20044979956074258
 0.4870973329339145
 0.72821175405807848
 0.9012540563331356
