# Created by Octave 8.4.0, Thu Dec 11 09:16:06 2025 IST <gamana@Samsung>
# name: iq
# type: matrix
# rows: 2048
# columns: 1
 1
 0.95326076620586331
 0.81741217677477895
 -0.92900609941698054
 -0.85680260336409175
 -0.10798748872685082
 -0.26757933088703667
 0.98679653937238487
 -0.7737705401199878
 -0.42010522672696088
 -0.99739959216031482
 -0.76197358843289098
 -0.85680260336409153
 0.82788199261989504
 0.94753482023462932
 0.31892536915557507
 -0.56153743692579583
 0.48441433643541743
 0.72610466550790553
 0.89991984314001949
 0.9077975051441477
 0.98679653937238465
 0.89173695753970295
 -0.68814117224586857
 0.46822140226296938
 -0.51498691486160741
 -0.126277206267076
 0.9637408804343649
 -0.67466245436658678
 -0.00076736500861407635
 -0.79657321781796042
 -0.96333021840326272
 -0.36935141386161585
 -0.76197358843289098
 -0.53068550131166847
 -0.24978974675651788
 -0.16272196520846155
 0.35361122716835897
 -0.90715275704229548
 0.82788199261989504
 0.64819262069187789
 0.99983041623178193
 0.56026686158099936
 -0.32037957928655297
 -0.94802428457192678
 -0.82702018425964863
 -0.052923454120163547
 -0.28527816079509682
 0.97634672945533696
 0.41871200264625297
 -0.46957695504264702
 -0.99855766638299481
 -0.72504855459477169
 -0.84716133746730915
 -0.64702319695337762
 0.92843705653776321
 -0.089661145336106474
 0.2154614152901913
 -0.99999882230188708
 0.73864388846083573
 0.9077975051441477
 0.92957295411873897
 0.85601021937775568
 0.88325162371234833
 -0.72715906615685078
 0.45186966259101069
 -0.46686474663636957
 -0.14452409467834526
 -0.43674579739516622
 0.7609787877609705
 -0.055988358703831516
 -0.82874185099002262
 -0.94704312407739244
 -0.91474828106395512
 -0.74991820004097443
 0.99863888959664804
 -0.23191544205296488
 0.072835130888845759
 -0.90844011502317967
 0.634059560632665
 0.83807101776911563
 0.68925392602654534
 0.99932172244443662
 0.94148750121272873
 0.79564447111414049
 -0.96414927247383364
 0.30141723570001927
 -0.00076736500861407635
 -0.30288023361216132
 0.9629172873478028
 0.36792477034572635
 -0.94200366979757377
 -0.9993770622619782
 -0.68591080477393629
 -0.8372327419467338
 0.8846867284937584
 -0.36935141386161252
 0.21246303906394182
 -0.64936051767992853
 0.51630187553582951
 0.75093258738581303
 0.91536727170487375
 0.99423482618450487
 0.82615642793918065
 0.87446671960772626
 -0.76395780318866069
 0.43536466339879998
 -0.41731779233287913
 -0.16272196520846155
 -0.45323823806721858
 -0.70138649497904204
 -0.1110384861372592
 -0.85838131514628069
 -0.99189780074717793
 -0.90715275704229548
 0.60759392032488957
 -0.49911366156833592
 -0.21396247916026584
 0.091189587921087126
 0.38781739206357746
 -0.85521581914818334
 0.84797579643587995
 0.96849149417710867
 0.98629474709482945
 0.93512086019445517
 -0.42288870306631471
 0.56026686158099936
 0.28380687130319676
 0.057520614988206521
 -0.32037957928655969
 0.9465491972583544
 -0.80757120990081976
 -0.56407461669631687
 -0.99871776062003026
 -0.95822557211480941
 0.21845776152962559
 -0.61850621691532082
 -0.35217523621993413
 -0.052923454120163547
 -0.69036505634113388
 0.53198566524571467
 0.76296659435509939
 0.3736261111647376
 0.96455539355974218
 0.97634672945533696
 -0.0038368160058314137
 -0.79842508030578996
 0.41871200264625297
 -0.36649726022122142
 -0.18086464573051755
 -0.46957695504264702
 0.68479319633608504
 -0.89243045547475575
 -0.9870439493600085
 -0.90585685224972345
 -0.89924955625485847
 -0.72504855459477169
 -0.48307112512406863
 0.55772175493586962
 0.10951311640544466
 0.40472606164912256
 0.6621058348567973
 0.85759296924080952
 0.76494721259890497
 0.97567848098621912
 0.41592259907073292
 0.77279742987957578
 -0.98753179411920244
 -0.72293121193018939
 0.11256359432942846
 -0.3377702626083236
 -0.60637424912365256
 -0.81829530004591811
 -0.9537233602852011
 -0.99999882230188708
 -0.60148131058103105
 -0.81652712817408524
 0.93070009365436368
 0.85441940454650211
 -0.034524566527187259
 0.2690577826897263
 -0.98604036598681322
 0.77474182782419287
 0.4242789487687742
 0.97765562399971406
 0.75898381154481431
 -0.059052735788742081
 0.65980243410195294
 0.40191732837529215
 0.10646160669493009
 -0.19894598283625273
 0.99879427926736775
 0.64350579279766673
 -0.90058801035737768
 -0.90971891406342786
 -0.88108336773961071
 -0.8910413592107852
 -0.71224273251685499
 0.99355785265223773
 -0.17784495966932298
 -0.37504925466358852
 -0.96495924273552103
 0.6757944842168484
 0.0053715297560473045
 0.97700577919626508
 0.96208462205960266
 0.92143835717186395
 0.7609787877609705
 -0.9947179686701888
 0.24830337378897069
 0.16726305010568898
 0.88611349812894491
 -0.62091521972729924
 0.20946266110028544
 -0.65169172040482393
 -0.9982092555350186
 -0.55644722963027093
 -0.8057571325940257
 0.94947927516166009
 -0.31747040782897623
 -0.016113969322028313
 -0.76593482025537174
 0.56280668962743263
 -0.41452642614610541
 0.47363696438451702
 0.98777222774170659
 0.96772249425417678
 -0.11408843738974658
 0.64585224921887574
 0.38498633679420874
 0.088132491563609597
 -0.21695984392310549
 -0.50177110567169725
 0.60025452691696923
 -0.27348932174976931
 -0.99228306681626133
 -0.98336891810956462
 -0.88253094986404579
 0.73031198170342548
 0.98578366236304771
 -0.15969265296119067
 -0.42566819512619902
 -0.97797709263318722
 -0.75798364069952995
 0.87595154858681679
 0.98076656270360296
 0.99390102147704307
 0.91412713582838767
 0.74890204634163549
 0.51367074118914369
 -0.6423302896377806
 -0.074365698426512916
 0.9103551002125686
 -0.63524559604554065
 -0.83890731960218134
 -0.69258243610723424
 -0.99338275770275697
 -0.9409691150517755
 -0.79471385035233399
 -0.57416995275079008
 0.79191076566087004
 -0.0069062308541822806
 -0.80026942036837689
 -0.96166488978812192
 -0.36363965359780637
 0.52154952634828522
 0.99487433075577603
 0.96291728734779902
 0.83639249410950756
 0.63168301221953482
 0.36792477034572635
 0.069773484752231343
 -0.23490011927419616
 0.99811627435049122
 0.55517139367099122
 -0.9159841062931755
 -0.99439821600798184
 -0.82355349158424873
 -0.87372121466920871
 0.76692062383185378
 0.97500104008487365
 0.4131292768474466
 -0.47498807387394915
 0.4546057459877848
 -0.72080705811183032
 0.8846867284937584
 0.86073421449037835
 0.92613903012995313
 0.2601776877420115
 0.73657130166022011
 0.49778317453547566
 0.21246303906392794
 0.27496521772261423
 -0.38923155116934799
 0.85282053973501504
 0.10035560692400715
 -0.73135951650067665
 -0.99838816415566412
 -0.46142715960880532
 -0.78340102697185532
 0.97829625774311346
 -0.28233491333365301
 0.020717374963544161
 -0.83216174413215693
 0.59286423571776004
 0.80847539639604582
 0.5678704142573785
 0.99894025871852765
 0.64115327353555451
 0.82615642793918065
 0.61729952884911965
 -0.87962748441830119
 -0.15362954335073706
 -0.25276072413051021
 -0.53328457614273284
 -0.7639578031886699
 -0.92321742549042496
 -0.99617609760654102
 -0.97601375467033502
 0.0084409156854071687
 0.80118876405724115
 0.9612428924147971
 -0.12323172689716683
 -0.52285837562992521
 0.47093140178253623
 0.71546700626009307
 0.17028847612566869
 0.88753191917548446
 0.98916595154481612
 0.20646030966758724
 0.72399073590500151
 -0.99802094220665827
 0.19443173525695573
 -0.1110384861372592
 -0.40612900000404117
 0.82268196381360825
 -0.85838131514628802
 -0.76790462100639278
 -0.99717367862900375
 -0.92786582682140228
 0.47633806457826483
 -0.54363038747502812
 -0.26462053999945312
 -0.11713731374898172
 0.33921439615447818
 -0.92555906657122378
 -0.25869550669401586
 0.61245826520808466
 0.99999528921032244
 0.95232884322163303
 0.81564015632847064
 -0.93237435841533678
 -0.85201809329117661
 -0.098828507048008718
 0.73240532865648289
 0.98526328999226143
 0.46006503773119856
 -0.93013761930787031
 -0.99761610861221961
 -0.75597794531356421
 -0.85521581914817602
 0.83301182226409876
 -0.40051154007206008
 -0.10493547390374451
 0.20044979956074258
 -0.99900971917850867
 0.72821175405807848
