# Created by Octave 8.4.0, Thu Dec 11 09:16:06 2025 IST <gamana@Samsung>
# name: iq
# type: matrix
# rows: 2048
# columns: 1
 1
 0.60515314967079348
 -0.26757933088703645
 -0.92900609941698054
 0.336325333479365
 0.036058340503170451
 -0.26757933088703667
 0.98679653937238487
 -0.7737705401199878
 -0.42010522672696088
 -0.97667740455693652
 -0.76197358843289098
 0.054455970544694823
 -0.66095491288473074
 -0.40332217000396425
 -0.10798748872685082
 0.19744169751515539
 0.48441433643541743
 0.72610466550790553
 0.89991984314001949
 0.9077975051441477
 0.88325162371234833
 0.89173695753970295
 -0.68814117224586857
 -0.99406909454407066
 0.17935501392598432
 0.37077718740857579
 -0.42010522672696088
 -0.67466245436658678
 -0.00076736500861407635
 -0.79657321781796042
 -0.99590323237511935
 -0.92203355216466776
 0.51630187553582951
 0.99423482618450443
 -0.24978974675651788
 -0.16272196520846155
 0.35361122716835897
 0.61971144815431445
 0.82788199261989504
 0.64819262069187789
 0.99983041623178193
 0.94753482023462876
 0.80666512125541268
 0.59038960288433207
 0.31892536915557335
 0.017648480643128749
 0.76296659435509484
 -0.56153743692579727
 -0.7853050539592259
 -0.46957695504264702
 -0.99855766638299481
 -0.72504855459477169
 -0.84716133746730915
 -0.64702319695337762
 0.92843705653776321
 -0.089661145336106474
 -0.60637424912365256
 0.50044297299076146
 -0.60393062484249249
 0.26905778268971947
 0.92957295411873897
 0.98364649651042202
 0.88325162371234833
 -0.72715906615685078
 0.45186966259101069
 0.1612074989385934
 0.42149746129340016
 0.97700577919626364
 0.7609787877609705
 -0.8752101648306293
 -0.98046585238934292
 -0.94704312407739244
 -0.91474828106395512
 0.56280668962743263
 -0.51498691486160741
 -0.23191544205296488
 -0.21695984392310549
 -0.90844011502317967
 -0.88253094986404579
 -0.15969265296119067
 0.9637408804343649
 0.99390102147704307
 0.51367074118915579
 0.79564447111414049
 0.57542581511072144
 -0.79471385035234265
 -0.00076736500861407635
 -0.30288023361216132
 -0.57668032211486553
 0.36792477034572635
 -0.51761562011455653
 -0.9993770622619782
 -0.96333021840326272
 0.1642360482036235
 0.8846867284937584
 -0.36935141386161252
 0.21246303906394182
 0.23340805554780536
 -0.99838816415566489
 0.75093258738581303
 0.32183303479668407
 0.99423482618450487
 0.98016283268951387
 0.051390813039935278
 0.68702679762006169
 -0.97601375467033502
 -0.41731779233287913
 0.47093140178253623
 -0.45323823806721858
 -0.70138649497904204
 -0.88397021715310997
 -0.98392175803403514
 -0.99189780074717793
 -0.26462053999945312
 0.60759392032488957
 0.99999528921032244
 -0.21396247916026584
 0.091189587921087126
 0.38781739206357746
 -0.85521581914818334
 -0.10493547390375864
 0.72821175405807848
 0.98629474709482945
 0.93512086019445517
 -0.42288870306631471
 -0.97733185259986499
 -0.75998219468248429
 -0.019182950395057383
 -0.32037957928655969
 0.9465491972583544
 -0.80757120990081976
 -0.94802428457192678
 -0.99871776062003026
 -0.95822557211480941
 -0.82702018425964863
 0.90908058516579637
 -0.35217523621993413
 -0.052923454120163547
 0.25127553137023834
 -0.99373060737930219
 0.76296659435509939
 0.92262657540312143
 0.99604083802624588
 0.79378135772453473
 0.86538522478011948
 -0.79842508030578996
 0.41871200264625297
 -0.36649726022122142
 -0.18086464573051755
 -0.46957695504264702
 0.68479319633608504
 -0.89243045547475575
 -0.88540115604661895
 -0.98939008741680945
 -0.89924955625485847
 0.65052688516665591
 0.99829988554123306
 0.55772175493586962
 -0.32328573226248619
 0.40472606164912256
 -0.82529072569298034
 -0.049858050913987026
 0.76494721259890497
 0.99728780989863108
 0.92843705653776054
 0.77279742987957578
 -0.98753179411920244
 -0.72293121193018939
 0.11256359432942846
 -0.3377702626083236
 0.92729241161337761
 -0.81829530004591811
 -0.6088121604017056
 -0.99999882230188708
 -0.9527959268197127
 0.27201278160118081
 -0.60393062484248683
 -0.33487961217098988
 0.10340909394795389
 0.2690577826897263
 0.54748902268809918
 0.77474182782419287
 0.4242789487687742
 0.99750902515076378
 0.75898381154481431
 -0.059052735788742081
 -0.83045570966328242
 0.40191732837529215
 0.10646160669493009
 0.5653412151459779
 0.99879427926736775
 0.64350579279766673
 -0.90058801035737768
 -0.98983136742132305
 -0.98654680508791737
 -0.15666183615691048
 0.69147456057248458
 -0.46686474663636957
 -0.17784495966932298
 -0.37504925466358852
 0.42149746129340659
 0.6757944842168484
 0.86691927435109684
 0.79934819172794036
 0.96208462205960266
 0.92143835717186395
 -0.52023944861085925
 -0.9947179686701888
 0.24830337378897069
 0.16726305010568898
 -0.35504638522223064
 -0.62091521972729924
 0.20946266110028544
 -0.95909896399592787
 -0.9982092555350186
 -0.55644722963027093
 -0.8057571325940257
 0.94947927516166009
 0.82442307956011951
 -0.016113969322028313
 0.28674877834389367
 0.56280668962743263
 0.7862542940161692
 0.47363696438451702
 0.99863888959664804
 0.96772249425417678
 0.84634488309812139
 -0.85995193962079575
 -0.92671681226430636
 -0.2616592559684634
 -0.21695984392310549
 0.99998115688567257
 0.60025452691696923
 -0.27348932174976931
 -0.93126037583336918
 -0.98336891810956462
 -0.88253094986404579
 -0.69919534082601087
 -0.45050002278269863
 0.46278819464259663
 -0.42566819512619902
 0.43812590268212964
 -0.75798364069952995
 0.060584717496686646
 0.83130970592959941
 0.94555465629370727
 0.91412713582838767
 0.74890204634163549
 0.51367074118914369
 -0.6423302896377806
 -0.074365698426512916
 0.9103551002125686
 0.88035646287310099
 0.15514587246881095
 -0.69258243610723424
 -0.99338275770275697
 -0.9409691150517755
 0.37647151477281421
 -0.57416995275079008
 -0.29995352783086127
 0.0023020932183935843
 0.3043425181213476
 -0.96166488978812192
 0.79750008827622731
 0.94251761959052915
 0.99943004815055925
 0.96291728734779902
 0.83639249410950756
 0.63168301221953482
 0.36792477034572635
 -0.20796173030008755
 -0.23490011927419616
 -0.51761562011456874
 -0.7519452059868672
 -0.9159841062931755
 -0.99439821600798184
 -0.82355349158424873
 -0.046792177966206036
 -0.68591080477393629
 -0.43398250394614873
 -0.14148618368935256
 0.16423604820363752
 0.4546057459877848
 -0.72080705811183032
 0.8846867284937584
 0.98419470203205239
 0.92613903012995313
 0.906505872236266
 -0.61124433570766012
 -0.99997055768587484
 0.21246303906392794
 0.27496521772261423
 -0.38923155116934799
 -0.64936051767992853
 -0.84878825808546021
 -0.73135951650067665
 -0.99838816415566412
 -0.46142715960880532
 0.42705643886636363
 0.97829625774311346
 0.75698168450242054
 -0.06211655650361627
 0.32183303479668407
 -0.94505404449062247
 -0.31164311913308568
 0.94851151593640592
 0.99988223247719876
 0.95778549015728354
 -0.22294841291494655
 -0.9109891421147539
 -0.87962748441830119
 0.051390813039935278
 -0.25276072413051021
 0.99320532294327812
 0.5083939785619066
 -0.37789288814250754
 -0.99617609760654102
 -0.79097267063101617
 -0.86461514160246733
 -0.67239363004398134
 0.9612428924147971
 0.3622095638296921
 -0.52285837562992521
 0.47093140178253623
 0.71546700626009307
 0.89312185138248557
 0.88753191917548446
 0.98916595154481612
 0.20646030966758724
 0.72399073590500151
 0.48172677598880875
 -0.55389425006308268
 -0.1110384861372592
 -0.40612900000404117
 0.82268196381360825
 0.045259074365704664
 -0.97326726303900257
 -0.99717367862900375
 -0.41173115446567415
 0.47633806457826483
 0.98824611464094247
 -0.26462053999945312
 0.039125630047652724
 -0.86151446198985537
 0.60759392032490089
 -0.25869550669401586
 0.95418370796813667
 0.99995760315919946
 0.59779672096999548
 0.81564015632847064
 -0.93237435841533678
 0.3334331020884379
 0.032990711232170816
 -0.27053560075472688
 -0.5487726593549993
 0.46006503773119856
 -0.42844367671940398
 -0.99761610861221961
 -0.97183897284212029
 0.063648249201443158
 0.83301182226409876
 -0.40051154007206008
 0.31018445326869876
 0.20044979956074258
 -0.99900971917850867
 -0.63997474726332781
