# Created by Octave 8.4.0, Thu Dec 11 09:16:06 2025 IST <gamana@Samsung>
# name: iq
# type: matrix
# rows: 2048
# columns: 1
 1
 0.60515314967079348
 0.81741217677477895
 -0.92900609941698054
 -0.85680260336409175
 0.036058340503170451
 -0.26757933088703667
 0.98679653937238487
 -0.7737705401199878
 -0.42010522672696088
 -0.97667740455693652
 -0.76197358843289098
 0.054455970544694823
 -0.66095491288473074
 0.94753482023462932
 0.31892536915557507
 -0.56153743692579583
 0.48441433643541743
 0.72610466550790553
 0.2154614152901913
 0.9077975051441477
 0.88325162371234833
 0.1612074989385934
 0.71331917142438028
 0.46822140226296938
 0.17935501392598432
 0.37077718740857579
 0.9637408804343649
 -0.67466245436658678
 -0.86615326963267925
 -0.97667740455693652
 -0.99590323237511935
 -0.92203355216466776
 -0.76197358843289098
 -0.53068550131166847
 0.6870267976200668
 0.054455970544694823
 0.35361122716835897
 0.61971144815431445
 -0.21396247916027278
 0.64819262069187789
 0.99847409117038255
 0.56026686158099936
 0.80666512125541268
 -0.94802428457192678
 0.31892536915557335
 0.017648480643128749
 -0.28527816079509682
 0.97634672945533696
 -0.7853050539592259
 -0.46957695504264702
 -0.98704394936000728
 -0.96810813435476473
 0.10951311640544466
 0.85759296924080952
 0.92843705653776321
 -0.089661145336106474
 -0.60637424912365256
 0.50044297299076146
 -0.60393062484249249
 0.9077975051441477
 0.92957295411873897
 0.85601021937775568
 0.88325162371234833
 -0.72715906615685078
 0.45186966259101069
 -0.46686474663636957
 -0.14452409467834526
 0.97700577919626364
 -0.68814117224586857
 -0.8752101648306293
 -0.98046585238934292
 -0.94704312407739244
 -0.31747040782898966
 0.56280668962743263
 -0.51498691486160741
 0.64585224921887574
 0.072835130888845759
 -0.90844011502317967
 0.634059560632665
 -0.15969265296119067
 0.9637408804343649
 0.99932172244443662
 0.51367074118915579
 0.79564447111414049
 -0.96414927247383364
 -0.79471385035234265
 0.0023020932183935843
 0.79750008827622731
 0.9629172873478028
 -0.79657321781796253
 -0.94200366979757377
 -0.99439821600798184
 -0.68591080477393629
 0.1642360482036235
 0.8846867284937584
 0.906505872236266
 -0.071304391795586203
 -0.64936051767992853
 0.51630187553582951
 0.75093258738581303
 0.91536727170487375
 0.94851151593640137
 0.98016283268951387
 0.87446671960772626
 -0.76395780318866069
 0.43536466339879998
 0.14300530760092806
 0.47093140178253623
 -0.45323823806721858
 -0.70138649497904204
 -0.88397021715310997
 -0.85838131514628069
 -0.92786582682140761
 -0.90715275704229548
 -0.73760846374062494
 -0.49911366156833592
 0.60270667751827289
 0.091189587921087126
 -0.93013761930787031
 0.64819262069187789
 -0.10493547390375864
 0.96849149417710867
 0.98629474709482945
 0.46550699135830681
 0.78435396419772463
 -0.97733185259986499
 0.28380687130319676
 -0.019182950395057383
 -0.32037957928655969
 -0.59162761605977232
 0.31601469873379551
 -0.94802428457192678
 -0.99871776062003026
 -0.95822557211480941
 -0.82702018425964863
 -0.61850621691532082
 -0.35217523621993413
 0.15817743084431238
 -0.69036505634113388
 -0.99373060737930219
 0.76296659435509939
 0.3736261111647376
 0.96455539355974218
 0.97634672945533696
 -0.0038368160058314137
 0.67352883541892117
 -0.96250208824059569
 0.1247546135053899
 -0.18086464573051755
 -0.46957695504264702
 -0.71439393018262132
 -0.89243045547475575
 -0.9870439493600085
 -0.90585685224972345
 -0.21096309853294973
 -0.72504855459477169
 0.99829988554123306
 0.55772175493586962
 -0.32328573226248619
 -0.94899651318043343
 -0.82529072569298034
 -0.049858050913987026
 0.97291362704571205
 0.97567848098621912
 0.41592259907073292
 -0.47228473929236653
 0.54491788372008809
 0.26610024882900052
 0.11256359432942846
 -0.3377702626083236
 -0.60637424912365256
 -0.81829530004591811
 -0.9537233602852011
 -0.99999882230188708
 -0.60148131058103105
 -0.81652712817408524
 -0.60393062484248683
 0.85441940454650211
 0.10340909394795389
 0.2690577826897263
 -0.98604036598681322
 -0.46414813962684615
 0.4242789487687742
 0.97765562399971406
 0.75898381154481431
 0.85601021937775568
 0.65980243410195294
 0.40191732837529215
 0.10646160669493009
 0.5653412151459779
 -0.48575640675906639
 -0.72715906615685566
 -0.21995516458155873
 -0.98983136742132305
 -0.88108336773961071
 -0.15666183615691048
 -0.71224273251685499
 0.99355785265223773
 0.51103476725282548
 0.1277995015959035
 -0.96495924273552103
 0.6757944842168484
 0.86691927435109684
 0.97700577919626508
 0.9957632809772784
 0.36506888685045302
 0.7609787877609705
 0.52938408740299536
 -0.68367397493892357
 0.16726305010568898
 -0.35504638522223064
 -0.62091521972729924
 0.20946266110028544
 -0.95909896399592787
 -0.99980097558199144
 -0.55644722963027093
 0.32473766826230821
 -0.58915019910744659
 -0.31747040782897623
 0.048325171352559641
 -0.76593482025537174
 -0.97534090919269134
 -0.41452642614610541
 0.47363696438451702
 0.99863888959664804
 0.7218699851659488
 -0.11408843738974658
 -0.85995193962079575
 0.38498633679420874
 0.088132491563609597
 -0.21695984392310549
 -0.50177110567169725
 0.60025452691696923
 -0.90844011502318567
 -0.93126037583336918
 -0.98336891810956462
 -0.88253094986404579
 0.73031198170342548
 -0.45050002278269863
 0.46278819464259663
 -0.42566819512619902
 -0.97797709263318722
 0.68925392602655566
 0.060584717496686646
 0.98076656270360296
 0.99390102147704307
 0.91412713582838767
 -0.56660648199307451
 -0.99886844535843011
 -0.6423302896377806
 0.22145204955192735
 0.9103551002125686
 0.88035646287310099
 0.15514587246881095
 -0.69258243610723424
 -0.99338275770275697
 -0.9409691150517755
 0.37647151477281421
 -0.57416995275079008
 -0.29995352783086127
 0.0023020932183935843
 -0.80026942036837689
 0.57793347080836122
 0.79750008827622731
 0.52154952634828522
 0.99487433075577603
 0.68255314321866201
 -0.16877596188281066
 -0.88682375306288164
 0.36792477034572635
 0.069773484752231343
 0.65285502065077339
 -0.51761562011456874
 0.55517139367099122
 -0.32618883937625204
 -0.99439821600798184
 -0.82355349158424873
 -0.046792177966206036
 -0.68591080477393629
 -0.43398250394614873
 0.4131292768474466
 -0.47498807387394915
 -0.98801033476922906
 -0.72080705811183032
 0.8846867284937584
 0.98419470203205239
 0.99170166301589102
 0.2601776877420115
 0.73657130166022011
 0.49778317453547566
 0.21246303906392794
 -0.092717815718463617
 0.93181846452520023
 -0.64936051767992853
 0.10035560692400715
 -0.96887257281824157
 -0.98552463682815961
 -0.46142715960880532
 -0.78340102697185532
 -0.55899496658575176
 -0.28233491333365301
 0.020717374963544161
 -0.83216174413215693
 0.59286423571776004
 -0.31164311913308568
 0.94851151593640592
 0.99894025871852765
 0.95778549015728354
 0.82615642793918065
 -0.9109891421147539
 -0.87962748441830119
 -0.15362954335073706
 0.69368868033596887
 -0.53328457614273284
 0.5083939785619066
 -0.92321742549042496
 -0.96576012155713209
 -0.79097267063101617
 -0.86461514160246733
 0.80118876405724115
 0.9612428924147971
 -0.12323172689716683
 0.18237385152714947
 0.47093140178253623
 0.71546700626009307
 0.17028847612566869
 0.98728903446803762
 0.90389699651915167
 0.20646030966758724
 0.72399073590500151
 0.48172677598880875
 -0.55389425006308268
 0.3276392421862615
 0.95043808879258174
 0.82268196381360825
 -0.85838131514628802
 -0.76790462100639278
 -0.9746588744632797
 -0.92786582682140228
 0.47633806457826483
 0.98824611464094247
 -0.26462053999945312
 0.039125630047652724
 0.33921439615447818
 -0.92555906657122378
 0.81917649590739106
 0.61245826520808466
 0.99995760315919946
 0.59779672096999548
 -0.27644046604345041
 0.60270667751827289
 -0.85201809329117661
 0.032990711232170816
 -0.27053560075472688
 0.98526328999226143
 0.46006503773119856
 -0.42844367671940398
 -0.97861311857772648
 -0.97183897284212029
 -0.85521581914817602
 0.83301182226409876
 0.94455120671081727
 -0.10493547390374451
 -0.56913300896187546
 -0.99900971917850867
 0.72821175405807848
 0.22444425114614314
