# Created by Octave 8.4.0, Thu Dec 11 09:16:06 2025 IST <gamana@Samsung>
# name: iq
# type: matrix
# rows: 2048
# columns: 1
 1
 0.60515314967079348
 -0.26757933088703645
 0.60515314967079337
 -0.85680260336409175
 -0.10798748872685082
 0.72610466550790553
 -0.54620409646762802
 0.46822140226297015
 -0.92900609941698054
 -0.97667740455693652
 -0.97255769945533388
 0.054455970544694823
 0.82788199261989504
 -0.40332217000396425
 0.31892536915557507
 0.19744169751515539
 -0.9985576663829947
 -0.64702319695337762
 0.89991984314001949
 0.9077975051441477
 0.88325162371234833
 0.89173695753970295
 0.71331917142438028
 -0.99406909454407066
 -0.51498691486160741
 0.37077718740857579
 -0.42010522672696088
 0.7956444711141426
 -0.86615326963267925
 -0.97667740455693652
 -0.99590323237511935
 -0.36935141386161585
 -0.76197358843289098
 -0.53068550131166847
 0.6870267976200668
 -0.16272196520846155
 0.35361122716835897
 0.61971144815431445
 -0.21396247916027278
 0.64819262069187789
 0.99983041623178193
 0.94753482023462876
 -0.32037957928655297
 0.59038960288433207
 -0.82702018425964863
 0.017648480643128749
 0.76296659435509484
 -0.56153743692579727
 -0.7853050539592259
 -0.46957695504264702
 -0.98704394936000728
 -0.96810813435476473
 -0.84716133746730915
 -0.64702319695337762
 -0.38640231949417558
 -0.089661145336106474
 -0.60637424912365256
 -0.99999882230188708
 -0.60393062484249249
 0.26905778268971947
 0.9920916021661278
 0.98364649651042202
 0.88325162371234833
 -0.72715906615685078
 -0.98654680508791737
 0.1612074989385934
 -0.14452409467834526
 -0.43674579739516622
 -0.68814117224586857
 -0.8752101648306293
 -0.98046585238934292
 -0.94704312407739244
 -0.31747040782898966
 -0.74991820004097443
 0.99863888959664804
 0.64585224921887574
 -0.21695984392310549
 -0.90844011502317967
 0.634059560632665
 0.83807101776911563
 0.68925392602654534
 0.99932172244443662
 0.94148750121272873
 0.79564447111414049
 0.57542581511072144
 -0.79471385035234265
 0.0023020932183935843
 0.79750008827622731
 0.9629172873478028
 0.36792477034572635
 -0.94200366979757377
 -0.9993770622619782
 -0.96333021840326272
 0.1642360482036235
 -0.63287203175829598
 0.906505872236266
 -0.071304391795586203
 0.23340805554780536
 -0.99838816415566489
 -0.55899496658575176
 0.91536727170487375
 0.94851151593640137
 0.98016283268951387
 0.87446671960772626
 0.68702679762006169
 0.43536466339879998
 0.14300530760092806
 0.47093140178253623
 -0.45323823806721858
 -0.70138649497904204
 -0.88397021715310997
 -0.85838131514628069
 -0.99189780074717793
 -0.90715275704229548
 -0.73760846374062494
 -0.49911366156833592
 -0.21396247916026584
 -0.27053560075471322
 0.38781739206357746
 -0.85521581914818334
 0.84797579643587995
 0.72821175405807848
 0.98629474709482945
 0.93512086019445517
 -0.42288870306631471
 -0.97733185259986499
 -0.75998219468248429
 0.057520614988206521
 -0.32037957928655969
 0.9465491972583544
 -0.80757120990081976
 -0.56407461669631687
 -0.99871776062003026
 -0.95822557211480941
 0.21845776152962559
 0.90908058516579637
 0.8818081973056815
 -0.052923454120163547
 -0.69036505634113388
 0.53198566524571467
 -0.51235335761857304
 0.92262657540312143
 0.96455539355974218
 0.97634672945533696
 -0.0038368160058314137
 0.67352883541892117
 0.41871200264625297
 0.1247546135053899
 -0.18086464573051755
 0.99455926362965252
 0.68479319633608504
 -0.1657497443578384
 -0.88540115604661895
 -0.98939008741680945
 -0.21096309853294973
 0.65052688516665591
 -0.48307112512406863
 -0.19593694714062365
 -0.32328573226248619
 -0.94899651318043343
 -0.82529072569298034
 -0.049858050913987026
 0.97291362704571205
 0.97567848098621912
 0.92843705653776054
 -0.47228473929236653
 0.54491788372008809
 -0.72293121193018939
 -0.037592029547473621
 -0.3377702626083236
 0.92729241161337761
 -0.81829530004591811
 -0.9537233602852011
 -0.99998940073362763
 -0.60148131058103105
 -0.81652712817408524
 0.93070009365436368
 -0.33487961217098988
 -0.034524566527187259
 0.2690577826897263
 -0.98604036598681322
 -0.46414813962684615
 0.4242789487687742
 0.97765562399971406
 0.9721994811062209
 0.85601021937775568
 -0.83045570966328242
 -0.94605304094091414
 0.10646160669493009
 -0.19894598283625273
 0.99879427926736775
 0.64350579279766673
 -0.21995516458155873
 -0.98983136742132305
 -0.88108336773961071
 -0.8910413592107852
 0.69147456057248458
 0.99355785265223773
 0.51103476725282548
 -0.37504925466358852
 -0.96495924273552103
 0.6757944842168484
 0.0053715297560473045
 0.97700577919626508
 0.9957632809772784
 0.92143835717186395
 -0.52023944861085925
 -0.9947179686701888
 -0.68367397493892357
 0.16726305010568898
 0.88611349812894491
 -0.62091521972729924
 0.20946266110028544
 -0.95909896399592787
 -0.99980097558199144
 -0.55644722963027093
 -0.8057571325940257
 0.94947927516166009
 0.82442307956011951
 0.048325171352559641
 0.28674877834389367
 -0.97534090919269134
 -0.41452642614610541
 0.47363696438451702
 0.98777222774170659
 0.96772249425417678
 -0.11408843738974658
 0.64585224921887574
 0.38498633679420874
 0.088132491563609597
 0.61002896648465676
 0.99998115688567257
 0.60025452691696923
 -0.27348932174976931
 -0.99228306681626133
 -0.85362097744857279
 -0.10188247042275954
 0.73031198170342548
 0.98578366236304771
 -0.15969265296119067
 0.14604254134424832
 0.43812590268212964
 -0.75798364069952995
 0.87595154858681679
 0.98076656270360296
 0.99390102147704307
 0.91412713582838767
 -0.56660648199307451
 -0.99886844535843011
 0.23042228230537098
 0.22145204955192735
 0.9103551002125686
 -0.63524559604554065
 0.15514587246881095
 -0.69258243610723424
 -0.99338275770275697
 -0.50971497319771586
 -0.79471385035233399
 0.96536081904994131
 0.79191076566087004
 0.0023020932183935843
 0.3043425181213476
 0.57793347080836122
 0.79750008827622731
 0.52154952634828522
 0.99487433075577603
 0.68255314321866201
 0.83639249410950756
 -0.88682375306288164
 -0.90455241285493049
 -0.20796173030008755
 -0.23490011927419616
 -0.51761562011456874
 -0.7519452059868672
 -0.32618883937625204
 -0.99439821600798184
 -0.97985750431784746
 -0.046792177966206036
 0.76692062383185378
 -0.43398250394614873
 0.4131292768474466
 -0.47498807387394915
 0.4546057459877848
 0.70247959528018322
 0.8846867284937584
 0.98419470203205239
 0.99170166301589102
 0.906505872236266
 0.73657130166022011
 -0.99997055768587484
 -0.59902632941566003
 -0.092717815718463617
 0.93181846452520023
 0.85282053973501504
 0.10035560692400715
 -0.96887257281824157
 -0.98552463682815961
 -0.93457595984954878
 0.42705643886636363
 0.97829625774311346
 0.75698168450242054
 -0.06211655650361627
 0.32183303479668407
 0.59286423571776004
 0.80847539639604582
 0.94851151593640592
 0.99894025871852765
 0.95778549015728354
 0.82615642793918065
 0.61729952884911965
 0.35073841575927878
 0.051390813039935278
 -0.25276072413051021
 0.99320532294327812
 -0.7639578031886699
 -0.37789288814250754
 -0.99617609760654102
 -0.79097267063101617
 -0.86461514160246733
 0.80118876405724115
 -0.4173177923328662
 0.3622095638296921
 -0.52285837562992521
 0.47093140178253623
 0.71546700626009307
 0.89312185138248557
 0.88753191917548446
 0.98916595154481612
 0.89857715128068705
 -0.65401678316449274
 -0.99802094220665827
 -0.55389425006308268
 -0.1110384861372592
 -0.40612900000404117
 -0.66325519730728677
 0.045259074365704664
 -0.97326726303900257
 -0.99717367862900375
 -0.92786582682140228
 -0.77182249939500824
 0.98824611464094247
 0.71974243327150733
 -0.11713731374898172
 0.33921439615447818
 -0.92555906657122378
 -0.25869550669401586
 0.61245826520808466
 0.99995760315919946
 0.95232884322163303
 0.81564015632847064
 -0.93237435841533678
 -0.85201809329117661
 -0.098828507048008718
 -0.27053560075472688
 0.98526328999226143
 0.46006503773119856
 -0.93013761930787031
 -0.97861311857772648
 -0.75597794531356421
 0.063648249201443158
 0.83301182226409876
 -0.40051154007206008
 -0.10493547390374451
 0.20044979956074258
 -0.99900971917850867
 -0.63997474726332781
