# Created by Octave 8.4.0, Thu Dec 11 09:16:06 2025 IST <gamana@Samsung>
# name: iq
# type: matrix
# rows: 2048
# columns: 1
 1
 0.60515314967079348
 0.81741217677477895
 0.60515314967079337
 0.336325333479365
 -0.10798748872685082
 0.72610466550790553
 0.98679653937238487
 0.46822140226297015
 -0.92900609941698054
 -0.99739959216031482
 -0.97255769945533388
 0.054455970544694823
 0.82788199261989504
 -0.40332217000396425
 -0.10798748872685082
 -0.56153743692579583
 -0.9985576663829947
 -0.64702319695337762
 0.2154614152901913
 0.9077975051441477
 0.88325162371234833
 0.1612074989385934
 0.71331917142438028
 -0.99406909454407066
 0.17935501392598432
 0.37077718740857579
 0.9637408804343649
 0.7956444711141426
 -0.00076736500861407635
 -0.79657321781796042
 -0.99590323237511935
 -0.36935141386161585
 0.51630187553582951
 -0.53068550131166847
 -0.24978974675651788
 0.054455970544694823
 -0.88397021715310997
 0.61971144815431445
 0.82788199261989504
 0.95866339707144232
 0.99983041623178193
 0.94753482023462876
 0.80666512125541268
 0.59038960288433207
 0.31892536915557335
 0.017648480643128749
 0.76296659435509484
 -0.56153743692579727
 0.41871200264625297
 -0.93566355795921996
 -0.98704394936000728
 -0.96810813435476473
 0.10951311640544466
 -0.64702319695337762
 0.92843705653776321
 -0.089661145336106474
 0.2154614152901913
 0.50044297299076146
 -0.60393062484249249
 0.26905778268971947
 0.92957295411873897
 0.98364649651042202
 0.10646160669493715
 0.70029174263479022
 -0.98654680508791737
 0.1612074989385934
 0.42149746129340016
 0.97700577919626364
 -0.68814117224586857
 -0.055988358703831516
 -0.82874185099002262
 -0.94704312407739244
 -0.31747040782898966
 -0.74991820004097443
 0.99863888959664804
 0.64585224921887574
 0.072835130888845759
 0.37077718740857579
 0.634059560632665
 0.83807101776911563
 0.9637408804343649
 0.99932172244443662
 0.94148750121272873
 0.79564447111414049
 0.57542581511072144
 0.30141723570001927
 -0.00076736500861407635
 0.79750008827622731
 0.9629172873478028
 -0.79657321781796253
 -0.94200366979757377
 -0.99439821600798184
 -0.68591080477393629
 -0.8372327419467338
 -0.63287203175829598
 0.906505872236266
 -0.071304391795586203
 0.23340805554780536
 -0.99838816415566489
 -0.55899496658575176
 0.32183303479668407
 0.99423482618450487
 0.82615642793918065
 0.87446671960772626
 -0.76395780318866069
 -0.97601375467033502
 0.14300530760092806
 0.47093140178253623
 0.98728903446803762
 -0.70138649497904204
 -0.1110384861372592
 -0.85838131514628069
 -0.99189780074717793
 -0.90715275704229548
 -0.73760846374062494
 -0.49911366156833592
 -0.21396247916026584
 0.091189587921087126
 -0.93013761930787031
 0.64819262069187789
 0.84797579643587995
 0.72821175405807848
 0.98629474709482945
 0.93512086019445517
 0.78435396419772463
 -0.97733185259986499
 0.28380687130319676
 -0.019182950395057383
 0.82959975734471325
 -0.59162761605977232
 -0.80757120990081976
 -0.94802428457192678
 -0.99871776062003026
 -0.95822557211480941
 0.21845776152962559
 -0.61850621691532082
 -0.35217523621993413
 -0.052923454120163547
 -0.69036505634113388
 0.53198566524571467
 0.76296659435509939
 0.92262657540312143
 0.99604083802624588
 0.79378135772453473
 0.86538522478011948
 0.67352883541892117
 -0.96250208824059569
 -0.36649726022122142
 0.5189281455033995
 0.99455926362965252
 -0.71439393018262132
 -0.89243045547475575
 -0.88540115604661895
 -0.90585685224972345
 -0.89924955625485847
 -0.72504855459477169
 0.99829988554123306
 0.55772175493586962
 -0.32328573226248619
 0.40472606164912256
 0.6621058348567973
 -0.049858050913987026
 0.97291362704571205
 0.97567848098621912
 0.41592259907073292
 -0.47228473929236653
 0.54491788372008809
 0.26610024882900052
 0.11256359432942846
 -0.3377702626083236
 0.92729241161337761
 0.26314020788369136
 -0.6088121604017056
 -0.99999882230188708
 -0.60148131058103105
 0.27201278160118081
 -0.60393062484248683
 -0.33487961217098988
 0.10340909394795389
 -0.72926272673208903
 -0.98604036598681322
 0.77474182782419287
 0.92957295411873897
 0.97765562399971406
 0.9721994811062209
 0.85601021937775568
 0.65980243410195294
 -0.94605304094091414
 0.10646160669493009
 0.5653412151459779
 -0.48575640675906639
 0.64350579279766673
 -0.90058801035737768
 -0.90971891406342786
 -0.98654680508791737
 -0.15666183615691048
 -0.71224273251685499
 0.99355785265223773
 0.51103476725282548
 0.1277995015959035
 0.42149746129340659
 -0.79284699542711268
 0.0053715297560473045
 0.97700577919626508
 0.9957632809772784
 0.36506888685045302
 0.7609787877609705
 -0.9947179686701888
 -0.68367397493892357
 -0.055988358703845706
 0.88611349812894491
 -0.62091521972729924
 -0.82874185099002262
 -0.65169172040482393
 -0.9982092555350186
 -0.94704312407739244
 0.32473766826230821
 -0.58915019910744659
 0.82442307956011951
 -0.016113969322028313
 -0.76593482025537174
 0.56280668962743263
 0.7862542940161692
 0.47363696438451702
 0.99863888959664804
 0.7218699851659488
 0.84634488309812139
 0.64585224921887574
 0.38498633679420874
 0.088132491563609597
 -0.21695984392310549
 0.99998115688567257
 -0.73967757338202433
 -0.27348932174976931
 -0.93126037583336918
 -0.98336891810956462
 -0.88253094986404579
 -0.69919534082601087
 -0.45050002278269863
 -0.15969265296119067
 -0.42566819512619902
 -0.97797709263318722
 0.68925392602655566
 0.060584717496686646
 0.98076656270360296
 0.94555465629370727
 0.31310105095444601
 -0.56660648199307451
 -0.99886844535843011
 -0.6423302896377806
 -0.074365698426512916
 0.9103551002125686
 0.88035646287310099
 0.15514587246881095
 -0.69258243610723424
 -0.99926402882828158
 -0.9409691150517755
 -0.79471385035233399
 0.96536081904994131
 -0.29995352783086127
 0.0023020932183935843
 0.3043425181213476
 -0.96166488978812192
 -0.36363965359780637
 0.52154952634828522
 0.99487433075577603
 0.68255314321866201
 0.83639249410950756
 0.63168301221953482
 0.36792477034572635
 0.069773484752231343
 -0.23490011927419616
 -0.51761562011456874
 -0.7519452059868672
 -0.32618883937625204
 -0.94995980074298558
 -0.97985750431784746
 -0.87372121466920871
 0.76692062383185378
 -0.43398250394614873
 0.4131292768474466
 0.16423604820363752
 0.4546057459877848
 0.70247959528018322
 0.11561301172658989
 0.86073421449037835
 0.92613903012995313
 0.2601776877420115
 -0.61124433570766012
 0.49778317453547566
 0.21246303906392794
 -0.092717815718463617
 -0.38923155116934799
 -0.64936051767992853
 -0.84878825808546021
 -0.96887257281824157
 -0.99838816415566412
 -0.93457595984954878
 0.42705643886636363
 -0.55899496658575176
 -0.28233491333365301
 -0.06211655650361627
 -0.83216174413215693
 0.59286423571776004
 0.80847539639604582
 0.94851151593640592
 0.99894025871852765
 0.64115327353555451
 0.82615642793918065
 -0.9109891421147539
 -0.87962748441830119
 0.051390813039935278
 0.69368868033596887
 0.99320532294327812
 0.5083939785619066
 -0.37789288814250754
 -0.96576012155713209
 -0.97601375467033502
 -0.86461514160246733
 -0.67239363004398134
 0.9612428924147971
 -0.12323172689716683
 -0.52285837562992521
 0.47093140178253623
 -0.68143070381530291
 0.89312185138248557
 0.88753191917548446
 0.98916595154481612
 0.20646030966758724
 0.72399073590500151
 0.48172677598880875
 0.19443173525695573
 0.3276392421862615
 -0.40612900000404117
 0.82268196381360825
 -0.85838131514628802
 -0.76790462100639278
 -0.99717367862900375
 -0.41173115446567415
 0.47633806457826483
 -0.54363038747502812
 0.71974243327150733
 0.039125630047652724
 -0.86151446198985537
 -0.92555906657122378
 -0.25869550669401586
 0.95418370796813667
 0.99995760315919946
 0.59779672096999548
 -0.27644046604345041
 -0.93237435841533678
 -0.85201809329117661
 0.032990711232170816
 0.73240532865648289
 0.98526328999226143
 -0.7757112907044148
 -0.93013761930787031
 -0.97861311857772648
 -0.97183897284212029
 0.063648249201443158
 -0.65864840122301938
 -0.40051154007206008
 0.31018445326869876
 0.20044979956074258
 0.4870973329339145
 -0.63997474726332781
 0.9012540563331356
