# Created by Octave 8.4.0, Thu Dec 11 09:16:06 2025 IST <gamana@Samsung>
# name: iq
# type: matrix
# rows: 2048
# columns: 1
 1
 0.95326076620586331
 0.81741217677477895
 -0.92900609941698054
 -0.85680260336409175
 0.036058340503170451
 0.72610466550790553
 0.98679653937238487
 -0.7737705401199878
 -0.42010522672696088
 -0.99739959216031482
 -0.76197358843289098
 -0.85680260336409153
 0.82788199261989504
 -0.40332217000396425
 -0.10798748872685082
 -0.56153743692579583
 0.48441433643541743
 0.72610466550790553
 0.89991984314001949
 0.9077975051441477
 0.98679653937238465
 0.89173695753970295
 0.71331917142438028
 0.46822140226296938
 0.17935501392598432
 -0.126277206267076
 -0.42010522672696088
 -0.67466245436658678
 -0.86615326963267925
 -0.97667740455693652
 -0.99590323237511935
 -0.36935141386161585
 0.51630187553582951
 0.99423482618450443
 -0.24978974675651788
 0.054455970544694823
 0.35361122716835897
 0.61971144815431445
 -0.21396247916027278
 0.95866339707144232
 0.99847409117038255
 0.94753482023462876
 0.80666512125541268
 -0.94802428457192678
 0.31892536915557335
 0.017648480643128749
 -0.28527816079509682
 -0.56153743692579727
 0.41871200264625297
 -0.46957695504264702
 -0.99855766638299481
 -0.72504855459477169
 -0.84716133746730915
 -0.64702319695337762
 -0.38640231949417558
 0.26610024882900735
 0.2154614152901913
 -0.99999882230188708
 0.73864388846083573
 0.9077975051441477
 0.9920916021661278
 0.85601021937775568
 0.88325162371234833
 -0.72715906615685078
 -0.98654680508791737
 -0.46686474663636957
 -0.14452409467834526
 -0.43674579739516622
 -0.68814117224586857
 -0.055988358703831516
 -0.82874185099002262
 -0.99406909454407066
 -0.91474828106395512
 0.56280668962743263
 0.99863888959664804
 -0.23191544205296488
 0.072835130888845759
 0.37077718740857579
 -0.88253094986404579
 -0.15969265296119067
 0.68925392602654534
 0.99390102147704307
 0.51367074118915579
 0.79564447111414049
 0.57542581511072144
 0.30141723570001927
 -0.00076736500861407635
 0.79750008827622731
 -0.57668032211486553
 -0.79657321781796253
 -0.51761562011455653
 -0.99439821600798184
 -0.96333021840326272
 -0.8372327419467338
 -0.63287203175829598
 -0.36935141386161252
 0.21246303906394182
 -0.64936051767992853
 0.51630187553582951
 -0.55899496658575176
 0.91536727170487375
 0.94851151593640137
 0.98016283268951387
 0.87446671960772626
 -0.76395780318866069
 0.43536466339879998
 0.14300530760092806
 -0.16272196520846155
 0.98728903446803762
 0.72399073590501128
 -0.1110384861372592
 -0.98392175803403514
 -0.99189780074717793
 -0.26462053999945312
 0.60759392032488957
 0.99999528921032244
 0.60270667751827289
 -0.27053560075471322
 0.38781739206357746
 0.64819262069187789
 -0.10493547390375864
 0.96849149417710867
 0.99847409117038255
 0.93512086019445517
 -0.42288870306631471
 -0.97733185259986499
 -0.75998219468248429
 -0.019182950395057383
 0.82959975734471325
 0.9465491972583544
 0.31601469873379551
 -0.56407461669631687
 -0.99871776062003026
 -0.64467978024643724
 -0.82702018425964863
 0.90908058516579637
 0.8818081973056815
 -0.052923454120163547
 0.25127553137023834
 -0.99373060737930219
 0.76296659435509939
 0.92262657540312143
 0.96455539355974218
 0.79378135772453473
 0.86538522478011948
 -0.79842508030578996
 -0.96250208824059569
 0.1247546135053899
 -0.18086464573051755
 0.99455926362965252
 0.68479319633608504
 -0.1657497443578384
 -0.88540115604661895
 -0.98939008741680945
 -0.21096309853294973
 0.65052688516665591
 0.99829988554123306
 0.55772175493586962
 -0.32328573226248619
 0.40472606164912256
 0.6621058348567973
 0.85759296924080952
 0.97291362704571205
 0.97567848098621912
 0.92843705653776054
 -0.47228473929236653
 -0.98753179411920244
 0.26610024882900052
 0.11256359432942846
 0.85916763922364559
 -0.60637424912365256
 -0.81829530004591811
 -0.6088121604017056
 -0.99998940073362763
 -0.9527959268197127
 0.27201278160118081
 -0.60393062484248683
 0.85441940454650211
 -0.034524566527187259
 0.2690577826897263
 0.54748902268809918
 -0.46414813962684615
 0.4242789487687742
 0.99750902515076378
 0.75898381154481431
 -0.059052735788742081
 0.65980243410195294
 -0.94605304094091414
 -0.31455824529877263
 0.5653412151459779
 -0.48575640675906639
 -0.72715906615685566
 -0.90058801035737768
 -0.90971891406342786
 -0.98654680508791737
 -0.8910413592107852
 -0.71224273251685499
 -0.46686474663636957
 0.51103476725282548
 0.1277995015959035
 0.42149746129340659
 -0.79284699542711268
 0.86691927435109684
 0.97700577919626508
 0.9957632809772784
 0.92143835717186395
 0.7609787877609705
 0.52938408740299536
 0.24830337378897069
 0.16726305010568898
 0.88611349812894491
 0.90520569861137001
 -0.82874185099002262
 -0.95909896399592787
 -0.99980097558199144
 -0.94704312407739244
 0.32473766826230821
 -0.58915019910744659
 -0.31747040782897623
 0.048325171352559641
 0.28674877834389367
 -0.97534090919269134
 0.7862542940161692
 0.47363696438451702
 0.98777222774170659
 0.7218699851659488
 -0.11408843738974658
 0.64585224921887574
 0.38498633679420874
 0.088132491563609597
 -0.21695984392310549
 -0.50177110567169725
 0.60025452691696923
 -0.90844011502318567
 -0.93126037583336918
 -0.98336891810956462
 -0.88253094986404579
 0.73031198170342548
 -0.45050002278269863
 -0.15969265296119067
 0.14604254134424832
 0.43812590268212964
 -0.75798364069952995
 0.87595154858681679
 0.83130970592959941
 0.99390102147704307
 0.91412713582838767
 0.74890204634163549
 -0.99886844535843011
 0.23042228230537098
 0.22145204955192735
 -0.37220208762835455
 0.88035646287310099
 0.15514587246881095
 -0.96414927247383364
 -0.99338275770275697
 -0.50971497319771586
 -0.79471385035233399
 -0.57416995275079008
 -0.29995352783086127
 0.0023020932183935843
 0.3043425181213476
 0.57793347080836122
 0.79750008827622731
 0.52154952634828522
 0.99487433075577603
 0.68255314321866201
 0.83639249410950756
 0.63168301221953482
 -0.90455241285493049
 -0.20796173030008755
 0.65285502065077339
 0.99811627435049122
 0.55517139367099122
 -0.32618883937625204
 -0.94995980074298558
 -0.97985750431784746
 -0.87372121466920871
 0.76692062383185378
 0.97500104008487365
 0.4131292768474466
 -0.47498807387394915
 0.4546057459877848
 -0.72080705811183032
 0.8846867284937584
 0.86073421449037835
 0.92613903012995313
 0.2601776877420115
 0.73657130166022011
 0.49778317453547566
 -0.59902632941566003
 -0.092717815718463617
 -0.38923155116934799
 0.85282053973501504
 0.10035560692400715
 -0.73135951650067665
 -0.98552463682815961
 -0.93457595984954878
 0.42705643886636363
 -0.55899496658575176
 -0.28233491333365301
 -0.06211655650361627
 -0.83216174413215693
 0.59286423571776004
 0.80847539639604582
 0.94851151593640592
 0.99894025871852765
 0.95778549015728354
 -0.22294841291494655
 -0.9109891421147539
 0.35073841575927878
 -0.15362954335073706
 0.69368868033596887
 -0.53328457614273284
 -0.7639578031886699
 -0.37789288814250754
 -0.96576012155713209
 -0.79097267063101617
 -0.86461514160246733
 0.80118876405724115
 -0.4173177923328662
 0.3622095638296921
 0.18237385152714947
 -0.99502834951811658
 -0.68143070381530291
 0.89312185138248557
 0.98728903446803762
 0.98916595154481612
 0.20646030966758724
 -0.65401678316449274
 0.48172677598880875
 -0.55389425006308268
 -0.1110384861372592
 -0.40612900000404117
 -0.66325519730728677
 -0.85838131514628802
 -0.76790462100639278
 -0.99717367862900375
 -0.41173115446567415
 -0.77182249939500824
 -0.54363038747502812
 -0.26462053999945312
 -0.11713731374898172
 -0.86151446198985537
 -0.92555906657122378
 0.81917649590739106
 0.61245826520808466
 0.99999528921032244
 0.95232884322163303
 -0.27644046604345041
 0.60270667751827289
 -0.85201809329117661
 0.032990711232170816
 0.73240532865648289
 -0.5487726593549993
 0.46006503773119856
 -0.93013761930787031
 -0.97861311857772648
 -0.97183897284212029
 -0.85521581914817602
 0.83301182226409876
 0.94455120671081727
 -0.10493547390374451
 -0.56913300896187546
 -0.99900971917850867
 0.72821175405807848
 0.22444425114614314
