# Created by Octave 8.4.0, Thu Dec 11 09:16:06 2025 IST <gamana@Samsung>
# name: iq
# type: matrix
# rows: 2048
# columns: 1
 1
 0.60515314967079348
 0.81741217677477895
 -0.92900609941698054
 0.336325333479365
 -0.10798748872685082
 0.72610466550790553
 -0.54620409646762802
 0.46822140226297015
 -0.92900609941698054
 -0.97667740455693652
 -0.97255769945533388
 -0.85680260336409153
 -0.66095491288473074
 -0.40332217000396425
 0.31892536915557507
 0.19744169751515539
 0.48441433643541743
 0.72610466550790553
 0.89991984314001949
 0.98961189288312468
 0.88325162371234833
 0.89173695753970295
 0.71331917142438028
 -0.99406909454407066
 0.17935501392598432
 0.37077718740857579
 -0.42010522672696088
 0.7956444711141426
 -0.00076736500861407635
 -0.97667740455693652
 -0.96333021840326272
 -0.36935141386161585
 -0.76197358843289098
 0.99423482618450443
 0.6870267976200668
 0.054455970544694823
 0.35361122716835897
 0.61971144815431445
 -0.21396247916027278
 0.95866339707144232
 0.99847409117038255
 0.94753482023462876
 0.80666512125541268
 -0.94802428457192678
 0.31892536915557335
 -0.052923454120163547
 -0.28527816079509682
 0.97634672945533696
 -0.7853050539592259
 -0.93566355795921996
 -0.98704394936000728
 -0.72504855459477169
 0.10951311640544466
 -0.64702319695337762
 0.92843705653776321
 -0.089661145336106474
 -0.60637424912365256
 0.50044297299076146
 0.73864388846083573
 0.9077975051441477
 0.92957295411873897
 0.98364649651042202
 0.88325162371234833
 0.70029174263479022
 0.45186966259101069
 0.1612074989385934
 -0.14452409467834526
 0.97700577919626364
 -0.68814117224586857
 -0.055988358703831516
 -0.98046585238934292
 -0.94704312407739244
 -0.91474828106395512
 -0.74991820004097443
 -0.51498691486160741
 0.64585224921887574
 -0.21695984392310549
 -0.90844011502317967
 -0.88253094986404579
 0.83807101776911563
 0.68925392602654534
 0.99932172244443662
 0.94148750121272873
 0.79564447111414049
 -0.96414927247383364
 0.30141723570001927
 -0.00076736500861407635
 -0.30288023361216132
 0.9629172873478028
 0.36792477034572635
 -0.51761562011455653
 -0.9993770622619782
 -0.96333021840326272
 -0.8372327419467338
 -0.63287203175829598
 -0.36935141386161252
 0.21246303906394182
 0.23340805554780536
 0.51630187553582951
 0.75093258738581303
 0.32183303479668407
 0.99423482618450487
 0.98016283268951387
 0.87446671960772626
 0.68702679762006169
 -0.97601375467033502
 -0.41731779233287913
 -0.16272196520846155
 0.98728903446803762
 -0.70138649497904204
 -0.1110384861372592
 -0.98392175803403514
 -0.99189780074717793
 -0.26462053999945312
 0.60759392032488957
 0.99999528921032244
 -0.21396247916026584
 -0.27053560075471322
 -0.93013761930787031
 -0.85521581914818334
 0.84797579643587995
 0.72821175405807848
 0.99847409117038255
 0.46550699135830681
 0.78435396419772463
 0.56026686158099936
 0.28380687130319676
 -0.019182950395057383
 0.82959975734471325
 -0.59162761605977232
 0.31601469873379551
 -0.94802428457192678
 -0.99871776062003026
 -0.64467978024643724
 0.21845776152962559
 -0.61850621691532082
 0.8818081973056815
 -0.052923454120163547
 -0.69036505634113388
 0.53198566524571467
 0.76296659435509939
 0.92262657540312143
 0.99604083802624588
 0.97634672945533696
 0.86538522478011948
 0.67352883541892117
 -0.96250208824059569
 -0.36649726022122142
 0.5189281455033995
 -0.46957695504264702
 -0.71439393018262132
 -0.1657497443578384
 -0.9870439493600085
 -0.98939008741680945
 -0.89924955625485847
 -0.72504855459477169
 0.99829988554123306
 0.55772175493586962
 0.10951311640544466
 -0.94899651318043343
 0.6621058348567973
 -0.049858050913987026
 0.76494721259890497
 0.99728780989863108
 0.41592259907073292
 0.77279742987957578
 -0.98753179411920244
 -0.72293121193018939
 -0.037592029547473621
 -0.3377702626083236
 -0.60637424912365256
 0.26314020788369136
 -0.6088121604017056
 -0.99998940073362763
 -0.9527959268197127
 -0.81652712817408524
 -0.60393062484248683
 0.85441940454650211
 0.10340909394795389
 -0.72926272673208903
 -0.98604036598681322
 0.77474182782419287
 0.4242789487687742
 0.97765562399971406
 0.9721994811062209
 0.85601021937775568
 -0.83045570966328242
 0.40191732837529215
 -0.31455824529877263
 -0.19894598283625273
 0.99879427926736775
 0.64350579279766673
 -0.90058801035737768
 -0.90971891406342786
 -0.98654680508791737
 -0.8910413592107852
 -0.71224273251685499
 -0.46686474663636957
 -0.17784495966932298
 -0.37504925466358852
 -0.96495924273552103
 -0.79284699542711268
 0.86691927435109684
 0.79934819172794036
 0.9957632809772784
 0.92143835717186395
 -0.52023944861085925
 -0.9947179686701888
 0.24830337378897069
 -0.055988358703845706
 0.88611349812894491
 0.90520569861137001
 0.20946266110028544
 -0.95909896399592787
 -0.99980097558199144
 -0.55644722963027093
 -0.8057571325940257
 -0.58915019910744659
 -0.31747040782897623
 0.048325171352559641
 0.28674877834389367
 -0.97534090919269134
 0.7862542940161692
 0.47363696438451702
 0.99863888959664804
 0.7218699851659488
 -0.11408843738974658
 0.64585224921887574
 0.38498633679420874
 -0.2616592559684634
 -0.21695984392310549
 0.99998115688567257
 0.60025452691696923
 -0.27348932174976931
 -0.99228306681626133
 -0.98336891810956462
 -0.10188247042275954
 0.73031198170342548
 0.98578366236304771
 0.46278819464259663
 -0.42566819512619902
 0.43812590268212964
 0.68925392602655566
 0.87595154858681679
 0.83130970592959941
 0.99390102147704307
 0.31310105095444601
 -0.56660648199307451
 0.51367074118914369
 0.23042228230537098
 -0.074365698426512916
 0.9103551002125686
 0.88035646287310099
 -0.83890731960218134
 -0.96414927247383364
 -0.99338275770275697
 -0.9409691150517755
 0.37647151477281421
 0.96536081904994131
 -0.29995352783086127
 0.0023020932183935843
 -0.80026942036837689
 0.57793347080836122
 0.79750008827622731
 0.94251761959052915
 0.99943004815055925
 0.96291728734779902
 -0.16877596188281066
 0.63168301221953482
 0.36792477034572635
 -0.20796173030008755
 0.65285502065077339
 0.99811627435049122
 -0.7519452059868672
 -0.9159841062931755
 -0.94995980074298558
 -0.97985750431784746
 -0.046792177966206036
 0.76692062383185378
 -0.43398250394614873
 0.4131292768474466
 0.16423604820363752
 -0.98801033476922906
 0.70247959528018322
 0.8846867284937584
 0.86073421449037835
 0.99170166301589102
 0.906505872236266
 -0.61124433570766012
 -0.99997055768587484
 -0.59902632941566003
 0.27496521772261423
 -0.38923155116934799
 -0.64936051767992853
 -0.84878825808546021
 -0.96887257281824157
 -0.98552463682815961
 -0.46142715960880532
 -0.78340102697185532
 0.97829625774311346
 -0.28233491333365301
 0.020717374963544161
 0.32183303479668407
 -0.94505404449062247
 -0.31164311913308568
 0.94851151593640592
 0.99988223247719876
 0.64115327353555451
 0.82615642793918065
 0.61729952884911965
 -0.87962748441830119
 -0.15362954335073706
 -0.25276072413051021
 0.99320532294327812
 0.5083939785619066
 -0.37789288814250754
 -0.96576012155713209
 -0.97601375467033502
 0.0084409156854071687
 -0.67239363004398134
 0.9612428924147971
 -0.12323172689716683
 -0.52285837562992521
 0.47093140178253623
 -0.68143070381530291
 0.89312185138248557
 0.88753191917548446
 0.98916595154481612
 0.89857715128068705
 0.72399073590500151
 0.48172677598880875
 -0.55389425006308268
 0.3276392421862615
 -0.40612900000404117
 0.82268196381360825
 0.045259074365704664
 -0.97326726303900257
 -0.99717367862900375
 -0.41173115446567415
 -0.77182249939500824
 0.98824611464094247
 -0.26462053999945312
 -0.11713731374898172
 0.33921439615447818
 0.60759392032490089
 0.81917649590739106
 0.95418370796813667
 0.99995760315919946
 0.95232884322163303
 -0.27644046604345041
 0.60270667751827289
 -0.85201809329117661
 0.032990711232170816
 0.73240532865648289
 -0.5487726593549993
 -0.7757112907044148
 -0.93013761930787031
 -0.97861311857772648
 -0.75597794531356421
 -0.85521581914817602
 0.83301182226409876
 -0.40051154007206008
 0.31018445326869876
 0.20044979956074258
 -0.99900971917850867
 0.72821175405807848
 0.22444425114614314
