# Created by Octave 8.4.0, Thu Dec 11 09:16:06 2025 IST <gamana@Samsung>
# name: iq
# type: matrix
# rows: 2048
# columns: 1
 1
 0.95326076620586331
 -0.26757933088703645
 0.60515314967079337
 0.336325333479365
 0.036058340503170451
 -0.26757933088703667
 -0.54620409646762802
 -0.7737705401199878
 -0.42010522672696088
 -0.97667740455693652
 -0.76197358843289098
 0.054455970544694823
 -0.66095491288473074
 -0.40332217000396425
 0.31892536915557507
 -0.56153743692579583
 0.48441433643541743
 -0.64702319695337762
 0.89991984314001949
 0.98961189288312468
 0.98679653937238465
 0.89173695753970295
 -0.68814117224586857
 -0.99406909454407066
 -0.51498691486160741
 0.37077718740857579
 0.9637408804343649
 0.7956444711141426
 -0.86615326963267925
 -0.97667740455693652
 -0.96333021840326272
 -0.92203355216466776
 -0.76197358843289098
 0.99423482618450443
 -0.24978974675651788
 -0.16272196520846155
 0.35361122716835897
 0.61971144815431445
 0.82788199261989504
 0.64819262069187789
 0.99847409117038255
 0.94753482023462876
 -0.32037957928655297
 0.59038960288433207
 0.31892536915557335
 0.017648480643128749
 -0.28527816079509682
 -0.56153743692579727
 0.41871200264625297
 -0.93566355795921996
 -0.99855766638299481
 -0.72504855459477169
 -0.84716133746730915
 0.85759296924080952
 0.92843705653776321
 -0.089661145336106474
 0.2154614152901913
 -0.99999882230188708
 -0.60393062484249249
 0.9077975051441477
 0.9920916021661278
 0.85601021937775568
 0.10646160669493715
 0.70029174263479022
 -0.98654680508791737
 -0.46686474663636957
 0.42149746129340016
 -0.43674579739516622
 -0.68814117224586857
 -0.8752101648306293
 -0.82874185099002262
 -0.99406909454407066
 -0.91474828106395512
 -0.74991820004097443
 0.99863888959664804
 0.64585224921887574
 -0.21695984392310549
 0.37077718740857579
 -0.88253094986404579
 0.83807101776911563
 0.9637408804343649
 0.99932172244443662
 0.94148750121272873
 0.79564447111414049
 0.57542581511072144
 -0.79471385035234265
 -0.00076736500861407635
 -0.30288023361216132
 -0.57668032211486553
 0.36792477034572635
 -0.51761562011455653
 -0.9993770622619782
 -0.96333021840326272
 0.1642360482036235
 -0.63287203175829598
 0.906505872236266
 0.21246303906394182
 -0.64936051767992853
 -0.99838816415566489
 -0.55899496658575176
 0.91536727170487375
 0.94851151593640137
 0.82615642793918065
 0.051390813039935278
 0.68702679762006169
 -0.97601375467033502
 -0.41731779233287913
 0.47093140178253623
 0.98728903446803762
 -0.70138649497904204
 -0.1110384861372592
 -0.85838131514628069
 -0.92786582682140761
 -0.90715275704229548
 0.60759392032488957
 0.99999528921032244
 -0.21396247916026584
 0.091189587921087126
 -0.93013761930787031
 0.64819262069187789
 0.84797579643587995
 0.72821175405807848
 0.99847409117038255
 0.93512086019445517
 0.78435396419772463
 0.56026686158099936
 -0.75998219468248429
 0.057520614988206521
 0.82959975734471325
 0.9465491972583544
 0.31601469873379551
 -0.56407461669631687
 -0.9998575018847834
 -0.64467978024643724
 -0.82702018425964863
 0.90908058516579637
 0.8818081973056815
 0.15817743084431238
 0.25127553137023834
 0.53198566524571467
 -0.51235335761857304
 0.3736261111647376
 0.99604083802624588
 0.79378135772453473
 -0.0038368160058314137
 -0.79842508030578996
 0.41871200264625297
 -0.36649726022122142
 0.5189281455033995
 -0.46957695504264702
 0.68479319633608504
 -0.89243045547475575
 -0.88540115604661895
 -0.90585685224972345
 -0.21096309853294973
 0.65052688516665591
 -0.48307112512406863
 0.55772175493586962
 -0.32328573226248619
 -0.94899651318043343
 0.6621058348567973
 -0.049858050913987026
 0.97291362704571205
 0.97567848098621912
 0.41592259907073292
 0.77279742987957578
 0.54491788372008809
 0.26610024882900052
 0.11256359432942846
 -0.3377702626083236
 0.92729241161337761
 -0.81829530004591811
 -0.9537233602852011
 -0.99998940073362763
 -0.60148131058103105
 -0.81652712817408524
 -0.60393062484248683
 0.85441940454650211
 0.10340909394795389
 0.2690577826897263
 -0.98604036598681322
 0.77474182782419287
 0.4242789487687742
 0.99750902515076378
 0.75898381154481431
 0.85601021937775568
 -0.83045570966328242
 0.40191732837529215
 0.10646160669493009
 -0.19894598283625273
 -0.48575640675906639
 -0.72715906615685566
 -0.90058801035737768
 -0.98983136742132305
 -0.98654680508791737
 -0.8910413592107852
 0.69147456057248458
 -0.46686474663636957
 0.51103476725282548
 0.1277995015959035
 0.42149746129340659
 -0.79284699542711268
 0.86691927435109684
 0.97700577919626508
 0.96208462205960266
 0.36506888685045302
 -0.52023944861085925
 0.52938408740299536
 -0.68367397493892357
 0.16726305010568898
 0.88611349812894491
 0.90520569861137001
 0.20946266110028544
 -0.95909896399592787
 -0.99980097558199144
 -0.94704312407739244
 -0.8057571325940257
 0.94947927516166009
 0.82442307956011951
 0.048325171352559641
 -0.76593482025537174
 -0.97534090919269134
 -0.41452642614610541
 0.93620405186557298
 0.99863888959664804
 0.96772249425417678
 -0.11408843738974658
 -0.85995193962079575
 0.38498633679420874
 -0.2616592559684634
 -0.21695984392310549
 0.99998115688567257
 -0.73967757338202433
 -0.27348932174976931
 -0.93126037583336918
 -0.85362097744857279
 -0.88253094986404579
 -0.69919534082601087
 -0.45050002278269863
 -0.15969265296119067
 0.14604254134424832
 -0.97797709263318722
 -0.75798364069952995
 0.060584717496686646
 0.98076656270360296
 0.94555465629370727
 0.31310105095444601
 0.74890204634163549
 -0.99886844535843011
 -0.6423302896377806
 0.22145204955192735
 -0.37220208762835455
 -0.63524559604554065
 -0.83890731960218134
 -0.69258243610723424
 -0.99338275770275697
 -0.9409691150517755
 0.37647151477281421
 0.96536081904994131
 -0.29995352783086127
 0.0023020932183935843
 -0.80026942036837689
 -0.96166488978812192
 -0.36363965359780637
 0.94251761959052915
 0.99487433075577603
 0.96291728734779902
 0.83639249410950756
 -0.88682375306288164
 -0.90455241285493049
 -0.20796173030008755
 0.65285502065077339
 0.99811627435049122
 0.55517139367099122
 -0.9159841062931755
 -0.99439821600798184
 -0.82355349158424873
 -0.046792177966206036
 0.76692062383185378
 0.97500104008487365
 -0.14148618368935256
 -0.47498807387394915
 -0.98801033476922906
 -0.72080705811183032
 0.8846867284937584
 0.98419470203205239
 0.92613903012995313
 0.906505872236266
 -0.61124433570766012
 -0.99997055768587484
 0.21246303906392794
 0.27496521772261423
 0.93181846452520023
 0.85282053973501504
 -0.84878825808546021
 -0.96887257281824157
 -0.99838816415566412
 -0.46142715960880532
 -0.78340102697185532
 -0.55899496658575176
 -0.28233491333365301
 -0.06211655650361627
 -0.83216174413215693
 -0.94505404449062247
 0.80847539639604582
 0.94851151593640592
 0.99894025871852765
 0.95778549015728354
 0.82615642793918065
 -0.9109891421147539
 -0.87962748441830119
 0.051390813039935278
 -0.25276072413051021
 0.99320532294327812
 -0.7639578031886699
 -0.37789288814250754
 -0.96576012155713209
 -0.79097267063101617
 -0.86461514160246733
 -0.67239363004398134
 0.9612428924147971
 -0.12323172689716683
 -0.52285837562992521
 -0.99502834951811658
 -0.68143070381530291
 0.17028847612566869
 0.88753191917548446
 0.90389699651915167
 0.89857715128068705
 0.72399073590500151
 -0.99802094220665827
 -0.55389425006308268
 0.3276392421862615
 0.95043808879258174
 0.82268196381360825
 -0.85838131514628802
 -0.97326726303900257
 -0.99717367862900375
 -0.41173115446567415
 -0.77182249939500824
 -0.54363038747502812
 0.71974243327150733
 -0.11713731374898172
 0.33921439615447818
 0.60759392032490089
 0.81917649590739106
 0.61245826520808466
 0.99999528921032244
 0.59779672096999548
 -0.27644046604345041
 0.60270667751827289
 -0.85201809329117661
 0.032990711232170816
 0.73240532865648289
 0.98526328999226143
 0.46006503773119856
 -0.42844367671940398
 -0.99761610861221961
 -0.75597794531356421
 -0.85521581914817602
 0.83301182226409876
 0.94455120671081727
 -0.10493547390374451
 0.20044979956074258
 -0.99900971917850867
 -0.63997474726332781
