# Created by Octave 8.4.0, Thu Dec 11 09:16:06 2025 IST <gamana@Samsung>
# name: iq
# type: matrix
# rows: 2048
# columns: 1
 1
 0.95326076620586331
 0.81741217677477895
 0.60515314967079337
 -0.85680260336409175
 -0.10798748872685082
 0.72610466550790553
 0.98679653937238487
 -0.7737705401199878
 -0.92900609941698054
 -0.99739959216031482
 -0.76197358843289098
 -0.85680260336409153
 -0.66095491288473074
 0.94753482023462932
 -0.10798748872685082
 0.19744169751515539
 -0.9985576663829947
 -0.64702319695337762
 0.89991984314001949
 0.98961189288312468
 0.88325162371234833
 0.1612074989385934
 -0.68814117224586857
 -0.99406909454407066
 0.17935501392598432
 -0.126277206267076
 0.9637408804343649
 -0.67466245436658678
 -0.00076736500861407635
 -0.79657321781796042
 -0.96333021840326272
 -0.92203355216466776
 0.51630187553582951
 0.99423482618450443
 -0.24978974675651788
 -0.16272196520846155
 0.35361122716835897
 -0.90715275704229548
 -0.21396247916027278
 0.95866339707144232
 0.99847409117038255
 0.56026686158099936
 -0.32037957928655297
 -0.94802428457192678
 -0.82702018425964863
 -0.052923454120163547
 0.76296659435509484
 0.97634672945533696
 -0.7853050539592259
 -0.93566355795921996
 -0.99855766638299481
 -0.96810813435476473
 0.10951311640544466
 -0.64702319695337762
 0.92843705653776321
 -0.089661145336106474
 -0.60637424912365256
 0.50044297299076146
 0.73864388846083573
 0.26905778268971947
 0.9920916021661278
 0.85601021937775568
 0.88325162371234833
 0.70029174263479022
 -0.98654680508791737
 -0.46686474663636957
 0.42149746129340016
 0.97700577919626364
 -0.68814117224586857
 -0.8752101648306293
 -0.82874185099002262
 -0.99406909454407066
 -0.91474828106395512
 -0.74991820004097443
 -0.51498691486160741
 0.64585224921887574
 0.072835130888845759
 -0.90844011502317967
 0.634059560632665
 -0.15969265296119067
 0.9637408804343649
 0.99390102147704307
 0.94148750121272873
 -0.37220208762835455
 0.57542581511072144
 -0.79471385035234265
 0.0023020932183935843
 -0.30288023361216132
 0.9629172873478028
 -0.79657321781796253
 -0.94200366979757377
 -0.99439821600798184
 -0.96333021840326272
 -0.8372327419467338
 0.8846867284937584
 0.906505872236266
 -0.071304391795586203
 -0.64936051767992853
 0.51630187553582951
 -0.55899496658575176
 0.32183303479668407
 0.94851151593640137
 0.98016283268951387
 0.051390813039935278
 -0.76395780318866069
 0.43536466339879998
 0.14300530760092806
 -0.16272196520846155
 0.98728903446803762
 -0.70138649497904204
 -0.1110384861372592
 -0.85838131514628069
 -0.92786582682140761
 -0.90715275704229548
 -0.73760846374062494
 0.99999528921032244
 0.60270667751827289
 -0.27053560075471322
 0.38781739206357746
 0.64819262069187789
 0.84797579643587995
 0.96849149417710867
 0.99847409117038255
 0.93512086019445517
 0.78435396419772463
 0.56026686158099936
 0.28380687130319676
 -0.019182950395057383
 -0.32037957928655969
 0.9465491972583544
 0.31601469873379551
 -0.94802428457192678
 -0.99871776062003026
 -0.95822557211480941
 -0.82702018425964863
 0.90908058516579637
 -0.35217523621993413
 0.15817743084431238
 -0.69036505634113388
 0.53198566524571467
 -0.51235335761857304
 0.3736261111647376
 0.96455539355974218
 0.97634672945533696
 -0.0038368160058314137
 -0.79842508030578996
 0.41871200264625297
 0.1247546135053899
 0.5189281455033995
 0.99455926362965252
 0.68479319633608504
 -0.1657497443578384
 -0.9870439493600085
 -0.98939008741680945
 -0.89924955625485847
 -0.72504855459477169
 -0.48307112512406863
 -0.19593694714062365
 0.10951311640544466
 -0.94899651318043343
 -0.82529072569298034
 0.85759296924080952
 0.97291362704571205
 0.99728780989863108
 0.41592259907073292
 0.77279742987957578
 0.54491788372008809
 -0.72293121193018939
 -0.037592029547473621
 -0.3377702626083236
 -0.60637424912365256
 0.26314020788369136
 -0.9537233602852011
 -0.99999882230188708
 -0.60148131058103105
 -0.81652712817408524
 -0.60393062484248683
 0.85441940454650211
 0.10340909394795389
 0.2690577826897263
 -0.98604036598681322
 0.77474182782419287
 0.4242789487687742
 0.99750902515076378
 0.9721994811062209
 0.85601021937775568
 0.65980243410195294
 0.40191732837529215
 -0.31455824529877263
 -0.19894598283625273
 0.99879427926736775
 0.64350579279766673
 -0.21995516458155873
 -0.98983136742132305
 -0.88108336773961071
 -0.8910413592107852
 -0.71224273251685499
 -0.46686474663636957
 -0.17784495966932298
 0.1277995015959035
 0.42149746129340659
 -0.79284699542711268
 0.86691927435109684
 0.97700577919626508
 0.9957632809772784
 0.36506888685045302
 0.7609787877609705
 -0.9947179686701888
 0.24830337378897069
 0.16726305010568898
 -0.35504638522223064
 -0.62091521972729924
 0.20946266110028544
 -0.95909896399592787
 -0.99980097558199144
 -0.55644722963027093
 0.32473766826230821
 -0.58915019910744659
 0.82442307956011951
 -0.016113969322028313
 -0.76593482025537174
 0.56280668962743263
 -0.41452642614610541
 0.93620405186557298
 0.98777222774170659
 0.7218699851659488
 0.84634488309812139
 0.64585224921887574
 -0.92671681226430636
 -0.2616592559684634
 -0.21695984392310549
 0.99998115688567257
 -0.73967757338202433
 -0.27348932174976931
 -0.93126037583336918
 -0.85362097744857279
 -0.88253094986404579
 -0.69919534082601087
 0.98578366236304771
 0.46278819464259663
 0.14604254134424832
 0.43812590268212964
 -0.75798364069952995
 0.060584717496686646
 0.98076656270360296
 0.94555465629370727
 0.91412713582838767
 -0.56660648199307451
 -0.99886844535843011
 -0.6423302896377806
 0.22145204955192735
 0.9103551002125686
 0.88035646287310099
 0.15514587246881095
 -0.69258243610723424
 -0.99926402882828158
 -0.9409691150517755
 0.37647151477281421
 -0.57416995275079008
 0.79191076566087004
 0.0023020932183935843
 -0.80026942036837689
 0.57793347080836122
 -0.36363965359780637
 0.52154952634828522
 0.99487433075577603
 0.96291728734779902
 -0.16877596188281066
 -0.88682375306288164
 -0.90455241285493049
 -0.20796173030008755
 0.65285502065077339
 -0.51761562011456874
 -0.7519452059868672
 -0.9159841062931755
 -0.94995980074298558
 -0.97985750431784746
 -0.046792177966206036
 0.76692062383185378
 -0.43398250394614873
 0.4131292768474466
 0.16423604820363752
 -0.98801033476922906
 0.70247959528018322
 0.11561301172658989
 0.98419470203205239
 0.99170166301589102
 0.2601776877420115
 0.73657130166022011
 -0.99997055768587484
 0.21246303906392794
 0.27496521772261423
 0.93181846452520023
 -0.64936051767992853
 0.10035560692400715
 -0.73135951650067665
 -0.99838816415566412
 -0.46142715960880532
 0.42705643886636363
 -0.55899496658575176
 -0.28233491333365301
 0.020717374963544161
 0.32183303479668407
 0.59286423571776004
 -0.31164311913308568
 0.94851151593640592
 0.99988223247719876
 0.64115327353555451
 -0.22294841291494655
 0.61729952884911965
 0.35073841575927878
 0.051390813039935278
 -0.25276072413051021
 0.99320532294327812
 -0.7639578031886699
 -0.92321742549042496
 -0.96576012155713209
 -0.79097267063101617
 0.0084409156854071687
 0.80118876405724115
 0.9612428924147971
 -0.12323172689716683
 0.18237385152714947
 -0.99502834951811658
 -0.68143070381530291
 0.89312185138248557
 0.88753191917548446
 0.90389699651915167
 0.20646030966758724
 0.72399073590500151
 -0.99802094220665827
 0.19443173525695573
 -0.1110384861372592
 -0.40612900000404117
 -0.66325519730728677
 -0.85838131514628802
 -0.76790462100639278
 -0.9746588744632797
 -0.41173115446567415
 0.47633806457826483
 0.98824611464094247
 0.71974243327150733
 0.039125630047652724
 0.33921439615447818
 -0.92555906657122378
 0.81917649590739106
 0.61245826520808466
 0.99999528921032244
 0.59779672096999548
 -0.27644046604345041
 -0.93237435841533678
 0.3334331020884379
 -0.098828507048008718
 0.73240532865648289
 0.98526328999226143
 0.46006503773119856
 -0.93013761930787031
 -0.99761610861221961
 -0.75597794531356421
 -0.85521581914817602
 0.83301182226409876
 0.94455120671081727
 0.31018445326869876
 0.20044979956074258
 0.4870973329339145
 0.72821175405807848
 0.9012540563331356
