# Created by Octave 8.4.0, Thu Dec 11 09:16:06 2025 IST <gamana@Samsung>
# name: iq
# type: matrix
# rows: 2048
# columns: 1
 1
 0.60515314967079348
 0.81741217677477895
 -0.92900609941698054
 -0.85680260336409175
 0.036058340503170451
 0.72610466550790553
 0.98679653937238487
 -0.7737705401199878
 -0.92900609941698054
 -0.97667740455693652
 -0.97255769945533388
 -0.85680260336409153
 0.82788199261989504
 -0.40332217000396425
 0.31892536915557507
 -0.56153743692579583
 -0.9985576663829947
 0.72610466550790553
 0.2154614152901913
 0.98961189288312468
 0.98679653937238465
 0.89173695753970295
 -0.68814117224586857
 -0.99406909454407066
 0.17935501392598432
 -0.126277206267076
 -0.42010522672696088
 -0.67466245436658678
 -0.86615326963267925
 -0.97667740455693652
 -0.99590323237511935
 -0.92203355216466776
 0.51630187553582951
 -0.53068550131166847
 -0.24978974675651788
 0.054455970544694823
 -0.88397021715310997
 0.61971144815431445
 0.82788199261989504
 0.95866339707144232
 0.99847409117038255
 0.94753482023462876
 0.80666512125541268
 0.59038960288433207
 -0.82702018425964863
 0.017648480643128749
 0.76296659435509484
 -0.56153743692579727
 0.41871200264625297
 -0.46957695504264702
 -0.98704394936000728
 -0.96810813435476473
 -0.84716133746730915
 -0.64702319695337762
 -0.38640231949417558
 0.26610024882900735
 -0.60637424912365256
 0.50044297299076146
 -0.60393062484249249
 0.26905778268971947
 0.92957295411873897
 0.98364649651042202
 0.88325162371234833
 -0.72715906615685078
 0.45186966259101069
 0.1612074989385934
 0.42149746129340016
 -0.43674579739516622
 -0.68814117224586857
 -0.055988358703831516
 -0.98046585238934292
 -0.99406909454407066
 -0.31747040782898966
 -0.74991820004097443
 0.99863888959664804
 -0.23191544205296488
 0.072835130888845759
 0.37077718740857579
 0.634059560632665
 -0.15969265296119067
 0.68925392602654534
 0.99932172244443662
 0.94148750121272873
 -0.37220208762835455
 0.57542581511072144
 0.30141723570001927
 0.0023020932183935843
 -0.30288023361216132
 0.9629172873478028
 -0.79657321781796253
 -0.51761562011455653
 -0.9993770622619782
 -0.96333021840326272
 -0.8372327419467338
 0.8846867284937584
 -0.36935141386161252
 0.21246303906394182
 0.23340805554780536
 -0.99838816415566489
 0.75093258738581303
 0.91536727170487375
 0.94851151593640137
 0.98016283268951387
 0.051390813039935278
 -0.76395780318866069
 0.43536466339879998
 -0.41731779233287913
 0.47093140178253623
 -0.45323823806721858
 -0.70138649497904204
 -0.1110384861372592
 -0.98392175803403514
 -0.92786582682140761
 -0.26462053999945312
 -0.73760846374062494
 0.99999528921032244
 0.60270667751827289
 0.091189587921087126
 -0.93013761930787031
 0.64819262069187789
 -0.10493547390375864
 0.96849149417710867
 0.99847409117038255
 0.46550699135830681
 -0.42288870306631471
 -0.97733185259986499
 0.28380687130319676
 0.057520614988206521
 0.82959975734471325
 -0.59162761605977232
 0.31601469873379551
 -0.56407461669631687
 -0.9998575018847834
 -0.64467978024643724
 -0.82702018425964863
 0.90908058516579637
 0.8818081973056815
 -0.052923454120163547
 -0.69036505634113388
 0.53198566524571467
 0.76296659435509939
 0.3736261111647376
 0.99604083802624588
 0.79378135772453473
 -0.0038368160058314137
 0.67352883541892117
 0.41871200264625297
 -0.36649726022122142
 0.5189281455033995
 0.99455926362965252
 0.68479319633608504
 -0.89243045547475575
 -0.88540115604661895
 -0.90585685224972345
 -0.21096309853294973
 -0.72504855459477169
 -0.48307112512406863
 -0.19593694714062365
 0.10951311640544466
 -0.94899651318043343
 0.6621058348567973
 -0.049858050913987026
 0.97291362704571205
 0.99728780989863108
 0.92843705653776054
 -0.47228473929236653
 0.54491788372008809
 0.26610024882900052
 0.11256359432942846
 -0.3377702626083236
 0.92729241161337761
 0.26314020788369136
 -0.6088121604017056
 -0.99999882230188708
 -0.60148131058103105
 0.27201278160118081
 0.93070009365436368
 -0.33487961217098988
 -0.034524566527187259
 0.2690577826897263
 -0.98604036598681322
 -0.46414813962684615
 0.92957295411873897
 0.97765562399971406
 0.75898381154481431
 0.85601021937775568
 0.65980243410195294
 0.40191732837529215
 -0.31455824529877263
 0.5653412151459779
 0.99879427926736775
 0.64350579279766673
 -0.21995516458155873
 -0.98983136742132305
 -0.88108336773961071
 -0.15666183615691048
 -0.71224273251685499
 -0.46686474663636957
 0.51103476725282548
 -0.37504925466358852
 0.42149746129340659
 0.6757944842168484
 0.0053715297560473045
 0.97700577919626508
 0.9957632809772784
 0.36506888685045302
 0.7609787877609705
 0.52938408740299536
 -0.68367397493892357
 -0.055988358703845706
 0.88611349812894491
 0.90520569861137001
 -0.82874185099002262
 -0.95909896399592787
 -0.99980097558199144
 -0.55644722963027093
 -0.8057571325940257
 -0.58915019910744659
 0.82442307956011951
 -0.016113969322028313
 -0.76593482025537174
 0.56280668962743263
 -0.41452642614610541
 0.93620405186557298
 0.99863888959664804
 0.96772249425417678
 0.84634488309812139
 -0.85995193962079575
 -0.92671681226430636
 -0.2616592559684634
 -0.21695984392310549
 -0.50177110567169725
 0.60025452691696923
 -0.90844011502318567
 -0.93126037583336918
 -0.98336891810956462
 -0.88253094986404579
 -0.69919534082601087
 -0.45050002278269863
 0.46278819464259663
 -0.42566819512619902
 -0.97797709263318722
 -0.75798364069952995
 0.060584717496686646
 0.83130970592959941
 0.94555465629370727
 0.31310105095444601
 0.74890204634163549
 -0.99886844535843011
 0.23042228230537098
 0.22145204955192735
 -0.37220208762835455
 -0.63524559604554065
 -0.83890731960218134
 -0.96414927247383364
 -0.99338275770275697
 -0.50971497319771586
 -0.79471385035233399
 0.96536081904994131
 0.79191076566087004
 -0.0069062308541822806
 -0.80026942036837689
 -0.96166488978812192
 -0.36363965359780637
 0.52154952634828522
 0.99943004815055925
 0.96291728734779902
 0.83639249410950756
 -0.88682375306288164
 0.36792477034572635
 0.069773484752231343
 -0.23490011927419616
 -0.51761562011456874
 0.55517139367099122
 -0.9159841062931755
 -0.94995980074298558
 -0.82355349158424873
 -0.87372121466920871
 -0.68591080477393629
 -0.43398250394614873
 -0.14148618368935256
 0.16423604820363752
 -0.98801033476922906
 0.70247959528018322
 0.8846867284937584
 0.86073421449037835
 0.99170166301589102
 0.2601776877420115
 -0.61124433570766012
 0.49778317453547566
 0.21246303906392794
 -0.092717815718463617
 -0.38923155116934799
 0.85282053973501504
 0.10035560692400715
 -0.96887257281824157
 -0.98552463682815961
 -0.93457595984954878
 -0.78340102697185532
 -0.55899496658575176
 -0.28233491333365301
 0.020717374963544161
 0.32183303479668407
 0.59286423571776004
 -0.31164311913308568
 0.94851151593640592
 0.99988223247719876
 0.95778549015728354
 0.82615642793918065
 0.61729952884911965
 0.35073841575927878
 -0.15362954335073706
 0.69368868033596887
 -0.53328457614273284
 0.5083939785619066
 -0.92321742549042496
 -0.96576012155713209
 -0.79097267063101617
 -0.86461514160246733
 -0.67239363004398134
 0.9612428924147971
 0.3622095638296921
 0.18237385152714947
 -0.99502834951811658
 0.71546700626009307
 0.89312185138248557
 0.98728903446803762
 0.90389699651915167
 0.20646030966758724
 -0.65401678316449274
 -0.99802094220665827
 0.19443173525695573
 -0.1110384861372592
 -0.40612900000404117
 -0.66325519730728677
 -0.85838131514628802
 -0.97326726303900257
 -0.99717367862900375
 -0.41173115446567415
 0.47633806457826483
 0.98824611464094247
 -0.26462053999945312
 -0.11713731374898172
 0.33921439615447818
 -0.92555906657122378
 -0.25869550669401586
 0.95418370796813667
 0.99995760315919946
 0.59779672096999548
 0.81564015632847064
 0.60270667751827289
 0.3334331020884379
 -0.098828507048008718
 -0.27053560075472688
 -0.5487726593549993
 0.46006503773119856
 -0.93013761930787031
 -0.97861311857772648
 -0.75597794531356421
 -0.85521581914817602
 0.83301182226409876
 0.94455120671081727
 -0.10493547390374451
 -0.56913300896187546
 -0.99900971917850867
 -0.63997474726332781
