# Created by Octave 8.4.0, Thu Dec 11 09:16:06 2025 IST <gamana@Samsung>
# name: iq
# type: matrix
# rows: 2048
# columns: 1
 1
 0.95326076620586331
 0.81741217677477895
 0.60515314967079337
 -0.85680260336409175
 -0.10798748872685082
 0.72610466550790553
 -0.54620409646762802
 -0.7737705401199878
 -0.42010522672696088
 -0.99739959216031482
 -0.97255769945533388
 -0.85680260336409153
 -0.66095491288473074
 -0.40332217000396425
 0.31892536915557507
 0.19744169751515539
 0.48441433643541743
 -0.64702319695337762
 0.2154614152901913
 0.98961189288312468
 0.88325162371234833
 0.1612074989385934
 -0.68814117224586857
 0.46822140226296938
 0.17935501392598432
 0.37077718740857579
 0.9637408804343649
 0.7956444711141426
 -0.86615326963267925
 -0.97667740455693652
 -0.99590323237511935
 -0.36935141386161585
 0.51630187553582951
 0.99423482618450443
 -0.24978974675651788
 -0.16272196520846155
 0.35361122716835897
 0.61971144815431445
 0.82788199261989504
 0.64819262069187789
 0.99983041623178193
 0.94753482023462876
 0.80666512125541268
 0.59038960288433207
 0.31892536915557335
 -0.052923454120163547
 -0.28527816079509682
 0.97634672945533696
 0.41871200264625297
 -0.93566355795921996
 -0.99855766638299481
 -0.96810813435476473
 0.10951311640544466
 0.85759296924080952
 -0.38640231949417558
 -0.089661145336106474
 -0.60637424912365256
 0.50044297299076146
 0.73864388846083573
 0.26905778268971947
 0.92957295411873897
 0.98364649651042202
 0.88325162371234833
 -0.72715906615685078
 0.45186966259101069
 -0.46686474663636957
 0.42149746129340016
 -0.43674579739516622
 -0.68814117224586857
 -0.8752101648306293
 -0.98046585238934292
 -0.99406909454407066
 -0.91474828106395512
 -0.74991820004097443
 0.99863888959664804
 -0.23191544205296488
 0.072835130888845759
 -0.90844011502317967
 -0.88253094986404579
 -0.15969265296119067
 0.68925392602654534
 0.99390102147704307
 0.51367074118915579
 0.79564447111414049
 0.57542581511072144
 -0.79471385035234265
 -0.00076736500861407635
 -0.30288023361216132
 0.9629172873478028
 -0.79657321781796253
 -0.94200366979757377
 -0.9993770622619782
 -0.68591080477393629
 0.1642360482036235
 0.8846867284937584
 0.906505872236266
 -0.071304391795586203
 0.23340805554780536
 0.51630187553582951
 0.75093258738581303
 0.91536727170487375
 0.94851151593640137
 0.82615642793918065
 0.87446671960772626
 0.68702679762006169
 -0.97601375467033502
 -0.41731779233287913
 0.47093140178253623
 0.98728903446803762
 0.72399073590501128
 -0.88397021715310997
 -0.85838131514628069
 -0.92786582682140761
 -0.26462053999945312
 0.60759392032488957
 -0.49911366156833592
 -0.21396247916026584
 -0.27053560075471322
 0.38781739206357746
 -0.85521581914818334
 -0.10493547390375864
 0.72821175405807848
 0.98629474709482945
 0.46550699135830681
 -0.42288870306631471
 0.56026686158099936
 0.28380687130319676
 0.057520614988206521
 -0.32037957928655969
 0.9465491972583544
 -0.80757120990081976
 -0.56407461669631687
 -0.99871776062003026
 -0.64467978024643724
 0.21845776152962559
 -0.61850621691532082
 -0.35217523621993413
 -0.052923454120163547
 -0.69036505634113388
 0.53198566524571467
 -0.51235335761857304
 0.92262657540312143
 0.99604083802624588
 0.97634672945533696
 -0.0038368160058314137
 -0.79842508030578996
 -0.96250208824059569
 0.1247546135053899
 -0.18086464573051755
 0.99455926362965252
 -0.71439393018262132
 -0.89243045547475575
 -0.88540115604661895
 -0.90585685224972345
 -0.21096309853294973
 0.65052688516665591
 -0.48307112512406863
 0.55772175493586962
 0.10951311640544466
 -0.94899651318043343
 -0.82529072569298034
 -0.049858050913987026
 0.76494721259890497
 0.97567848098621912
 0.41592259907073292
 0.77279742987957578
 0.54491788372008809
 0.26610024882900052
 -0.037592029547473621
 0.85916763922364559
 -0.60637424912365256
 0.26314020788369136
 -0.9537233602852011
 -0.99998940073362763
 -0.9527959268197127
 0.27201278160118081
 0.93070009365436368
 -0.33487961217098988
 -0.034524566527187259
 0.2690577826897263
 -0.98604036598681322
 0.77474182782419287
 0.4242789487687742
 0.99750902515076378
 0.75898381154481431
 0.85601021937775568
 0.65980243410195294
 -0.94605304094091414
 0.10646160669493009
 -0.19894598283625273
 -0.48575640675906639
 -0.72715906615685566
 -0.90058801035737768
 -0.98983136742132305
 -0.88108336773961071
 -0.8910413592107852
 0.69147456057248458
 0.99355785265223773
 -0.17784495966932298
 -0.37504925466358852
 -0.96495924273552103
 0.6757944842168484
 0.86691927435109684
 0.79934819172794036
 0.9957632809772784
 0.36506888685045302
 -0.52023944861085925
 0.52938408740299536
 -0.68367397493892357
 0.16726305010568898
 -0.35504638522223064
 -0.62091521972729924
 -0.82874185099002262
 -0.95909896399592787
 -0.99980097558199144
 -0.94704312407739244
 0.32473766826230821
 0.94947927516166009
 -0.31747040782897623
 -0.016113969322028313
 -0.76593482025537174
 -0.97534090919269134
 0.7862542940161692
 0.47363696438451702
 0.98777222774170659
 0.7218699851659488
 -0.11408843738974658
 0.64585224921887574
 -0.92671681226430636
 0.088132491563609597
 -0.21695984392310549
 0.99998115688567257
 -0.73967757338202433
 -0.27348932174976931
 -0.99228306681626133
 -0.85362097744857279
 -0.88253094986404579
 0.73031198170342548
 -0.45050002278269863
 -0.15969265296119067
 0.14604254134424832
 0.43812590268212964
 -0.75798364069952995
 0.060584717496686646
 0.83130970592959941
 0.99390102147704307
 0.91412713582838767
 -0.56660648199307451
 -0.99886844535843011
 -0.6423302896377806
 0.22145204955192735
 -0.37220208762835455
 0.88035646287310099
 0.15514587246881095
 -0.96414927247383364
 -0.99926402882828158
 -0.9409691150517755
 0.37647151477281421
 0.96536081904994131
 -0.29995352783086127
 0.0023020932183935843
 0.3043425181213476
 0.57793347080836122
 0.79750008827622731
 0.52154952634828522
 0.99487433075577603
 0.68255314321866201
 -0.16877596188281066
 -0.88682375306288164
 0.36792477034572635
 0.069773484752231343
 0.65285502065077339
 -0.51761562011456874
 -0.7519452059868672
 -0.9159841062931755
 -0.99439821600798184
 -0.82355349158424873
 -0.87372121466920871
 0.76692062383185378
 0.97500104008487365
 0.4131292768474466
 0.16423604820363752
 0.4546057459877848
 -0.72080705811183032
 0.11561301172658989
 0.86073421449037835
 0.92613903012995313
 0.906505872236266
 0.73657130166022011
 -0.99997055768587484
 0.21246303906392794
 0.27496521772261423
 0.93181846452520023
 0.85282053973501504
 -0.84878825808546021
 -0.96887257281824157
 -0.98552463682815961
 -0.46142715960880532
 0.42705643886636363
 0.97829625774311346
 0.75698168450242054
 -0.06211655650361627
 0.32183303479668407
 -0.94505404449062247
 -0.31164311913308568
 0.94851151593640592
 0.99988223247719876
 0.95778549015728354
 -0.22294841291494655
 -0.9109891421147539
 0.35073841575927878
 -0.15362954335073706
 -0.25276072413051021
 -0.53328457614273284
 -0.7639578031886699
 -0.92321742549042496
 -0.99617609760654102
 -0.79097267063101617
 0.0084409156854071687
 -0.67239363004398134
 -0.4173177923328662
 0.3622095638296921
 0.18237385152714947
 -0.99502834951811658
 -0.68143070381530291
 0.89312185138248557
 0.98728903446803762
 0.90389699651915167
 0.89857715128068705
 -0.65401678316449274
 0.48172677598880875
 -0.55389425006308268
 0.3276392421862615
 0.95043808879258174
 0.82268196381360825
 -0.85838131514628802
 -0.97326726303900257
 -0.99717367862900375
 -0.92786582682140228
 -0.77182249939500824
 -0.54363038747502812
 -0.26462053999945312
 0.039125630047652724
 0.33921439615447818
 -0.92555906657122378
 -0.25869550669401586
 0.95418370796813667
 0.99995760315919946
 0.59779672096999548
 -0.27644046604345041
 -0.93237435841533678
 0.3334331020884379
 0.032990711232170816
 -0.27053560075472688
 -0.5487726593549993
 0.46006503773119856
 -0.93013761930787031
 -0.97861311857772648
 -0.75597794531356421
 -0.85521581914817602
 -0.65864840122301938
 0.94455120671081727
 -0.10493547390374451
 0.20044979956074258
 -0.99900971917850867
 0.72821175405807848
