# Created by Octave 8.4.0, Thu Dec 11 09:16:06 2025 IST <gamana@Samsung>
# name: iq
# type: matrix
# rows: 2048
# columns: 1
 1
 0.95326076620586331
 -0.26757933088703645
 0.60515314967079337
 0.336325333479365
 0.036058340503170451
 -0.26757933088703667
 -0.54620409646762802
 0.46822140226297015
 -0.92900609941698054
 -0.97667740455693652
 -0.76197358843289098
 0.054455970544694823
 0.82788199261989504
 -0.40332217000396425
 0.31892536915557507
 0.19744169751515539
 -0.9985576663829947
 -0.64702319695337762
 0.89991984314001949
 0.98961189288312468
 0.98679653937238465
 0.1612074989385934
 -0.68814117224586857
 0.46822140226296938
 0.17935501392598432
 0.37077718740857579
 -0.42010522672696088
 -0.67466245436658678
 -0.86615326963267925
 -0.79657321781796042
 -0.99590323237511935
 -0.36935141386161585
 -0.76197358843289098
 0.99423482618450443
 -0.24978974675651788
 0.054455970544694823
 -0.88397021715310997
 -0.90715275704229548
 -0.21396247916027278
 0.95866339707144232
 0.99847409117038255
 0.56026686158099936
 0.80666512125541268
 -0.94802428457192678
 -0.82702018425964863
 0.017648480643128749
 0.76296659435509484
 -0.56153743692579727
 0.41871200264625297
 -0.93566355795921996
 -0.99855766638299481
 -0.72504855459477169
 0.10951311640544466
 0.85759296924080952
 0.92843705653776321
 0.26610024882900735
 0.2154614152901913
 0.50044297299076146
 -0.60393062484249249
 0.26905778268971947
 0.92957295411873897
 0.98364649651042202
 0.10646160669493715
 -0.72715906615685078
 0.45186966259101069
 -0.46686474663636957
 0.42149746129340016
 0.97700577919626364
 -0.68814117224586857
 -0.8752101648306293
 -0.82874185099002262
 -0.94704312407739244
 -0.31747040782898966
 -0.74991820004097443
 -0.51498691486160741
 -0.23191544205296488
 0.072835130888845759
 0.37077718740857579
 -0.88253094986404579
 0.83807101776911563
 0.68925392602654534
 0.99390102147704307
 0.94148750121272873
 0.79564447111414049
 0.57542581511072144
 0.30141723570001927
 -0.00076736500861407635
 0.79750008827622731
 0.9629172873478028
 0.36792477034572635
 -0.51761562011455653
 -0.9993770622619782
 -0.96333021840326272
 -0.8372327419467338
 -0.63287203175829598
 0.906505872236266
 0.21246303906394182
 0.23340805554780536
 0.51630187553582951
 0.75093258738581303
 0.32183303479668407
 0.94851151593640137
 0.82615642793918065
 0.051390813039935278
 -0.76395780318866069
 0.43536466339879998
 0.14300530760092806
 -0.16272196520846155
 0.98728903446803762
 0.72399073590501128
 -0.88397021715310997
 -0.85838131514628069
 -0.99189780074717793
 -0.90715275704229548
 -0.73760846374062494
 0.99999528921032244
 0.60270667751827289
 0.091189587921087126
 -0.93013761930787031
 -0.85521581914818334
 0.84797579643587995
 0.96849149417710867
 0.98629474709482945
 0.93512086019445517
 0.78435396419772463
 -0.97733185259986499
 -0.75998219468248429
 -0.019182950395057383
 0.82959975734471325
 -0.59162761605977232
 0.31601469873379551
 -0.56407461669631687
 -0.9998575018847834
 -0.64467978024643724
 0.21845776152962559
 0.90908058516579637
 0.8818081973056815
 -0.052923454120163547
 0.25127553137023834
 0.53198566524571467
 -0.51235335761857304
 0.92262657540312143
 0.99604083802624588
 0.97634672945533696
 -0.0038368160058314137
 -0.79842508030578996
 0.41871200264625297
 -0.36649726022122142
 -0.18086464573051755
 -0.46957695504264702
 -0.71439393018262132
 -0.1657497443578384
 -0.9870439493600085
 -0.90585685224972345
 -0.89924955625485847
 0.65052688516665591
 -0.48307112512406863
 0.55772175493586962
 0.10951311640544466
 -0.94899651318043343
 0.6621058348567973
 0.85759296924080952
 0.76494721259890497
 0.97567848098621912
 0.92843705653776054
 -0.47228473929236653
 0.54491788372008809
 0.26610024882900052
 0.11256359432942846
 0.85916763922364559
 -0.60637424912365256
 -0.81829530004591811
 -0.9537233602852011
 -0.99999882230188708
 -0.60148131058103105
 0.27201278160118081
 0.93070009365436368
 0.85441940454650211
 -0.034524566527187259
 -0.72926272673208903
 -0.98604036598681322
 0.77474182782419287
 0.4242789487687742
 0.97765562399971406
 0.9721994811062209
 -0.059052735788742081
 -0.83045570966328242
 0.40191732837529215
 0.10646160669493009
 0.5653412151459779
 0.99879427926736775
 0.64350579279766673
 -0.90058801035737768
 -0.98983136742132305
 -0.98654680508791737
 -0.15666183615691048
 -0.71224273251685499
 0.99355785265223773
 -0.17784495966932298
 0.1277995015959035
 -0.96495924273552103
 0.6757944842168484
 0.0053715297560473045
 0.97700577919626508
 0.9957632809772784
 0.92143835717186395
 -0.52023944861085925
 -0.9947179686701888
 0.24830337378897069
 0.16726305010568898
 -0.35504638522223064
 -0.62091521972729924
 -0.82874185099002262
 -0.95909896399592787
 -0.9982092555350186
 -0.94704312407739244
 -0.8057571325940257
 0.94947927516166009
 0.82442307956011951
 -0.016113969322028313
 -0.76593482025537174
 0.56280668962743263
 0.7862542940161692
 0.47363696438451702
 0.99863888959664804
 0.7218699851659488
 0.84634488309812139
 0.64585224921887574
 0.38498633679420874
 0.088132491563609597
 0.61002896648465676
 -0.50177110567169725
 0.60025452691696923
 -0.27348932174976931
 -0.99228306681626133
 -0.98336891810956462
 -0.88253094986404579
 0.73031198170342548
 -0.45050002278269863
 -0.15969265296119067
 -0.42566819512619902
 -0.97797709263318722
 -0.75798364069952995
 0.87595154858681679
 0.83130970592959941
 0.99390102147704307
 0.31310105095444601
 0.74890204634163549
 -0.99886844535843011
 0.23042228230537098
 -0.074365698426512916
 0.9103551002125686
 -0.63524559604554065
 -0.83890731960218134
 -0.96414927247383364
 -0.99926402882828158
 -0.50971497319771586
 0.37647151477281421
 0.96536081904994131
 0.79191076566087004
 -0.0069062308541822806
 -0.80026942036837689
 -0.96166488978812192
 0.79750008827622731
 0.52154952634828522
 0.99943004815055925
 0.96291728734779902
 0.83639249410950756
 0.63168301221953482
 0.36792477034572635
 0.069773484752231343
 -0.23490011927419616
 0.99811627435049122
 -0.7519452059868672
 -0.32618883937625204
 -0.94995980074298558
 -0.82355349158424873
 -0.87372121466920871
 0.76692062383185378
 -0.43398250394614873
 -0.14148618368935256
 0.16423604820363752
 0.4546057459877848
 0.70247959528018322
 0.11561301172658989
 0.86073421449037835
 0.99170166301589102
 0.906505872236266
 0.73657130166022011
 0.49778317453547566
 -0.59902632941566003
 0.27496521772261423
 -0.38923155116934799
 -0.64936051767992853
 0.10035560692400715
 -0.73135951650067665
 -0.98552463682815961
 -0.93457595984954878
 0.42705643886636363
 -0.55899496658575176
 -0.28233491333365301
 -0.06211655650361627
 -0.83216174413215693
 -0.94505404449062247
 0.80847539639604582
 0.5678704142573785
 0.99894025871852765
 0.64115327353555451
 -0.22294841291494655
 0.61729952884911965
 0.35073841575927878
 -0.15362954335073706
 -0.25276072413051021
 -0.53328457614273284
 -0.7639578031886699
 -0.37789288814250754
 -0.99617609760654102
 -0.97601375467033502
 0.0084409156854071687
 0.80118876405724115
 -0.4173177923328662
 -0.12323172689716683
 -0.52285837562992521
 0.47093140178253623
 -0.68143070381530291
 0.17028847612566869
 0.98728903446803762
 0.90389699651915167
 0.89857715128068705
 -0.65401678316449274
 0.48172677598880875
 0.19443173525695573
 0.3276392421862615
 -0.40612900000404117
 -0.66325519730728677
 -0.85838131514628802
 -0.76790462100639278
 -0.99717367862900375
 -0.92786582682140228
 0.47633806457826483
 -0.54363038747502812
 -0.26462053999945312
 -0.11713731374898172
 0.33921439615447818
 0.60759392032490089
 0.81917649590739106
 0.95418370796813667
 0.99995760315919946
 0.59779672096999548
 -0.27644046604345041
 -0.93237435841533678
 -0.85201809329117661
 -0.098828507048008718
 0.73240532865648289
 -0.5487726593549993
 -0.7757112907044148
 -0.93013761930787031
 -0.97861311857772648
 -0.97183897284212029
 0.063648249201443158
 -0.65864840122301938
 0.94455120671081727
 0.31018445326869876
 -0.56913300896187546
 -0.99900971917850867
 0.72821175405807848
 0.9012540563331356
