# Created by Octave 8.4.0, Thu Dec 11 09:16:06 2025 IST <gamana@Samsung>
# name: iq
# type: matrix
# rows: 2048
# columns: 1
 1
 0.95326076620586331
 0.81741217677477895
 -0.92900609941698054
 0.336325333479365
 -0.10798748872685082
 -0.26757933088703667
 0.98679653937238487
 0.46822140226297015
 -0.92900609941698054
 -0.99739959216031482
 -0.76197358843289098
 0.054455970544694823
 -0.66095491288473074
 -0.40332217000396425
 -0.10798748872685082
 0.19744169751515539
 -0.9985576663829947
 -0.64702319695337762
 0.2154614152901913
 0.98961189288312468
 0.88325162371234833
 0.89173695753970295
 0.71331917142438028
 0.46822140226296938
 0.17935501392598432
 0.37077718740857579
 -0.42010522672696088
 0.7956444711141426
 -0.86615326963267925
 -0.97667740455693652
 -0.96333021840326272
 -0.92203355216466776
 -0.76197358843289098
 -0.53068550131166847
 -0.24978974675651788
 -0.16272196520846155
 0.35361122716835897
 -0.90715275704229548
 -0.21396247916027278
 0.64819262069187789
 0.99983041623178193
 0.56026686158099936
 -0.32037957928655297
 0.59038960288433207
 0.31892536915557335
 0.017648480643128749
 0.76296659435509484
 0.97634672945533696
 -0.7853050539592259
 -0.93566355795921996
 -0.98704394936000728
 -0.96810813435476473
 0.10951311640544466
 0.85759296924080952
 0.92843705653776321
 -0.089661145336106474
 -0.60637424912365256
 0.50044297299076146
 0.73864388846083573
 0.9077975051441477
 0.92957295411873897
 0.98364649651042202
 0.88325162371234833
 0.70029174263479022
 -0.98654680508791737
 0.1612074989385934
 -0.14452409467834526
 -0.43674579739516622
 0.7609787877609705
 -0.8752101648306293
 -0.98046585238934292
 -0.99406909454407066
 -0.31747040782898966
 -0.74991820004097443
 0.99863888959664804
 0.64585224921887574
 -0.21695984392310549
 -0.90844011502317967
 0.634059560632665
 0.83807101776911563
 0.68925392602654534
 0.99932172244443662
 0.51367074118915579
 0.79564447111414049
 0.57542581511072144
 -0.79471385035234265
 0.0023020932183935843
 0.79750008827622731
 -0.57668032211486553
 0.36792477034572635
 -0.51761562011455653
 -0.9993770622619782
 -0.96333021840326272
 0.1642360482036235
 -0.63287203175829598
 -0.36935141386161252
 0.21246303906394182
 -0.64936051767992853
 -0.99838816415566489
 -0.55899496658575176
 0.32183303479668407
 0.94851151593640137
 0.82615642793918065
 0.87446671960772626
 -0.76395780318866069
 -0.97601375467033502
 0.14300530760092806
 -0.16272196520846155
 0.98728903446803762
 -0.70138649497904204
 -0.88397021715310997
 -0.85838131514628069
 -0.92786582682140761
 -0.90715275704229548
 -0.73760846374062494
 -0.49911366156833592
 0.60270667751827289
 -0.27053560075471322
 0.38781739206357746
 0.64819262069187789
 -0.10493547390375864
 0.96849149417710867
 0.99847409117038255
 0.93512086019445517
 -0.42288870306631471
 -0.97733185259986499
 -0.75998219468248429
 -0.019182950395057383
 -0.32037957928655969
 0.9465491972583544
 0.31601469873379551
 -0.56407461669631687
 -0.9998575018847834
 -0.95822557211480941
 -0.82702018425964863
 0.90908058516579637
 0.8818081973056815
 -0.052923454120163547
 -0.69036505634113388
 0.53198566524571467
 0.76296659435509939
 0.92262657540312143
 0.96455539355974218
 0.97634672945533696
 0.86538522478011948
 0.67352883541892117
 0.41871200264625297
 0.1247546135053899
 0.5189281455033995
 -0.46957695504264702
 0.68479319633608504
 -0.1657497443578384
 -0.9870439493600085
 -0.98939008741680945
 -0.89924955625485847
 0.65052688516665591
 0.99829988554123306
 -0.19593694714062365
 -0.32328573226248619
 0.40472606164912256
 -0.82529072569298034
 0.85759296924080952
 0.76494721259890497
 0.97567848098621912
 0.41592259907073292
 -0.47228473929236653
 -0.98753179411920244
 0.26610024882900052
 -0.037592029547473621
 0.85916763922364559
 0.92729241161337761
 0.26314020788369136
 -0.6088121604017056
 -0.99998940073362763
 -0.9527959268197127
 -0.81652712817408524
 -0.60393062484248683
 0.85441940454650211
 0.10340909394795389
 -0.72926272673208903
 -0.98604036598681322
 -0.46414813962684615
 0.4242789487687742
 0.99750902515076378
 0.75898381154481431
 -0.059052735788742081
 -0.83045570966328242
 0.40191732837529215
 -0.31455824529877263
 0.5653412151459779
 0.99879427926736775
 0.64350579279766673
 -0.21995516458155873
 -0.98983136742132305
 -0.88108336773961071
 -0.15666183615691048
 -0.71224273251685499
 0.99355785265223773
 -0.17784495966932298
 -0.37504925466358852
 -0.96495924273552103
 -0.79284699542711268
 0.0053715297560473045
 0.79934819172794036
 0.96208462205960266
 0.92143835717186395
 0.7609787877609705
 0.52938408740299536
 0.24830337378897069
 -0.055988358703845706
 -0.35504638522223064
 -0.62091521972729924
 -0.82874185099002262
 -0.95909896399592787
 -0.9982092555350186
 -0.94704312407739244
 -0.8057571325940257
 -0.58915019910744659
 0.82442307956011951
 -0.016113969322028313
 -0.76593482025537174
 0.56280668962743263
 0.7862542940161692
 0.47363696438451702
 0.98777222774170659
 0.96772249425417678
 -0.11408843738974658
 0.64585224921887574
 -0.92671681226430636
 -0.2616592559684634
 0.61002896648465676
 -0.50177110567169725
 -0.73967757338202433
 -0.90844011502318567
 -0.99228306681626133
 -0.85362097744857279
 -0.10188247042275954
 0.73031198170342548
 0.98578366236304771
 0.46278819464259663
 -0.42566819512619902
 0.43812590268212964
 -0.75798364069952995
 0.060584717496686646
 0.98076656270360296
 0.99390102147704307
 0.91412713582838767
 -0.56660648199307451
 0.51367074118914369
 0.23042228230537098
 0.22145204955192735
 0.9103551002125686
 -0.63524559604554065
 -0.83890731960218134
 -0.69258243610723424
 -0.99338275770275697
 -0.9409691150517755
 0.37647151477281421
 -0.57416995275079008
 0.79191076566087004
 -0.0069062308541822806
 0.3043425181213476
 -0.96166488978812192
 -0.36363965359780637
 0.52154952634828522
 0.99487433075577603
 0.68255314321866201
 -0.16877596188281066
 0.63168301221953482
 0.36792477034572635
 -0.20796173030008755
 -0.23490011927419616
 0.99811627435049122
 -0.7519452059868672
 -0.32618883937625204
 -0.94995980074298558
 -0.82355349158424873
 -0.87372121466920871
 0.76692062383185378
 -0.43398250394614873
 0.4131292768474466
 -0.47498807387394915
 -0.98801033476922906
 0.70247959528018322
 0.11561301172658989
 0.86073421449037835
 0.99170166301589102
 0.906505872236266
 0.73657130166022011
 0.49778317453547566
 0.21246303906392794
 -0.092717815718463617
 0.93181846452520023
 0.85282053973501504
 0.10035560692400715
 -0.73135951650067665
 -0.99838816415566412
 -0.93457595984954878
 0.42705643886636363
 -0.55899496658575176
 -0.28233491333365301
 0.020717374963544161
 0.32183303479668407
 -0.94505404449062247
 0.80847539639604582
 0.5678704142573785
 0.99988223247719876
 0.95778549015728354
 0.82615642793918065
 -0.9109891421147539
 0.35073841575927878
 0.051390813039935278
 -0.25276072413051021
 0.99320532294327812
 0.5083939785619066
 -0.37789288814250754
 -0.99617609760654102
 -0.97601375467033502
 -0.86461514160246733
 0.80118876405724115
 0.9612428924147971
 -0.12323172689716683
 0.18237385152714947
 0.47093140178253623
 0.71546700626009307
 0.89312185138248557
 0.88753191917548446
 0.98916595154481612
 0.20646030966758724
 -0.65401678316449274
 -0.99802094220665827
 -0.55389425006308268
 -0.1110384861372592
 -0.40612900000404117
 0.82268196381360825
 -0.85838131514628802
 -0.97326726303900257
 -0.9746588744632797
 -0.41173115446567415
 0.47633806457826483
 0.98824611464094247
 0.71974243327150733
 0.039125630047652724
 -0.86151446198985537
 -0.92555906657122378
 -0.25869550669401586
 0.61245826520808466
 0.99999528921032244
 0.59779672096999548
 0.81564015632847064
 -0.93237435841533678
 0.3334331020884379
 0.032990711232170816
 -0.27053560075472688
 0.98526328999226143
 -0.7757112907044148
 -0.93013761930787031
 -0.97861311857772648
 -0.97183897284212029
 0.063648249201443158
 -0.65864840122301938
 -0.40051154007206008
 -0.10493547390374451
 -0.56913300896187546
 0.4870973329339145
 0.72821175405807848
 0.22444425114614314
