# Created by Octave 8.4.0, Thu Dec 11 09:16:06 2025 IST <gamana@Samsung>
# name: iq
# type: matrix
# rows: 2048
# columns: 1
 1
 0.60515314967079348
 0.81741217677477895
 0.60515314967079337
 0.336325333479365
 -0.10798748872685082
 -0.26757933088703667
 -0.54620409646762802
 0.46822140226297015
 -0.42010522672696088
 -0.97667740455693652
 -0.76197358843289098
 -0.85680260336409153
 0.82788199261989504
 0.94753482023462932
 0.31892536915557507
 0.19744169751515539
 -0.9985576663829947
 -0.64702319695337762
 0.2154614152901913
 0.98961189288312468
 0.88325162371234833
 0.89173695753970295
 0.71331917142438028
 0.46822140226296938
 -0.51498691486160741
 -0.126277206267076
 -0.42010522672696088
 0.7956444711141426
 -0.86615326963267925
 -0.79657321781796042
 -0.99590323237511935
 -0.92203355216466776
 0.51630187553582951
 -0.53068550131166847
 0.6870267976200668
 -0.16272196520846155
 0.35361122716835897
 0.61971144815431445
 0.82788199261989504
 0.64819262069187789
 0.99847409117038255
 0.56026686158099936
 -0.32037957928655297
 -0.94802428457192678
 0.31892536915557335
 0.017648480643128749
 -0.28527816079509682
 -0.56153743692579727
 0.41871200264625297
 -0.46957695504264702
 -0.98704394936000728
 -0.96810813435476473
 0.10951311640544466
 0.85759296924080952
 -0.38640231949417558
 -0.089661145336106474
 0.2154614152901913
 -0.99999882230188708
 0.73864388846083573
 0.9077975051441477
 0.92957295411873897
 0.98364649651042202
 0.88325162371234833
 -0.72715906615685078
 -0.98654680508791737
 0.1612074989385934
 0.42149746129340016
 -0.43674579739516622
 0.7609787877609705
 -0.8752101648306293
 -0.82874185099002262
 -0.94704312407739244
 -0.91474828106395512
 -0.74991820004097443
 0.99863888959664804
 -0.23191544205296488
 -0.21695984392310549
 0.37077718740857579
 0.634059560632665
 -0.15969265296119067
 0.9637408804343649
 0.99390102147704307
 0.94148750121272873
 0.79564447111414049
 0.57542581511072144
 -0.79471385035234265
 -0.00076736500861407635
 0.79750008827622731
 -0.57668032211486553
 0.36792477034572635
 -0.51761562011455653
 -0.99439821600798184
 -0.68591080477393629
 0.1642360482036235
 0.8846867284937584
 -0.36935141386161252
 -0.071304391795586203
 -0.64936051767992853
 0.51630187553582951
 -0.55899496658575176
 0.91536727170487375
 0.94851151593640137
 0.98016283268951387
 0.87446671960772626
 0.68702679762006169
 0.43536466339879998
 -0.41731779233287913
 -0.16272196520846155
 0.98728903446803762
 0.72399073590501128
 -0.88397021715310997
 -0.85838131514628069
 -0.92786582682140761
 -0.90715275704229548
 0.60759392032488957
 -0.49911366156833592
 0.60270667751827289
 0.091189587921087126
 0.38781739206357746
 0.64819262069187789
 0.84797579643587995
 0.72821175405807848
 0.98629474709482945
 0.93512086019445517
 -0.42288870306631471
 0.56026686158099936
 -0.75998219468248429
 0.057520614988206521
 0.82959975734471325
 0.9465491972583544
 0.31601469873379551
 -0.56407461669631687
 -0.99871776062003026
 -0.95822557211480941
 -0.82702018425964863
 -0.61850621691532082
 0.8818081973056815
 -0.052923454120163547
 -0.69036505634113388
 -0.99373060737930219
 -0.51235335761857304
 0.3736261111647376
 0.99604083802624588
 0.97634672945533696
 -0.0038368160058314137
 -0.79842508030578996
 -0.96250208824059569
 -0.36649726022122142
 0.5189281455033995
 0.99455926362965252
 0.68479319633608504
 -0.89243045547475575
 -0.88540115604661895
 -0.98939008741680945
 -0.89924955625485847
 0.65052688516665591
 0.99829988554123306
 -0.19593694714062365
 -0.32328573226248619
 -0.94899651318043343
 -0.82529072569298034
 0.85759296924080952
 0.76494721259890497
 0.99728780989863108
 0.41592259907073292
 -0.47228473929236653
 -0.98753179411920244
 -0.72293121193018939
 0.11256359432942846
 -0.3377702626083236
 0.92729241161337761
 0.26314020788369136
 -0.9537233602852011
 -0.99998940073362763
 -0.9527959268197127
 0.27201278160118081
 0.93070009365436368
 0.85441940454650211
 -0.034524566527187259
 -0.72926272673208903
 -0.98604036598681322
 0.77474182782419287
 0.92957295411873897
 0.97765562399971406
 0.9721994811062209
 0.85601021937775568
 0.65980243410195294
 -0.94605304094091414
 0.10646160669493009
 0.5653412151459779
 -0.48575640675906639
 -0.72715906615685566
 -0.90058801035737768
 -0.90971891406342786
 -0.88108336773961071
 -0.8910413592107852
 -0.71224273251685499
 -0.46686474663636957
 -0.17784495966932298
 0.1277995015959035
 -0.96495924273552103
 -0.79284699542711268
 0.0053715297560473045
 0.79934819172794036
 0.9957632809772784
 0.92143835717186395
 -0.52023944861085925
 0.52938408740299536
 -0.68367397493892357
 0.16726305010568898
 -0.35504638522223064
 0.90520569861137001
 -0.82874185099002262
 -0.65169172040482393
 -0.9982092555350186
 -0.94704312407739244
 -0.8057571325940257
 -0.58915019910744659
 0.82442307956011951
 -0.016113969322028313
 0.28674877834389367
 -0.97534090919269134
 -0.41452642614610541
 0.47363696438451702
 0.98777222774170659
 0.96772249425417678
 0.84634488309812139
 -0.85995193962079575
 -0.92671681226430636
 0.088132491563609597
 0.61002896648465676
 0.99998115688567257
 -0.73967757338202433
 -0.27348932174976931
 -0.99228306681626133
 -0.85362097744857279
 -0.10188247042275954
 0.73031198170342548
 -0.45050002278269863
 0.46278819464259663
 0.14604254134424832
 -0.97797709263318722
 0.68925392602655566
 0.87595154858681679
 0.98076656270360296
 0.99390102147704307
 0.91412713582838767
 -0.56660648199307451
 -0.99886844535843011
 0.23042228230537098
 0.22145204955192735
 0.9103551002125686
 0.88035646287310099
 0.15514587246881095
 -0.96414927247383364
 -0.99338275770275697
 -0.9409691150517755
 0.37647151477281421
 0.96536081904994131
 0.79191076566087004
 -0.0069062308541822806
 -0.80026942036837689
 0.57793347080836122
 0.79750008827622731
 0.52154952634828522
 0.99943004815055925
 0.96291728734779902
 0.83639249410950756
 -0.88682375306288164
 -0.90455241285493049
 0.069773484752231343
 -0.23490011927419616
 -0.51761562011456874
 0.55517139367099122
 -0.32618883937625204
 -0.99439821600798184
 -0.82355349158424873
 -0.046792177966206036
 0.76692062383185378
 0.97500104008487365
 0.4131292768474466
 -0.47498807387394915
 0.4546057459877848
 0.70247959528018322
 0.8846867284937584
 0.98419470203205239
 0.99170166301589102
 0.906505872236266
 0.73657130166022011
 0.49778317453547566
 0.21246303906392794
 -0.092717815718463617
 0.93181846452520023
 0.85282053973501504
 0.10035560692400715
 -0.73135951650067665
 -0.99838816415566412
 -0.46142715960880532
 0.42705643886636363
 -0.55899496658575176
 0.75698168450242054
 -0.06211655650361627
 0.32183303479668407
 0.59286423571776004
 -0.31164311913308568
 0.5678704142573785
 0.99988223247719876
 0.64115327353555451
 -0.22294841291494655
 0.61729952884911965
 -0.87962748441830119
 0.051390813039935278
 -0.25276072413051021
 0.99320532294327812
 -0.7639578031886699
 -0.37789288814250754
 -0.99617609760654102
 -0.97601375467033502
 -0.86461514160246733
 -0.67239363004398134
 0.9612428924147971
 -0.12323172689716683
 0.18237385152714947
 0.47093140178253623
 -0.68143070381530291
 0.17028847612566869
 0.98728903446803762
 0.90389699651915167
 0.89857715128068705
 0.72399073590500151
 -0.99802094220665827
 -0.55389425006308268
 0.3276392421862615
 -0.40612900000404117
 0.82268196381360825
 -0.85838131514628802
 -0.76790462100639278
 -0.99717367862900375
 -0.41173115446567415
 -0.77182249939500824
 -0.54363038747502812
 0.71974243327150733
 0.039125630047652724
 -0.86151446198985537
 0.60759392032490089
 0.81917649590739106
 0.95418370796813667
 0.99995760315919946
 0.59779672096999548
 -0.27644046604345041
 0.60270667751827289
 0.3334331020884379
 0.032990711232170816
 -0.27053560075472688
 -0.5487726593549993
 0.46006503773119856
 -0.93013761930787031
 -0.97861311857772648
 -0.97183897284212029
 -0.85521581914817602
 -0.65864840122301938
 0.94455120671081727
 0.31018445326869876
 0.20044979956074258
 0.4870973329339145
 -0.63997474726332781
 0.22444425114614314
