# Created by Octave 8.4.0, Thu Dec 11 09:16:06 2025 IST <gamana@Samsung>
# name: iq
# type: matrix
# rows: 2048
# columns: 1
 1
 0.95326076620586331
 0.81741217677477895
 -0.92900609941698054
 -0.85680260336409175
 -0.10798748872685082
 -0.26757933088703667
 -0.54620409646762802
 0.46822140226297015
 -0.92900609941698054
 -0.99739959216031482
 -0.97255769945533388
 0.054455970544694823
 0.82788199261989504
 -0.40332217000396425
 -0.10798748872685082
 -0.56153743692579583
 0.48441433643541743
 -0.64702319695337762
 0.89991984314001949
 0.98961189288312468
 0.88325162371234833
 0.89173695753970295
 0.71331917142438028
 -0.99406909454407066
 -0.51498691486160741
 0.37077718740857579
 0.9637408804343649
 0.7956444711141426
 -0.00076736500861407635
 -0.97667740455693652
 -0.96333021840326272
 -0.92203355216466776
 -0.76197358843289098
 0.99423482618450443
 0.6870267976200668
 0.054455970544694823
 0.35361122716835897
 -0.90715275704229548
 0.82788199261989504
 0.64819262069187789
 0.99983041623178193
 0.94753482023462876
 -0.32037957928655297
 0.59038960288433207
 -0.82702018425964863
 -0.052923454120163547
 -0.28527816079509682
 0.97634672945533696
 -0.7853050539592259
 -0.46957695504264702
 -0.98704394936000728
 -0.72504855459477169
 0.10951311640544466
 -0.64702319695337762
 -0.38640231949417558
 -0.089661145336106474
 0.2154614152901913
 0.50044297299076146
 -0.60393062484249249
 0.9077975051441477
 0.92957295411873897
 0.98364649651042202
 0.88325162371234833
 0.70029174263479022
 0.45186966259101069
 -0.46686474663636957
 0.42149746129340016
 -0.43674579739516622
 0.7609787877609705
 -0.8752101648306293
 -0.82874185099002262
 -0.94704312407739244
 -0.31747040782898966
 -0.74991820004097443
 0.99863888959664804
 0.64585224921887574
 -0.21695984392310549
 -0.90844011502317967
 -0.88253094986404579
 -0.15969265296119067
 0.68925392602654534
 0.99932172244443662
 0.51367074118915579
 -0.37220208762835455
 -0.96414927247383364
 -0.79471385035234265
 0.0023020932183935843
 -0.30288023361216132
 0.9629172873478028
 0.36792477034572635
 -0.94200366979757377
 -0.99439821600798184
 -0.96333021840326272
 -0.8372327419467338
 0.8846867284937584
 0.906505872236266
 -0.071304391795586203
 0.23340805554780536
 0.51630187553582951
 0.75093258738581303
 0.91536727170487375
 0.99423482618450487
 0.98016283268951387
 0.051390813039935278
 0.68702679762006169
 0.43536466339879998
 -0.41731779233287913
 -0.16272196520846155
 0.98728903446803762
 -0.70138649497904204
 -0.88397021715310997
 -0.98392175803403514
 -0.99189780074717793
 -0.90715275704229548
 0.60759392032488957
 -0.49911366156833592
 0.60270667751827289
 -0.27053560075471322
 0.38781739206357746
 -0.85521581914818334
 -0.10493547390375864
 0.72821175405807848
 0.99847409117038255
 0.93512086019445517
 -0.42288870306631471
 0.56026686158099936
 0.28380687130319676
 -0.019182950395057383
 -0.32037957928655969
 0.9465491972583544
 0.31601469873379551
 -0.56407461669631687
 -0.99871776062003026
 -0.64467978024643724
 -0.82702018425964863
 -0.61850621691532082
 0.8818081973056815
 -0.052923454120163547
 0.25127553137023834
 -0.99373060737930219
 0.76296659435509939
 0.3736261111647376
 0.99604083802624588
 0.97634672945533696
 0.86538522478011948
 -0.79842508030578996
 0.41871200264625297
 0.1247546135053899
 -0.18086464573051755
 -0.46957695504264702
 -0.71439393018262132
 -0.1657497443578384
 -0.9870439493600085
 -0.98939008741680945
 -0.89924955625485847
 0.65052688516665591
 -0.48307112512406863
 -0.19593694714062365
 0.10951311640544466
 0.40472606164912256
 0.6621058348567973
 0.85759296924080952
 0.76494721259890497
 0.97567848098621912
 0.41592259907073292
 0.77279742987957578
 -0.98753179411920244
 0.26610024882900052
 -0.037592029547473621
 -0.3377702626083236
 0.92729241161337761
 0.26314020788369136
 -0.9537233602852011
 -0.99998940073362763
 -0.9527959268197127
 -0.81652712817408524
 -0.60393062484248683
 0.85441940454650211
 0.10340909394795389
 0.2690577826897263
 0.54748902268809918
 -0.46414813962684615
 0.92957295411873897
 0.99750902515076378
 0.75898381154481431
 0.85601021937775568
 -0.83045570966328242
 -0.94605304094091414
 -0.31455824529877263
 0.5653412151459779
 -0.48575640675906639
 0.64350579279766673
 -0.21995516458155873
 -0.90971891406342786
 -0.98654680508791737
 -0.8910413592107852
 -0.71224273251685499
 -0.46686474663636957
 -0.17784495966932298
 0.1277995015959035
 0.42149746129340659
 -0.79284699542711268
 0.86691927435109684
 0.79934819172794036
 0.96208462205960266
 0.92143835717186395
 0.7609787877609705
 0.52938408740299536
 -0.68367397493892357
 -0.055988358703845706
 0.88611349812894491
 -0.62091521972729924
 -0.82874185099002262
 -0.95909896399592787
 -0.99980097558199144
 -0.94704312407739244
 0.32473766826230821
 0.94947927516166009
 -0.31747040782897623
 0.048325171352559641
 -0.76593482025537174
 -0.97534090919269134
 -0.41452642614610541
 0.47363696438451702
 0.98777222774170659
 0.96772249425417678
 -0.11408843738974658
 -0.85995193962079575
 -0.92671681226430636
 0.088132491563609597
 -0.21695984392310549
 0.99998115688567257
 0.60025452691696923
 -0.27348932174976931
 -0.93126037583336918
 -0.85362097744857279
 -0.10188247042275954
 -0.69919534082601087
 -0.45050002278269863
 -0.15969265296119067
 -0.42566819512619902
 -0.97797709263318722
 0.68925392602655566
 0.060584717496686646
 0.83130970592959941
 0.94555465629370727
 0.31310105095444601
 0.74890204634163549
 -0.99886844535843011
 -0.6423302896377806
 0.22145204955192735
 -0.37220208762835455
 -0.63524559604554065
 -0.83890731960218134
 -0.69258243610723424
 -0.99926402882828158
 -0.9409691150517755
 0.37647151477281421
 -0.57416995275079008
 0.79191076566087004
 0.0023020932183935843
 -0.80026942036837689
 0.57793347080836122
 0.79750008827622731
 0.94251761959052915
 0.99487433075577603
 0.96291728734779902
 0.83639249410950756
 -0.88682375306288164
 -0.90455241285493049
 0.069773484752231343
 0.65285502065077339
 -0.51761562011456874
 0.55517139367099122
 -0.9159841062931755
 -0.94995980074298558
 -0.82355349158424873
 -0.046792177966206036
 0.76692062383185378
 -0.43398250394614873
 -0.14148618368935256
 0.16423604820363752
 0.4546057459877848
 0.70247959528018322
 0.11561301172658989
 0.98419470203205239
 0.92613903012995313
 0.906505872236266
 0.73657130166022011
 0.49778317453547566
 -0.59902632941566003
 0.27496521772261423
 -0.38923155116934799
 0.85282053973501504
 0.10035560692400715
 -0.96887257281824157
 -0.99838816415566412
 -0.46142715960880532
 0.42705643886636363
 -0.55899496658575176
 -0.28233491333365301
 0.020717374963544161
 0.32183303479668407
 -0.94505404449062247
 0.80847539639604582
 0.5678704142573785
 0.99894025871852765
 0.95778549015728354
 0.82615642793918065
 -0.9109891421147539
 0.35073841575927878
 0.051390813039935278
 -0.25276072413051021
 0.99320532294327812
 -0.7639578031886699
 -0.92321742549042496
 -0.99617609760654102
 -0.79097267063101617
 0.0084409156854071687
 0.80118876405724115
 -0.4173177923328662
 0.3622095638296921
 0.18237385152714947
 -0.99502834951811658
 0.71546700626009307
 0.17028847612566869
 0.88753191917548446
 0.98916595154481612
 0.89857715128068705
 0.72399073590500151
 0.48172677598880875
 0.19443173525695573
 -0.1110384861372592
 0.95043808879258174
 -0.66325519730728677
 -0.85838131514628802
 -0.97326726303900257
 -0.99717367862900375
 -0.92786582682140228
 -0.77182249939500824
 0.98824611464094247
 -0.26462053999945312
 0.039125630047652724
 -0.86151446198985537
 -0.92555906657122378
 -0.25869550669401586
 0.95418370796813667
 0.99995760315919946
 0.95232884322163303
 0.81564015632847064
 0.60270667751827289
 0.3334331020884379
 -0.098828507048008718
 0.73240532865648289
 0.98526328999226143
 -0.7757112907044148
 -0.93013761930787031
 -0.97861311857772648
 -0.75597794531356421
 -0.85521581914817602
 -0.65864840122301938
 -0.40051154007206008
 -0.10493547390374451
 -0.56913300896187546
 -0.99900971917850867
 -0.63997474726332781
