# Created by Octave 8.4.0, Thu Dec 11 09:16:06 2025 IST <gamana@Samsung>
# name: iq
# type: matrix
# rows: 2048
# columns: 1
 1
 0.60515314967079348
 -0.26757933088703645
 0.60515314967079337
 -0.85680260336409175
 -0.10798748872685082
 -0.26757933088703667
 0.98679653937238487
 -0.7737705401199878
 -0.42010522672696088
 -0.99739959216031482
 -0.97255769945533388
 -0.85680260336409153
 -0.66095491288473074
 0.94753482023462932
 0.31892536915557507
 0.19744169751515539
 0.48441433643541743
 0.72610466550790553
 0.2154614152901913
 0.9077975051441477
 0.88325162371234833
 0.89173695753970295
 0.71331917142438028
 -0.99406909454407066
 0.17935501392598432
 0.37077718740857579
 0.9637408804343649
 0.7956444711141426
 -0.86615326963267925
 -0.97667740455693652
 -0.96333021840326272
 -0.92203355216466776
 0.51630187553582951
 0.99423482618450443
 0.6870267976200668
 -0.16272196520846155
 -0.88397021715310997
 -0.90715275704229548
 0.82788199261989504
 0.95866339707144232
 0.99983041623178193
 0.94753482023462876
 0.80666512125541268
 0.59038960288433207
 -0.82702018425964863
 0.017648480643128749
 -0.28527816079509682
 -0.56153743692579727
 -0.7853050539592259
 -0.46957695504264702
 -0.99855766638299481
 -0.96810813435476473
 -0.84716133746730915
 0.85759296924080952
 0.92843705653776321
 0.26610024882900735
 0.2154614152901913
 0.50044297299076146
 -0.60393062484249249
 0.9077975051441477
 0.9920916021661278
 0.98364649651042202
 0.10646160669493715
 -0.72715906615685078
 -0.98654680508791737
 0.1612074989385934
 -0.14452409467834526
 0.97700577919626364
 0.7609787877609705
 -0.055988358703831516
 -0.82874185099002262
 -0.99406909454407066
 -0.91474828106395512
 -0.74991820004097443
 -0.51498691486160741
 -0.23191544205296488
 -0.21695984392310549
 0.37077718740857579
 -0.88253094986404579
 -0.15969265296119067
 0.9637408804343649
 0.99390102147704307
 0.94148750121272873
 -0.37220208762835455
 -0.96414927247383364
 -0.79471385035234265
 -0.00076736500861407635
 -0.30288023361216132
 -0.57668032211486553
 0.36792477034572635
 -0.51761562011455653
 -0.9993770622619782
 -0.68591080477393629
 0.1642360482036235
 -0.63287203175829598
 0.906505872236266
 -0.071304391795586203
 -0.64936051767992853
 0.51630187553582951
 0.75093258738581303
 0.32183303479668407
 0.94851151593640137
 0.82615642793918065
 0.87446671960772626
 0.68702679762006169
 -0.97601375467033502
 -0.41731779233287913
 0.47093140178253623
 0.98728903446803762
 0.72399073590501128
 -0.88397021715310997
 -0.85838131514628069
 -0.92786582682140761
 -0.90715275704229548
 -0.73760846374062494
 -0.49911366156833592
 0.60270667751827289
 -0.27053560075471322
 0.38781739206357746
 0.64819262069187789
 -0.10493547390375864
 0.72821175405807848
 0.98629474709482945
 0.46550699135830681
 -0.42288870306631471
 0.56026686158099936
 0.28380687130319676
 -0.019182950395057383
 -0.32037957928655969
 0.9465491972583544
 0.31601469873379551
 -0.94802428457192678
 -0.99871776062003026
 -0.64467978024643724
 -0.82702018425964863
 -0.61850621691532082
 0.8818081973056815
 0.15817743084431238
 -0.69036505634113388
 -0.99373060737930219
 0.76296659435509939
 0.3736261111647376
 0.99604083802624588
 0.79378135772453473
 -0.0038368160058314137
 -0.79842508030578996
 0.41871200264625297
 0.1247546135053899
 -0.18086464573051755
 0.99455926362965252
 0.68479319633608504
 -0.89243045547475575
 -0.88540115604661895
 -0.98939008741680945
 -0.21096309853294973
 0.65052688516665591
 -0.48307112512406863
 -0.19593694714062365
 0.10951311640544466
 -0.94899651318043343
 0.6621058348567973
 -0.049858050913987026
 0.76494721259890497
 0.97567848098621912
 0.41592259907073292
 0.77279742987957578
 0.54491788372008809
 -0.72293121193018939
 0.11256359432942846
 -0.3377702626083236
 0.92729241161337761
 -0.81829530004591811
 -0.6088121604017056
 -0.99998940073362763
 -0.9527959268197127
 -0.81652712817408524
 0.93070009365436368
 0.85441940454650211
 -0.034524566527187259
 -0.72926272673208903
 -0.98604036598681322
 0.77474182782419287
 0.92957295411873897
 0.97765562399971406
 0.9721994811062209
 -0.059052735788742081
 0.65980243410195294
 0.40191732837529215
 -0.31455824529877263
 0.5653412151459779
 0.99879427926736775
 -0.72715906615685566
 -0.90058801035737768
 -0.90971891406342786
 -0.88108336773961071
 -0.8910413592107852
 -0.71224273251685499
 -0.46686474663636957
 -0.17784495966932298
 0.1277995015959035
 0.42149746129340659
 0.6757944842168484
 0.86691927435109684
 0.79934819172794036
 0.9957632809772784
 0.36506888685045302
 0.7609787877609705
 -0.9947179686701888
 -0.68367397493892357
 0.16726305010568898
 0.88611349812894491
 -0.62091521972729924
 0.20946266110028544
 -0.65169172040482393
 -0.9982092555350186
 -0.94704312407739244
 0.32473766826230821
 0.94947927516166009
 0.82442307956011951
 0.048325171352559641
 -0.76593482025537174
 0.56280668962743263
 -0.41452642614610541
 0.47363696438451702
 0.99863888959664804
 0.7218699851659488
 0.84634488309812139
 -0.85995193962079575
 0.38498633679420874
 -0.2616592559684634
 0.61002896648465676
 0.99998115688567257
 0.60025452691696923
 -0.90844011502318567
 -0.93126037583336918
 -0.98336891810956462
 -0.10188247042275954
 0.73031198170342548
 -0.45050002278269863
 0.46278819464259663
 -0.42566819512619902
 0.43812590268212964
 0.68925392602655566
 0.060584717496686646
 0.83130970592959941
 0.94555465629370727
 0.91412713582838767
 -0.56660648199307451
 0.51367074118914369
 -0.6423302896377806
 -0.074365698426512916
 -0.37220208762835455
 -0.63524559604554065
 -0.83890731960218134
 -0.69258243610723424
 -0.99338275770275697
 -0.9409691150517755
 0.37647151477281421
 -0.57416995275079008
 0.79191076566087004
 -0.0069062308541822806
 -0.80026942036837689
 -0.96166488978812192
 0.79750008827622731
 0.94251761959052915
 0.99943004815055925
 0.68255314321866201
 0.83639249410950756
 -0.88682375306288164
 0.36792477034572635
 0.069773484752231343
 -0.23490011927419616
 0.99811627435049122
 -0.7519452059868672
 -0.9159841062931755
 -0.94995980074298558
 -0.97985750431784746
 -0.87372121466920871
 -0.68591080477393629
 0.97500104008487365
 0.4131292768474466
 -0.47498807387394915
 -0.98801033476922906
 0.70247959528018322
 0.11561301172658989
 0.98419470203205239
 0.92613903012995313
 0.2601776877420115
 -0.61124433570766012
 0.49778317453547566
 -0.59902632941566003
 -0.092717815718463617
 -0.38923155116934799
 -0.64936051767992853
 0.10035560692400715
 -0.73135951650067665
 -0.98552463682815961
 -0.93457595984954878
 -0.78340102697185532
 -0.55899496658575176
 -0.28233491333365301
 0.020717374963544161
 -0.83216174413215693
 0.59286423571776004
 -0.31164311913308568
 0.5678704142573785
 0.99894025871852765
 0.95778549015728354
 -0.22294841291494655
 -0.9109891421147539
 -0.87962748441830119
 -0.15362954335073706
 -0.25276072413051021
 -0.53328457614273284
 0.5083939785619066
 -0.37789288814250754
 -0.99617609760654102
 -0.97601375467033502
 0.0084409156854071687
 -0.67239363004398134
 0.9612428924147971
 0.3622095638296921
 -0.52285837562992521
 -0.99502834951811658
 0.71546700626009307
 0.89312185138248557
 0.98728903446803762
 0.98916595154481612
 0.89857715128068705
 0.72399073590500151
 -0.99802094220665827
 0.19443173525695573
 0.3276392421862615
 0.95043808879258174
 -0.66325519730728677
 -0.85838131514628802
 -0.76790462100639278
 -0.9746588744632797
 -0.41173115446567415
 0.47633806457826483
 0.98824611464094247
 0.71974243327150733
 0.039125630047652724
 -0.86151446198985537
 -0.92555906657122378
 -0.25869550669401586
 0.95418370796813667
 0.99999528921032244
 0.95232884322163303
 -0.27644046604345041
 0.60270667751827289
 -0.85201809329117661
 0.032990711232170816
 -0.27053560075472688
 -0.5487726593549993
 0.46006503773119856
 -0.42844367671940398
 -0.99761610861221961
 -0.97183897284212029
 -0.85521581914817602
 0.83301182226409876
 0.94455120671081727
 -0.10493547390374451
 -0.56913300896187546
 -0.99900971917850867
 0.72821175405807848
 0.9012540563331356
