# Created by Octave 8.4.0, Thu Dec 11 09:16:06 2025 IST <gamana@Samsung>
# name: iq
# type: matrix
# rows: 2048
# columns: 1
 1
 0.95326076620586331
 -0.26757933088703645
 -0.92900609941698054
 -0.85680260336409175
 0.036058340503170451
 0.72610466550790553
 0.98679653937238487
 0.46822140226297015
 -0.42010522672696088
 -0.99739959216031482
 -0.97255769945533388
 -0.85680260336409153
 -0.66095491288473074
 0.94753482023462932
 0.31892536915557507
 0.19744169751515539
 0.48441433643541743
 0.72610466550790553
 0.89991984314001949
 0.98961189288312468
 0.98679653937238465
 0.1612074989385934
 -0.68814117224586857
 -0.99406909454407066
 0.17935501392598432
 0.37077718740857579
 -0.42010522672696088
 -0.67466245436658678
 -0.00076736500861407635
 -0.97667740455693652
 -0.99590323237511935
 -0.36935141386161585
 0.51630187553582951
 0.99423482618450443
 -0.24978974675651788
 -0.16272196520846155
 0.35361122716835897
 -0.90715275704229548
 -0.21396247916027278
 0.95866339707144232
 0.99983041623178193
 0.94753482023462876
 0.80666512125541268
 -0.94802428457192678
 -0.82702018425964863
 0.017648480643128749
 -0.28527816079509682
 -0.56153743692579727
 0.41871200264625297
 -0.46957695504264702
 -0.98704394936000728
 -0.72504855459477169
 -0.84716133746730915
 0.85759296924080952
 -0.38640231949417558
 0.26610024882900735
 0.2154614152901913
 -0.99999882230188708
 0.73864388846083573
 0.26905778268971947
 0.92957295411873897
 0.85601021937775568
 0.10646160669493715
 -0.72715906615685078
 -0.98654680508791737
 0.1612074989385934
 -0.14452409467834526
 -0.43674579739516622
 0.7609787877609705
 -0.055988358703831516
 -0.98046585238934292
 -0.94704312407739244
 -0.91474828106395512
 0.56280668962743263
 -0.51498691486160741
 -0.23191544205296488
 -0.21695984392310549
 0.37077718740857579
 0.634059560632665
 0.83807101776911563
 0.68925392602654534
 0.99390102147704307
 0.51367074118915579
 0.79564447111414049
 -0.96414927247383364
 0.30141723570001927
 -0.00076736500861407635
 -0.30288023361216132
 -0.57668032211486553
 0.36792477034572635
 -0.94200366979757377
 -0.9993770622619782
 -0.68591080477393629
 -0.8372327419467338
 0.8846867284937584
 -0.36935141386161252
 -0.071304391795586203
 -0.64936051767992853
 -0.99838816415566489
 -0.55899496658575176
 0.91536727170487375
 0.94851151593640137
 0.82615642793918065
 0.051390813039935278
 -0.76395780318866069
 -0.97601375467033502
 -0.41731779233287913
 -0.16272196520846155
 0.98728903446803762
 0.72399073590501128
 -0.1110384861372592
 -0.85838131514628069
 -0.92786582682140761
 -0.90715275704229548
 0.60759392032488957
 -0.49911366156833592
 -0.21396247916026584
 -0.27053560075471322
 -0.93013761930787031
 -0.85521581914818334
 -0.10493547390375864
 0.72821175405807848
 0.99847409117038255
 0.93512086019445517
 -0.42288870306631471
 -0.97733185259986499
 -0.75998219468248429
 0.057520614988206521
 0.82959975734471325
 -0.59162761605977232
 -0.80757120990081976
 -0.94802428457192678
 -0.9998575018847834
 -0.95822557211480941
 -0.82702018425964863
 -0.61850621691532082
 0.8818081973056815
 -0.052923454120163547
 0.25127553137023834
 0.53198566524571467
 -0.51235335761857304
 0.92262657540312143
 0.96455539355974218
 0.97634672945533696
 0.86538522478011948
 -0.79842508030578996
 0.41871200264625297
 -0.36649726022122142
 0.5189281455033995
 -0.46957695504264702
 0.68479319633608504
 -0.89243045547475575
 -0.88540115604661895
 -0.90585685224972345
 -0.89924955625485847
 -0.72504855459477169
 -0.48307112512406863
 0.55772175493586962
 -0.32328573226248619
 -0.94899651318043343
 0.6621058348567973
 -0.049858050913987026
 0.76494721259890497
 0.97567848098621912
 0.41592259907073292
 -0.47228473929236653
 0.54491788372008809
 -0.72293121193018939
 0.11256359432942846
 0.85916763922364559
 0.92729241161337761
 0.26314020788369136
 -0.9537233602852011
 -0.99998940073362763
 -0.9527959268197127
 0.27201278160118081
 0.93070009365436368
 0.85441940454650211
 -0.034524566527187259
 -0.72926272673208903
 -0.98604036598681322
 -0.46414813962684615
 0.4242789487687742
 0.97765562399971406
 0.9721994811062209
 -0.059052735788742081
 0.65980243410195294
 0.40191732837529215
 -0.31455824529877263
 0.5653412151459779
 0.99879427926736775
 -0.72715906615685566
 -0.90058801035737768
 -0.90971891406342786
 -0.88108336773961071
 -0.8910413592107852
 0.69147456057248458
 0.99355785265223773
 -0.17784495966932298
 -0.37504925466358852
 0.42149746129340659
 0.6757944842168484
 0.86691927435109684
 0.79934819172794036
 0.9957632809772784
 0.92143835717186395
 0.7609787877609705
 0.52938408740299536
 0.24830337378897069
 0.16726305010568898
 -0.35504638522223064
 -0.62091521972729924
 -0.82874185099002262
 -0.95909896399592787
 -0.99980097558199144
 -0.94704312407739244
 0.32473766826230821
 0.94947927516166009
 0.82442307956011951
 -0.016113969322028313
 -0.76593482025537174
 0.56280668962743263
 0.7862542940161692
 0.93620405186557298
 0.99863888959664804
 0.96772249425417678
 -0.11408843738974658
 -0.85995193962079575
 0.38498633679420874
 -0.2616592559684634
 0.61002896648465676
 0.99998115688567257
 0.60025452691696923
 -0.27348932174976931
 -0.93126037583336918
 -0.98336891810956462
 -0.88253094986404579
 -0.69919534082601087
 0.98578366236304771
 0.46278819464259663
 -0.42566819512619902
 -0.97797709263318722
 0.68925392602655566
 0.87595154858681679
 0.98076656270360296
 0.99390102147704307
 0.31310105095444601
 -0.56660648199307451
 -0.99886844535843011
 0.23042228230537098
 -0.074365698426512916
 -0.37220208762835455
 -0.63524559604554065
 -0.83890731960218134
 -0.69258243610723424
 -0.99926402882828158
 -0.9409691150517755
 -0.79471385035233399
 0.96536081904994131
 0.79191076566087004
 -0.0069062308541822806
 0.3043425181213476
 -0.96166488978812192
 0.79750008827622731
 0.52154952634828522
 0.99943004815055925
 0.68255314321866201
 0.83639249410950756
 0.63168301221953482
 0.36792477034572635
 0.069773484752231343
 -0.23490011927419616
 0.99811627435049122
 0.55517139367099122
 -0.9159841062931755
 -0.94995980074298558
 -0.97985750431784746
 -0.046792177966206036
 0.76692062383185378
 -0.43398250394614873
 -0.14148618368935256
 0.16423604820363752
 -0.98801033476922906
 0.70247959528018322
 0.8846867284937584
 0.98419470203205239
 0.92613903012995313
 0.2601776877420115
 -0.61124433570766012
 0.49778317453547566
 0.21246303906392794
 -0.092717815718463617
 -0.38923155116934799
 -0.64936051767992853
 -0.84878825808546021
 -0.73135951650067665
 -0.99838816415566412
 -0.46142715960880532
 -0.78340102697185532
 0.97829625774311346
 0.75698168450242054
 -0.06211655650361627
 0.32183303479668407
 -0.94505404449062247
 0.80847539639604582
 0.5678704142573785
 0.99988223247719876
 0.95778549015728354
 -0.22294841291494655
 -0.9109891421147539
 0.35073841575927878
 -0.15362954335073706
 0.69368868033596887
 -0.53328457614273284
 0.5083939785619066
 -0.92321742549042496
 -0.96576012155713209
 -0.97601375467033502
 0.0084409156854071687
 -0.67239363004398134
 0.9612428924147971
 -0.12323172689716683
 0.18237385152714947
 -0.99502834951811658
 0.71546700626009307
 0.17028847612566869
 0.98728903446803762
 0.90389699651915167
 0.20646030966758724
 0.72399073590500151
 0.48172677598880875
 -0.55389425006308268
 -0.1110384861372592
 0.95043808879258174
 -0.66325519730728677
 -0.85838131514628802
 -0.97326726303900257
 -0.9746588744632797
 -0.92786582682140228
 0.47633806457826483
 -0.54363038747502812
 -0.26462053999945312
 0.039125630047652724
 0.33921439615447818
 -0.92555906657122378
 0.81917649590739106
 0.61245826520808466
 0.99995760315919946
 0.95232884322163303
 0.81564015632847064
 0.60270667751827289
 -0.85201809329117661
 -0.098828507048008718
 -0.27053560075472688
 0.98526328999226143
 0.46006503773119856
 -0.93013761930787031
 -0.97861311857772648
 -0.75597794531356421
 -0.85521581914817602
 0.83301182226409876
 -0.40051154007206008
 0.31018445326869876
 0.20044979956074258
 0.4870973329339145
 -0.63997474726332781
