# Created by Octave 8.4.0, Thu Dec 11 09:16:06 2025 IST <gamana@Samsung>
# name: iq
# type: matrix
# rows: 2048
# columns: 1
 1
 0.95326076620586331
 -0.26757933088703645
 -0.92900609941698054
 0.336325333479365
 0.036058340503170451
 0.72610466550790553
 -0.54620409646762802
 0.46822140226297015
 -0.92900609941698054
 -0.97667740455693652
 -0.97255769945533388
 -0.85680260336409153
 0.82788199261989504
 -0.40332217000396425
 -0.10798748872685082
 -0.56153743692579583
 -0.9985576663829947
 0.72610466550790553
 0.89991984314001949
 0.98961189288312468
 0.98679653937238465
 0.1612074989385934
 -0.68814117224586857
 0.46822140226296938
 0.17935501392598432
 0.37077718740857579
 0.9637408804343649
 -0.67466245436658678
 -0.00076736500861407635
 -0.79657321781796042
 -0.96333021840326272
 -0.92203355216466776
 0.51630187553582951
 -0.53068550131166847
 0.6870267976200668
 -0.16272196520846155
 -0.88397021715310997
 -0.90715275704229548
 0.82788199261989504
 0.95866339707144232
 0.99847409117038255
 0.56026686158099936
 0.80666512125541268
 -0.94802428457192678
 0.31892536915557335
 -0.052923454120163547
 -0.28527816079509682
 -0.56153743692579727
 -0.7853050539592259
 -0.93566355795921996
 -0.99855766638299481
 -0.96810813435476473
 0.10951311640544466
 -0.64702319695337762
 0.92843705653776321
 -0.089661145336106474
 -0.60637424912365256
 0.50044297299076146
 0.73864388846083573
 0.26905778268971947
 0.9920916021661278
 0.98364649651042202
 0.10646160669493715
 0.70029174263479022
 -0.98654680508791737
 0.1612074989385934
 0.42149746129340016
 0.97700577919626364
 0.7609787877609705
 -0.055988358703831516
 -0.82874185099002262
 -0.94704312407739244
 -0.91474828106395512
 0.56280668962743263
 -0.51498691486160741
 0.64585224921887574
 -0.21695984392310549
 0.37077718740857579
 0.634059560632665
 0.83807101776911563
 0.9637408804343649
 0.99932172244443662
 0.51367074118915579
 0.79564447111414049
 0.57542581511072144
 0.30141723570001927
 0.0023020932183935843
 -0.30288023361216132
 -0.57668032211486553
 -0.79657321781796253
 -0.51761562011455653
 -0.99439821600798184
 -0.96333021840326272
 -0.8372327419467338
 0.8846867284937584
 0.906505872236266
 -0.071304391795586203
 0.23340805554780536
 -0.99838816415566489
 -0.55899496658575176
 0.32183303479668407
 0.94851151593640137
 0.98016283268951387
 0.051390813039935278
 -0.76395780318866069
 0.43536466339879998
 -0.41731779233287913
 0.47093140178253623
 0.98728903446803762
 -0.70138649497904204
 -0.1110384861372592
 -0.98392175803403514
 -0.99189780074717793
 -0.90715275704229548
 -0.73760846374062494
 0.99999528921032244
 -0.21396247916026584
 -0.27053560075471322
 -0.93013761930787031
 -0.85521581914818334
 -0.10493547390375864
 0.72821175405807848
 0.99847409117038255
 0.46550699135830681
 -0.42288870306631471
 -0.97733185259986499
 -0.75998219468248429
 -0.019182950395057383
 0.82959975734471325
 -0.59162761605977232
 0.31601469873379551
 -0.56407461669631687
 -0.99871776062003026
 -0.64467978024643724
 -0.82702018425964863
 -0.61850621691532082
 0.8818081973056815
 0.15817743084431238
 -0.69036505634113388
 0.53198566524571467
 -0.51235335761857304
 0.92262657540312143
 0.96455539355974218
 0.79378135772453473
 -0.0038368160058314137
 0.67352883541892117
 -0.96250208824059569
 -0.36649726022122142
 0.5189281455033995
 -0.46957695504264702
 0.68479319633608504
 -0.89243045547475575
 -0.88540115604661895
 -0.98939008741680945
 -0.89924955625485847
 -0.72504855459477169
 -0.48307112512406863
 0.55772175493586962
 0.10951311640544466
 -0.94899651318043343
 0.6621058348567973
 0.85759296924080952
 0.76494721259890497
 0.99728780989863108
 0.41592259907073292
 -0.47228473929236653
 0.54491788372008809
 0.26610024882900052
 0.11256359432942846
 0.85916763922364559
 -0.60637424912365256
 -0.81829530004591811
 -0.6088121604017056
 -0.99999882230188708
 -0.60148131058103105
 -0.81652712817408524
 0.93070009365436368
 0.85441940454650211
 0.10340909394795389
 0.2690577826897263
 -0.98604036598681322
 -0.46414813962684615
 0.92957295411873897
 0.99750902515076378
 0.75898381154481431
 -0.059052735788742081
 -0.83045570966328242
 0.40191732837529215
 -0.31455824529877263
 -0.19894598283625273
 -0.48575640675906639
 -0.72715906615685566
 -0.90058801035737768
 -0.98983136742132305
 -0.88108336773961071
 -0.8910413592107852
 0.69147456057248458
 0.99355785265223773
 0.51103476725282548
 0.1277995015959035
 -0.96495924273552103
 -0.79284699542711268
 0.86691927435109684
 0.97700577919626508
 0.96208462205960266
 0.36506888685045302
 -0.52023944861085925
 0.52938408740299536
 0.24830337378897069
 0.16726305010568898
 0.88611349812894491
 0.90520569861137001
 0.20946266110028544
 -0.65169172040482393
 -0.9982092555350186
 -0.94704312407739244
 -0.8057571325940257
 0.94947927516166009
 -0.31747040782897623
 -0.016113969322028313
 0.28674877834389367
 0.56280668962743263
 -0.41452642614610541
 0.93620405186557298
 0.99863888959664804
 0.7218699851659488
 0.84634488309812139
 -0.85995193962079575
 -0.92671681226430636
 -0.2616592559684634
 0.61002896648465676
 -0.50177110567169725
 0.60025452691696923
 -0.27348932174976931
 -0.99228306681626133
 -0.98336891810956462
 -0.88253094986404579
 -0.69919534082601087
 -0.45050002278269863
 0.46278819464259663
 0.14604254134424832
 0.43812590268212964
 0.68925392602655566
 0.87595154858681679
 0.98076656270360296
 0.94555465629370727
 0.31310105095444601
 0.74890204634163549
 0.51367074118914369
 -0.6423302896377806
 -0.074365698426512916
 0.9103551002125686
 0.88035646287310099
 -0.83890731960218134
 -0.96414927247383364
 -0.99926402882828158
 -0.50971497319771586
 -0.79471385035233399
 -0.57416995275079008
 -0.29995352783086127
 -0.0069062308541822806
 -0.80026942036837689
 -0.96166488978812192
 0.79750008827622731
 0.94251761959052915
 0.99943004815055925
 0.96291728734779902
 0.83639249410950756
 0.63168301221953482
 -0.90455241285493049
 0.069773484752231343
 -0.23490011927419616
 0.99811627435049122
 -0.7519452059868672
 -0.32618883937625204
 -0.99439821600798184
 -0.97985750431784746
 -0.87372121466920871
 0.76692062383185378
 0.97500104008487365
 0.4131292768474466
 -0.47498807387394915
 -0.98801033476922906
 -0.72080705811183032
 0.11561301172658989
 0.98419470203205239
 0.99170166301589102
 0.2601776877420115
 -0.61124433570766012
 -0.99997055768587484
 -0.59902632941566003
 0.27496521772261423
 -0.38923155116934799
 -0.64936051767992853
 -0.84878825808546021
 -0.73135951650067665
 -0.98552463682815961
 -0.93457595984954878
 0.42705643886636363
 0.97829625774311346
 -0.28233491333365301
 -0.06211655650361627
 -0.83216174413215693
 -0.94505404449062247
 0.80847539639604582
 0.94851151593640592
 0.99894025871852765
 0.64115327353555451
 -0.22294841291494655
 0.61729952884911965
 -0.87962748441830119
 -0.15362954335073706
 -0.25276072413051021
 -0.53328457614273284
 0.5083939785619066
 -0.37789288814250754
 -0.99617609760654102
 -0.79097267063101617
 -0.86461514160246733
 0.80118876405724115
 0.9612428924147971
 -0.12323172689716683
 0.18237385152714947
 0.47093140178253623
 -0.68143070381530291
 0.17028847612566869
 0.98728903446803762
 0.90389699651915167
 0.89857715128068705
 0.72399073590500151
 -0.99802094220665827
 -0.55389425006308268
 0.3276392421862615
 0.95043808879258174
 -0.66325519730728677
 0.045259074365704664
 -0.76790462100639278
 -0.9746588744632797
 -0.92786582682140228
 -0.77182249939500824
 0.98824611464094247
 0.71974243327150733
 -0.11713731374898172
 0.33921439615447818
 -0.92555906657122378
 -0.25869550669401586
 0.61245826520808466
 0.99995760315919946
 0.95232884322163303
 0.81564015632847064
 -0.93237435841533678
 -0.85201809329117661
 0.032990711232170816
 0.73240532865648289
 0.98526328999226143
 -0.7757112907044148
 -0.42844367671940398
 -0.97861311857772648
 -0.97183897284212029
 0.063648249201443158
 0.83301182226409876
 -0.40051154007206008
 0.31018445326869876
 -0.56913300896187546
 -0.99900971917850867
 0.72821175405807848
