# Created by Octave 8.4.0, Thu Dec 11 09:16:06 2025 IST <gamana@Samsung>
# name: iq
# type: matrix
# rows: 2048
# columns: 1
 1
 0.95326076620586331
 -0.26757933088703645
 0.60515314967079337
 -0.85680260336409175
 -0.10798748872685082
 0.72610466550790553
 0.98679653937238487
 0.46822140226297015
 -0.42010522672696088
 -0.99739959216031482
 -0.97255769945533388
 -0.85680260336409153
 0.82788199261989504
 -0.40332217000396425
 0.31892536915557507
 0.19744169751515539
 -0.9985576663829947
 0.72610466550790553
 0.89991984314001949
 0.9077975051441477
 0.98679653937238465
 0.89173695753970295
 -0.68814117224586857
 -0.99406909454407066
 0.17935501392598432
 -0.126277206267076
 -0.42010522672696088
 -0.67466245436658678
 -0.00076736500861407635
 -0.97667740455693652
 -0.96333021840326272
 -0.92203355216466776
 -0.76197358843289098
 -0.53068550131166847
 0.6870267976200668
 -0.16272196520846155
 0.35361122716835897
 0.61971144815431445
 0.82788199261989504
 0.64819262069187789
 0.99983041623178193
 0.56026686158099936
 -0.32037957928655297
 -0.94802428457192678
 0.31892536915557335
 -0.052923454120163547
 0.76296659435509484
 0.97634672945533696
 -0.7853050539592259
 -0.93566355795921996
 -0.98704394936000728
 -0.72504855459477169
 -0.84716133746730915
 0.85759296924080952
 -0.38640231949417558
 -0.089661145336106474
 -0.60637424912365256
 0.50044297299076146
 0.73864388846083573
 0.26905778268971947
 0.92957295411873897
 0.98364649651042202
 0.10646160669493715
 0.70029174263479022
 0.45186966259101069
 -0.46686474663636957
 -0.14452409467834526
 -0.43674579739516622
 -0.68814117224586857
 -0.055988358703831516
 -0.82874185099002262
 -0.99406909454407066
 -0.31747040782898966
 -0.74991820004097443
 0.99863888959664804
 -0.23191544205296488
 0.072835130888845759
 -0.90844011502317967
 0.634059560632665
 0.83807101776911563
 0.68925392602654534
 0.99932172244443662
 0.94148750121272873
 0.79564447111414049
 -0.96414927247383364
 0.30141723570001927
 -0.00076736500861407635
 -0.30288023361216132
 0.9629172873478028
 -0.79657321781796253
 -0.94200366979757377
 -0.99439821600798184
 -0.96333021840326272
 -0.8372327419467338
 -0.63287203175829598
 -0.36935141386161252
 -0.071304391795586203
 0.23340805554780536
 -0.99838816415566489
 0.75093258738581303
 0.32183303479668407
 0.99423482618450487
 0.82615642793918065
 0.051390813039935278
 0.68702679762006169
 0.43536466339879998
 -0.41731779233287913
 -0.16272196520846155
 -0.45323823806721858
 0.72399073590501128
 -0.1110384861372592
 -0.85838131514628069
 -0.92786582682140761
 -0.90715275704229548
 0.60759392032488957
 -0.49911366156833592
 -0.21396247916026584
 -0.27053560075471322
 -0.93013761930787031
 0.64819262069187789
 -0.10493547390375864
 0.96849149417710867
 0.99847409117038255
 0.93512086019445517
 -0.42288870306631471
 0.56026686158099936
 -0.75998219468248429
 -0.019182950395057383
 0.82959975734471325
 0.9465491972583544
 -0.80757120990081976
 -0.56407461669631687
 -0.9998575018847834
 -0.95822557211480941
 0.21845776152962559
 -0.61850621691532082
 -0.35217523621993413
 0.15817743084431238
 0.25127553137023834
 0.53198566524571467
 0.76296659435509939
 0.92262657540312143
 0.96455539355974218
 0.97634672945533696
 0.86538522478011948
 0.67352883541892117
 -0.96250208824059569
 0.1247546135053899
 -0.18086464573051755
 0.99455926362965252
 -0.71439393018262132
 -0.89243045547475575
 -0.88540115604661895
 -0.90585685224972345
 -0.21096309853294973
 -0.72504855459477169
 0.99829988554123306
 0.55772175493586962
 -0.32328573226248619
 -0.94899651318043343
 0.6621058348567973
 -0.049858050913987026
 0.97291362704571205
 0.99728780989863108
 0.41592259907073292
 -0.47228473929236653
 0.54491788372008809
 0.26610024882900052
 -0.037592029547473621
 0.85916763922364559
 0.92729241161337761
 -0.81829530004591811
 -0.9537233602852011
 -0.99999882230188708
 -0.60148131058103105
 0.27201278160118081
 -0.60393062484248683
 -0.33487961217098988
 0.10340909394795389
 -0.72926272673208903
 -0.98604036598681322
 -0.46414813962684615
 0.92957295411873897
 0.97765562399971406
 0.75898381154481431
 0.85601021937775568
 0.65980243410195294
 -0.94605304094091414
 0.10646160669493009
 -0.19894598283625273
 0.99879427926736775
 -0.72715906615685566
 -0.90058801035737768
 -0.98983136742132305
 -0.88108336773961071
 -0.15666183615691048
 -0.71224273251685499
 -0.46686474663636957
 0.51103476725282548
 -0.37504925466358852
 -0.96495924273552103
 0.6757944842168484
 0.86691927435109684
 0.79934819172794036
 0.96208462205960266
 0.92143835717186395
 -0.52023944861085925
 0.52938408740299536
 0.24830337378897069
 0.16726305010568898
 -0.35504638522223064
 -0.62091521972729924
 0.20946266110028544
 -0.65169172040482393
 -0.99980097558199144
 -0.94704312407739244
 -0.8057571325940257
 0.94947927516166009
 0.82442307956011951
 0.048325171352559641
 0.28674877834389367
 -0.97534090919269134
 -0.41452642614610541
 0.47363696438451702
 0.98777222774170659
 0.96772249425417678
 0.84634488309812139
 -0.85995193962079575
 -0.92671681226430636
 -0.2616592559684634
 -0.21695984392310549
 0.99998115688567257
 0.60025452691696923
 -0.27348932174976931
 -0.93126037583336918
 -0.98336891810956462
 -0.10188247042275954
 0.73031198170342548
 0.98578366236304771
 -0.15969265296119067
 -0.42566819512619902
 -0.97797709263318722
 -0.75798364069952995
 0.87595154858681679
 0.98076656270360296
 0.94555465629370727
 0.91412713582838767
 -0.56660648199307451
 -0.99886844535843011
 -0.6423302896377806
 0.22145204955192735
 -0.37220208762835455
 0.88035646287310099
 -0.83890731960218134
 -0.96414927247383364
 -0.99926402882828158
 -0.50971497319771586
 0.37647151477281421
 -0.57416995275079008
 0.79191076566087004
 0.0023020932183935843
 -0.80026942036837689
 -0.96166488978812192
 0.79750008827622731
 0.94251761959052915
 0.99487433075577603
 0.68255314321866201
 0.83639249410950756
 -0.88682375306288164
 -0.90455241285493049
 0.069773484752231343
 0.65285502065077339
 -0.51761562011456874
 -0.7519452059868672
 -0.9159841062931755
 -0.94995980074298558
 -0.82355349158424873
 -0.046792177966206036
 -0.68591080477393629
 0.97500104008487365
 0.4131292768474466
 -0.47498807387394915
 -0.98801033476922906
 -0.72080705811183032
 0.11561301172658989
 0.98419470203205239
 0.92613903012995313
 0.2601776877420115
 -0.61124433570766012
 -0.99997055768587484
 -0.59902632941566003
 0.27496521772261423
 -0.38923155116934799
 -0.64936051767992853
 -0.84878825808546021
 -0.96887257281824157
 -0.98552463682815961
 -0.93457595984954878
 -0.78340102697185532
 0.97829625774311346
 0.75698168450242054
 -0.06211655650361627
 -0.83216174413215693
 0.59286423571776004
 0.80847539639604582
 0.94851151593640592
 0.99988223247719876
 0.64115327353555451
 -0.22294841291494655
 -0.9109891421147539
 -0.87962748441830119
 0.051390813039935278
 0.69368868033596887
 0.99320532294327812
 0.5083939785619066
 -0.37789288814250754
 -0.99617609760654102
 -0.97601375467033502
 0.0084409156854071687
 -0.67239363004398134
 0.9612428924147971
 -0.12323172689716683
 -0.52285837562992521
 -0.99502834951811658
 0.71546700626009307
 0.17028847612566869
 0.88753191917548446
 0.90389699651915167
 0.89857715128068705
 -0.65401678316449274
 -0.99802094220665827
 -0.55389425006308268
 -0.1110384861372592
 -0.40612900000404117
 -0.66325519730728677
 0.045259074365704664
 -0.76790462100639278
 -0.99717367862900375
 -0.92786582682140228
 -0.77182249939500824
 -0.54363038747502812
 0.71974243327150733
 0.039125630047652724
 0.33921439615447818
 -0.92555906657122378
 -0.25869550669401586
 0.61245826520808466
 0.99995760315919946
 0.59779672096999548
 -0.27644046604345041
 0.60270667751827289
 -0.85201809329117661
 0.032990711232170816
 0.73240532865648289
 0.98526328999226143
 -0.7757112907044148
 -0.42844367671940398
 -0.97861311857772648
 -0.97183897284212029
 0.063648249201443158
 -0.65864840122301938
 0.94455120671081727
 0.31018445326869876
 0.20044979956074258
 -0.99900971917850867
