# Created by Octave 8.4.0, Thu Dec 11 09:16:06 2025 IST <gamana@Samsung>
# name: iq
# type: matrix
# rows: 2048
# columns: 1
 1
 0.95326076620586331
 0.81741217677477895
 -0.92900609941698054
 0.336325333479365
 -0.10798748872685082
 -0.26757933088703667
 -0.54620409646762802
 -0.7737705401199878
 -0.92900609941698054
 -0.99739959216031482
 -0.97255769945533388
 -0.85680260336409153
 0.82788199261989504
 -0.40332217000396425
 0.31892536915557507
 -0.56153743692579583
 0.48441433643541743
 0.72610466550790553
 0.2154614152901913
 0.98961189288312468
 0.98679653937238465
 0.89173695753970295
 0.71331917142438028
 0.46822140226296938
 -0.51498691486160741
 -0.126277206267076
 -0.42010522672696088
 0.7956444711141426
 -0.86615326963267925
 -0.79657321781796042
 -0.99590323237511935
 -0.92203355216466776
 -0.76197358843289098
 0.99423482618450443
 -0.24978974675651788
 0.054455970544694823
 0.35361122716835897
 0.61971144815431445
 0.82788199261989504
 0.64819262069187789
 0.99983041623178193
 0.94753482023462876
 0.80666512125541268
 -0.94802428457192678
 -0.82702018425964863
 0.017648480643128749
 0.76296659435509484
 -0.56153743692579727
 -0.7853050539592259
 -0.93566355795921996
 -0.99855766638299481
 -0.72504855459477169
 0.10951311640544466
 -0.64702319695337762
 0.92843705653776321
 0.26610024882900735
 0.2154614152901913
 0.50044297299076146
 -0.60393062484249249
 0.9077975051441477
 0.92957295411873897
 0.98364649651042202
 0.88325162371234833
 0.70029174263479022
 0.45186966259101069
 -0.46686474663636957
 -0.14452409467834526
 0.97700577919626364
 0.7609787877609705
 -0.8752101648306293
 -0.82874185099002262
 -0.99406909454407066
 -0.91474828106395512
 -0.74991820004097443
 0.99863888959664804
 0.64585224921887574
 -0.21695984392310549
 -0.90844011502317967
 -0.88253094986404579
 -0.15969265296119067
 0.68925392602654534
 0.99932172244443662
 0.51367074118915579
 -0.37220208762835455
 0.57542581511072144
 -0.79471385035234265
 0.0023020932183935843
 -0.30288023361216132
 0.9629172873478028
 -0.79657321781796253
 -0.51761562011455653
 -0.9993770622619782
 -0.68591080477393629
 -0.8372327419467338
 -0.63287203175829598
 -0.36935141386161252
 -0.071304391795586203
 -0.64936051767992853
 0.51630187553582951
 0.75093258738581303
 0.91536727170487375
 0.99423482618450487
 0.98016283268951387
 0.87446671960772626
 -0.76395780318866069
 0.43536466339879998
 0.14300530760092806
 -0.16272196520846155
 0.98728903446803762
 -0.70138649497904204
 -0.88397021715310997
 -0.85838131514628069
 -0.99189780074717793
 -0.90715275704229548
 0.60759392032488957
 -0.49911366156833592
 -0.21396247916026584
 -0.27053560075471322
 -0.93013761930787031
 0.64819262069187789
 -0.10493547390375864
 0.72821175405807848
 0.99847409117038255
 0.46550699135830681
 0.78435396419772463
 -0.97733185259986499
 -0.75998219468248429
 -0.019182950395057383
 -0.32037957928655969
 0.9465491972583544
 0.31601469873379551
 -0.94802428457192678
 -0.9998575018847834
 -0.64467978024643724
 -0.82702018425964863
 0.90908058516579637
 -0.35217523621993413
 -0.052923454120163547
 0.25127553137023834
 0.53198566524571467
 0.76296659435509939
 0.92262657540312143
 0.96455539355974218
 0.97634672945533696
 0.86538522478011948
 0.67352883541892117
 0.41871200264625297
 0.1247546135053899
 0.5189281455033995
 0.99455926362965252
 -0.71439393018262132
 -0.89243045547475575
 -0.9870439493600085
 -0.90585685224972345
 -0.89924955625485847
 0.65052688516665591
 -0.48307112512406863
 -0.19593694714062365
 0.10951311640544466
 -0.94899651318043343
 -0.82529072569298034
 0.85759296924080952
 0.76494721259890497
 0.99728780989863108
 0.41592259907073292
 -0.47228473929236653
 -0.98753179411920244
 0.26610024882900052
 0.11256359432942846
 0.85916763922364559
 -0.60637424912365256
 -0.81829530004591811
 -0.6088121604017056
 -0.99999882230188708
 -0.60148131058103105
 0.27201278160118081
 0.93070009365436368
 -0.33487961217098988
 -0.034524566527187259
 0.2690577826897263
 0.54748902268809918
 0.77474182782419287
 0.92957295411873897
 0.99750902515076378
 0.9721994811062209
 0.85601021937775568
 0.65980243410195294
 0.40191732837529215
 0.10646160669493009
 -0.19894598283625273
 -0.48575640675906639
 0.64350579279766673
 -0.21995516458155873
 -0.98983136742132305
 -0.88108336773961071
 -0.15666183615691048
 -0.71224273251685499
 0.99355785265223773
 -0.17784495966932298
 0.1277995015959035
 0.42149746129340659
 0.6757944842168484
 0.0053715297560473045
 0.79934819172794036
 0.9957632809772784
 0.36506888685045302
 -0.52023944861085925
 0.52938408740299536
 -0.68367397493892357
 0.16726305010568898
 -0.35504638522223064
 -0.62091521972729924
 0.20946266110028544
 -0.95909896399592787
 -0.9982092555350186
 -0.55644722963027093
 0.32473766826230821
 0.94947927516166009
 0.82442307956011951
 0.048325171352559641
 -0.76593482025537174
 0.56280668962743263
 0.7862542940161692
 0.47363696438451702
 0.99863888959664804
 0.96772249425417678
 -0.11408843738974658
 -0.85995193962079575
 -0.92671681226430636
 0.088132491563609597
 -0.21695984392310549
 0.99998115688567257
 0.60025452691696923
 -0.27348932174976931
 -0.93126037583336918
 -0.98336891810956462
 -0.88253094986404579
 -0.69919534082601087
 -0.45050002278269863
 -0.15969265296119067
 0.14604254134424832
 0.43812590268212964
 0.68925392602655566
 0.87595154858681679
 0.98076656270360296
 0.94555465629370727
 0.31310105095444601
 -0.56660648199307451
 -0.99886844535843011
 -0.6423302896377806
 -0.074365698426512916
 -0.37220208762835455
 -0.63524559604554065
 0.15514587246881095
 -0.69258243610723424
 -0.99926402882828158
 -0.9409691150517755
 0.37647151477281421
 0.96536081904994131
 0.79191076566087004
 0.0023020932183935843
 0.3043425181213476
 0.57793347080836122
 -0.36363965359780637
 0.94251761959052915
 0.99943004815055925
 0.96291728734779902
 -0.16877596188281066
 0.63168301221953482
 -0.90455241285493049
 -0.20796173030008755
 -0.23490011927419616
 -0.51761562011456874
 -0.7519452059868672
 -0.9159841062931755
 -0.99439821600798184
 -0.82355349158424873
 -0.87372121466920871
 0.76692062383185378
 0.97500104008487365
 0.4131292768474466
 -0.47498807387394915
 -0.98801033476922906
 -0.72080705811183032
 0.11561301172658989
 0.98419470203205239
 0.92613903012995313
 0.2601776877420115
 -0.61124433570766012
 -0.99997055768587484
 -0.59902632941566003
 -0.092717815718463617
 0.93181846452520023
 -0.64936051767992853
 0.10035560692400715
 -0.73135951650067665
 -0.98552463682815961
 -0.46142715960880532
 0.42705643886636363
 -0.55899496658575176
 -0.28233491333365301
 0.020717374963544161
 -0.83216174413215693
 0.59286423571776004
 0.80847539639604582
 0.5678704142573785
 0.99894025871852765
 0.64115327353555451
 0.82615642793918065
 0.61729952884911965
 -0.87962748441830119
 0.051390813039935278
 0.69368868033596887
 -0.53328457614273284
 0.5083939785619066
 -0.37789288814250754
 -0.96576012155713209
 -0.97601375467033502
 0.0084409156854071687
 0.80118876405724115
 -0.4173177923328662
 -0.12323172689716683
 0.18237385152714947
 -0.99502834951811658
 0.71546700626009307
 0.89312185138248557
 0.88753191917548446
 0.90389699651915167
 0.89857715128068705
 0.72399073590500151
 0.48172677598880875
 0.19443173525695573
 -0.1110384861372592
 -0.40612900000404117
 -0.66325519730728677
 -0.85838131514628802
 -0.76790462100639278
 -0.99717367862900375
 -0.41173115446567415
 -0.77182249939500824
 -0.54363038747502812
 0.71974243327150733
 0.039125630047652724
 -0.86151446198985537
 0.60759392032490089
 -0.25869550669401586
 0.61245826520808466
 0.99995760315919946
 0.59779672096999548
 -0.27644046604345041
 -0.93237435841533678
 0.3334331020884379
 0.032990711232170816
 -0.27053560075472688
 0.98526328999226143
 0.46006503773119856
 -0.42844367671940398
 -0.99761610861221961
 -0.75597794531356421
 0.063648249201443158
 -0.65864840122301938
 0.94455120671081727
 -0.10493547390374451
 -0.56913300896187546
 -0.99900971917850867
 -0.63997474726332781
 0.9012540563331356
