# Created by Octave 8.4.0, Thu Dec 11 09:16:06 2025 IST <gamana@Samsung>
# name: iq
# type: matrix
# rows: 2048
# columns: 1
 1
 0.95326076620586331
 -0.26757933088703645
 0.60515314967079337
 -0.85680260336409175
 -0.10798748872685082
 0.72610466550790553
 0.98679653937238487
 0.46822140226297015
 -0.92900609941698054
 -0.99739959216031482
 -0.76197358843289098
 -0.85680260336409153
 0.82788199261989504
 -0.40332217000396425
 0.31892536915557507
 0.19744169751515539
 0.48441433643541743
 -0.64702319695337762
 0.2154614152901913
 0.9077975051441477
 0.88325162371234833
 0.1612074989385934
 0.71331917142438028
 0.46822140226296938
 -0.51498691486160741
 0.37077718740857579
 0.9637408804343649
 0.7956444711141426
 -0.86615326963267925
 -0.97667740455693652
 -0.96333021840326272
 -0.92203355216466776
 0.51630187553582951
 -0.53068550131166847
 -0.24978974675651788
 -0.16272196520846155
 0.35361122716835897
 0.61971144815431445
 -0.21396247916027278
 0.64819262069187789
 0.99983041623178193
 0.94753482023462876
 0.80666512125541268
 -0.94802428457192678
 -0.82702018425964863
 0.017648480643128749
 -0.28527816079509682
 -0.56153743692579727
 0.41871200264625297
 -0.93566355795921996
 -0.98704394936000728
 -0.96810813435476473
 0.10951311640544466
 0.85759296924080952
 -0.38640231949417558
 -0.089661145336106474
 -0.60637424912365256
 0.50044297299076146
 -0.60393062484249249
 0.9077975051441477
 0.92957295411873897
 0.85601021937775568
 0.88325162371234833
 -0.72715906615685078
 0.45186966259101069
 0.1612074989385934
 0.42149746129340016
 0.97700577919626364
 0.7609787877609705
 -0.055988358703831516
 -0.82874185099002262
 -0.99406909454407066
 -0.91474828106395512
 -0.74991820004097443
 0.99863888959664804
 0.64585224921887574
 -0.21695984392310549
 -0.90844011502317967
 0.634059560632665
 -0.15969265296119067
 0.9637408804343649
 0.99932172244443662
 0.51367074118915579
 -0.37220208762835455
 0.57542581511072144
 -0.79471385035234265
 0.0023020932183935843
 -0.30288023361216132
 -0.57668032211486553
 0.36792477034572635
 -0.94200366979757377
 -0.9993770622619782
 -0.68591080477393629
 -0.8372327419467338
 0.8846867284937584
 -0.36935141386161252
 -0.071304391795586203
 -0.64936051767992853
 0.51630187553582951
 -0.55899496658575176
 0.91536727170487375
 0.94851151593640137
 0.98016283268951387
 0.87446671960772626
 0.68702679762006169
 0.43536466339879998
 -0.41731779233287913
 0.47093140178253623
 -0.45323823806721858
 0.72399073590501128
 -0.1110384861372592
 -0.98392175803403514
 -0.92786582682140761
 -0.90715275704229548
 0.60759392032488957
 -0.49911366156833592
 -0.21396247916026584
 -0.27053560075471322
 0.38781739206357746
 0.64819262069187789
 0.84797579643587995
 0.72821175405807848
 0.98629474709482945
 0.93512086019445517
 0.78435396419772463
 0.56026686158099936
 0.28380687130319676
 -0.019182950395057383
 -0.32037957928655969
 0.9465491972583544
 -0.80757120990081976
 -0.56407461669631687
 -0.99871776062003026
 -0.95822557211480941
 0.21845776152962559
 0.90908058516579637
 -0.35217523621993413
 0.15817743084431238
 -0.69036505634113388
 0.53198566524571467
 0.76296659435509939
 0.3736261111647376
 0.99604083802624588
 0.97634672945533696
 0.86538522478011948
 -0.79842508030578996
 -0.96250208824059569
 0.1247546135053899
 -0.18086464573051755
 0.99455926362965252
 0.68479319633608504
 -0.89243045547475575
 -0.88540115604661895
 -0.90585685224972345
 -0.89924955625485847
 -0.72504855459477169
 -0.48307112512406863
 0.55772175493586962
 -0.32328573226248619
 -0.94899651318043343
 -0.82529072569298034
 0.85759296924080952
 0.97291362704571205
 0.99728780989863108
 0.41592259907073292
 0.77279742987957578
 0.54491788372008809
 0.26610024882900052
 0.11256359432942846
 -0.3377702626083236
 -0.60637424912365256
 0.26314020788369136
 -0.9537233602852011
 -0.99998940073362763
 -0.9527959268197127
 0.27201278160118081
 -0.60393062484248683
 -0.33487961217098988
 -0.034524566527187259
 0.2690577826897263
 0.54748902268809918
 -0.46414813962684615
 0.92957295411873897
 0.97765562399971406
 0.9721994811062209
 -0.059052735788742081
 0.65980243410195294
 0.40191732837529215
 -0.31455824529877263
 -0.19894598283625273
 0.99879427926736775
 0.64350579279766673
 -0.21995516458155873
 -0.98983136742132305
 -0.88108336773961071
 -0.8910413592107852
 0.69147456057248458
 0.99355785265223773
 0.51103476725282548
 0.1277995015959035
 -0.96495924273552103
 0.6757944842168484
 0.86691927435109684
 0.79934819172794036
 0.9957632809772784
 0.92143835717186395
 -0.52023944861085925
 -0.9947179686701888
 -0.68367397493892357
 -0.055988358703845706
 0.88611349812894491
 0.90520569861137001
 0.20946266110028544
 -0.95909896399592787
 -0.9982092555350186
 -0.94704312407739244
 0.32473766826230821
 -0.58915019910744659
 0.82442307956011951
 -0.016113969322028313
 0.28674877834389367
 0.56280668962743263
 -0.41452642614610541
 0.47363696438451702
 0.98777222774170659
 0.96772249425417678
 -0.11408843738974658
 -0.85995193962079575
 -0.92671681226430636
 0.088132491563609597
 0.61002896648465676
 -0.50177110567169725
 0.60025452691696923
 -0.27348932174976931
 -0.93126037583336918
 -0.85362097744857279
 -0.88253094986404579
 -0.69919534082601087
 0.98578366236304771
 0.46278819464259663
 0.14604254134424832
 0.43812590268212964
 -0.75798364069952995
 0.060584717496686646
 0.83130970592959941
 0.99390102147704307
 0.91412713582838767
 -0.56660648199307451
 -0.99886844535843011
 -0.6423302896377806
 -0.074365698426512916
 -0.37220208762835455
 -0.63524559604554065
 0.15514587246881095
 -0.96414927247383364
 -0.99338275770275697
 -0.9409691150517755
 0.37647151477281421
 -0.57416995275079008
 -0.29995352783086127
 0.0023020932183935843
 -0.80026942036837689
 -0.96166488978812192
 0.79750008827622731
 0.52154952634828522
 0.99943004815055925
 0.68255314321866201
 -0.16877596188281066
 0.63168301221953482
 0.36792477034572635
 -0.20796173030008755
 -0.23490011927419616
 0.99811627435049122
 -0.7519452059868672
 -0.9159841062931755
 -0.94995980074298558
 -0.97985750431784746
 -0.046792177966206036
 -0.68591080477393629
 -0.43398250394614873
 -0.14148618368935256
 -0.47498807387394915
 0.4546057459877848
 -0.72080705811183032
 0.8846867284937584
 0.98419470203205239
 0.92613903012995313
 0.906505872236266
 -0.61124433570766012
 0.49778317453547566
 -0.59902632941566003
 0.27496521772261423
 -0.38923155116934799
 -0.64936051767992853
 0.10035560692400715
 -0.96887257281824157
 -0.98552463682815961
 -0.93457595984954878
 -0.78340102697185532
 -0.55899496658575176
 0.75698168450242054
 -0.06211655650361627
 -0.83216174413215693
 -0.94505404449062247
 0.80847539639604582
 0.5678704142573785
 0.99894025871852765
 0.64115327353555451
 0.82615642793918065
 0.61729952884911965
 -0.87962748441830119
 -0.15362954335073706
 -0.25276072413051021
 0.99320532294327812
 -0.7639578031886699
 -0.37789288814250754
 -0.96576012155713209
 -0.79097267063101617
 0.0084409156854071687
 -0.67239363004398134
 0.9612428924147971
 -0.12323172689716683
 0.18237385152714947
 0.47093140178253623
 -0.68143070381530291
 0.17028847612566869
 0.98728903446803762
 0.90389699651915167
 0.20646030966758724
 -0.65401678316449274
 0.48172677598880875
 -0.55389425006308268
 0.3276392421862615
 -0.40612900000404117
 -0.66325519730728677
 0.045259074365704664
 -0.97326726303900257
 -0.9746588744632797
 -0.41173115446567415
 -0.77182249939500824
 -0.54363038747502812
 0.71974243327150733
 -0.11713731374898172
 -0.86151446198985537
 0.60759392032490089
 0.81917649590739106
 0.95418370796813667
 0.99995760315919946
 0.95232884322163303
 0.81564015632847064
 -0.93237435841533678
 -0.85201809329117661
 -0.098828507048008718
 0.73240532865648289
 0.98526328999226143
 0.46006503773119856
 -0.42844367671940398
 -0.97861311857772648
 -0.97183897284212029
 -0.85521581914817602
 -0.65864840122301938
 -0.40051154007206008
 0.31018445326869876
 -0.56913300896187546
 0.4870973329339145
 -0.63997474726332781
 0.9012540563331356
