# Created by Octave 8.4.0, Thu Dec 11 09:16:06 2025 IST <gamana@Samsung>
# name: iq
# type: matrix
# rows: 2048
# columns: 1
 1
 0.60515314967079348
 0.81741217677477895
 0.60515314967079337
 0.336325333479365
 0.036058340503170451
 -0.26757933088703667
 -0.54620409646762802
 0.46822140226297015
 -0.92900609941698054
 -0.99739959216031482
 -0.97255769945533388
 -0.85680260336409153
 -0.66095491288473074
 -0.40332217000396425
 -0.10798748872685082
 0.19744169751515539
 -0.9985576663829947
 0.72610466550790553
 0.89991984314001949
 0.98961189288312468
 0.98679653937238465
 0.89173695753970295
 -0.68814117224586857
 -0.99406909454407066
 -0.51498691486160741
 -0.126277206267076
 0.9637408804343649
 0.7956444711141426
 -0.86615326963267925
 -0.79657321781796042
 -0.96333021840326272
 -0.92203355216466776
 -0.76197358843289098
 -0.53068550131166847
 -0.24978974675651788
 0.054455970544694823
 -0.88397021715310997
 -0.90715275704229548
 0.82788199261989504
 0.95866339707144232
 0.99847409117038255
 0.56026686158099936
 0.80666512125541268
 -0.94802428457192678
 0.31892536915557335
 -0.052923454120163547
 -0.28527816079509682
 0.97634672945533696
 0.41871200264625297
 -0.93566355795921996
 -0.98704394936000728
 -0.72504855459477169
 -0.84716133746730915
 -0.64702319695337762
 0.92843705653776321
 -0.089661145336106474
 -0.60637424912365256
 0.50044297299076146
 -0.60393062484249249
 0.26905778268971947
 0.92957295411873897
 0.98364649651042202
 0.10646160669493715
 -0.72715906615685078
 0.45186966259101069
 0.1612074989385934
 -0.14452409467834526
 -0.43674579739516622
 -0.68814117224586857
 -0.055988358703831516
 -0.98046585238934292
 -0.99406909454407066
 -0.31747040782898966
 -0.74991820004097443
 0.99863888959664804
 -0.23191544205296488
 0.072835130888845759
 0.37077718740857579
 -0.88253094986404579
 -0.15969265296119067
 0.68925392602654534
 0.99390102147704307
 0.51367074118915579
 0.79564447111414049
 -0.96414927247383364
 0.30141723570001927
 -0.00076736500861407635
 -0.30288023361216132
 0.9629172873478028
 0.36792477034572635
 -0.51761562011455653
 -0.99439821600798184
 -0.68591080477393629
 0.1642360482036235
 0.8846867284937584
 0.906505872236266
 0.21246303906394182
 0.23340805554780536
 0.51630187553582951
 -0.55899496658575176
 0.91536727170487375
 0.94851151593640137
 0.82615642793918065
 0.051390813039935278
 0.68702679762006169
 -0.97601375467033502
 -0.41731779233287913
 0.47093140178253623
 0.98728903446803762
 -0.70138649497904204
 -0.1110384861372592
 -0.85838131514628069
 -0.92786582682140761
 -0.90715275704229548
 0.60759392032488957
 -0.49911366156833592
 -0.21396247916026584
 -0.27053560075471322
 -0.93013761930787031
 0.64819262069187789
 -0.10493547390375864
 0.72821175405807848
 0.99847409117038255
 0.93512086019445517
 0.78435396419772463
 0.56026686158099936
 0.28380687130319676
 -0.019182950395057383
 -0.32037957928655969
 0.9465491972583544
 0.31601469873379551
 -0.56407461669631687
 -0.9998575018847834
 -0.95822557211480941
 -0.82702018425964863
 -0.61850621691532082
 0.8818081973056815
 0.15817743084431238
 -0.69036505634113388
 -0.99373060737930219
 -0.51235335761857304
 0.92262657540312143
 0.96455539355974218
 0.97634672945533696
 0.86538522478011948
 -0.79842508030578996
 0.41871200264625297
 0.1247546135053899
 0.5189281455033995
 -0.46957695504264702
 -0.71439393018262132
 -0.1657497443578384
 -0.88540115604661895
 -0.98939008741680945
 -0.21096309853294973
 0.65052688516665591
 -0.48307112512406863
 0.55772175493586962
 -0.32328573226248619
 0.40472606164912256
 -0.82529072569298034
 -0.049858050913987026
 0.97291362704571205
 0.99728780989863108
 0.41592259907073292
 -0.47228473929236653
 -0.98753179411920244
 -0.72293121193018939
 0.11256359432942846
 -0.3377702626083236
 -0.60637424912365256
 0.26314020788369136
 -0.6088121604017056
 -0.99999882230188708
 -0.60148131058103105
 -0.81652712817408524
 0.93070009365436368
 0.85441940454650211
 0.10340909394795389
 0.2690577826897263
 0.54748902268809918
 -0.46414813962684615
 0.92957295411873897
 0.99750902515076378
 0.9721994811062209
 0.85601021937775568
 0.65980243410195294
 0.40191732837529215
 0.10646160669493009
 -0.19894598283625273
 -0.48575640675906639
 0.64350579279766673
 -0.90058801035737768
 -0.90971891406342786
 -0.88108336773961071
 -0.15666183615691048
 0.69147456057248458
 -0.46686474663636957
 0.51103476725282548
 -0.37504925466358852
 0.42149746129340659
 0.6757944842168484
 0.0053715297560473045
 0.79934819172794036
 0.9957632809772784
 0.36506888685045302
 -0.52023944861085925
 -0.9947179686701888
 -0.68367397493892357
 -0.055988358703845706
 0.88611349812894491
 -0.62091521972729924
 -0.82874185099002262
 -0.65169172040482393
 -0.9982092555350186
 -0.55644722963027093
 0.32473766826230821
 0.94947927516166009
 0.82442307956011951
 0.048325171352559641
 0.28674877834389367
 0.56280668962743263
 -0.41452642614610541
 0.93620405186557298
 0.99863888959664804
 0.7218699851659488
 0.84634488309812139
 -0.85995193962079575
 -0.92671681226430636
 -0.2616592559684634
 0.61002896648465676
 -0.50177110567169725
 0.60025452691696923
 -0.27348932174976931
 -0.99228306681626133
 -0.98336891810956462
 -0.88253094986404579
 -0.69919534082601087
 -0.45050002278269863
 0.46278819464259663
 -0.42566819512619902
 0.43812590268212964
 0.68925392602655566
 0.87595154858681679
 0.83130970592959941
 0.94555465629370727
 0.91412713582838767
 0.74890204634163549
 0.51367074118914369
 0.23042228230537098
 -0.074365698426512916
 -0.37220208762835455
 -0.63524559604554065
 0.15514587246881095
 -0.96414927247383364
 -0.99338275770275697
 -0.9409691150517755
 -0.79471385035233399
 -0.57416995275079008
 0.79191076566087004
 0.0023020932183935843
 0.3043425181213476
 -0.96166488978812192
 -0.36363965359780637
 0.52154952634828522
 0.99943004815055925
 0.68255314321866201
 -0.16877596188281066
 -0.88682375306288164
 -0.90455241285493049
 -0.20796173030008755
 -0.23490011927419616
 -0.51761562011456874
 -0.7519452059868672
 -0.9159841062931755
 -0.94995980074298558
 -0.97985750431784746
 -0.87372121466920871
 -0.68591080477393629
 -0.43398250394614873
 0.4131292768474466
 0.16423604820363752
 0.4546057459877848
 -0.72080705811183032
 0.11561301172658989
 0.86073421449037835
 0.92613903012995313
 0.906505872236266
 -0.61124433570766012
 0.49778317453547566
 0.21246303906392794
 -0.092717815718463617
 -0.38923155116934799
 0.85282053973501504
 0.10035560692400715
 -0.96887257281824157
 -0.99838816415566412
 -0.46142715960880532
 -0.78340102697185532
 0.97829625774311346
 0.75698168450242054
 0.020717374963544161
 0.32183303479668407
 0.59286423571776004
 0.80847539639604582
 0.94851151593640592
 0.99988223247719876
 0.64115327353555451
 -0.22294841291494655
 0.61729952884911965
 -0.87962748441830119
 -0.15362954335073706
 -0.25276072413051021
 0.99320532294327812
 -0.7639578031886699
 -0.92321742549042496
 -0.96576012155713209
 -0.79097267063101617
 0.0084409156854071687
 -0.67239363004398134
 -0.4173177923328662
 0.3622095638296921
 -0.52285837562992521
 0.47093140178253623
 0.71546700626009307
 0.17028847612566869
 0.98728903446803762
 0.90389699651915167
 0.20646030966758724
 0.72399073590500151
 0.48172677598880875
 -0.55389425006308268
 -0.1110384861372592
 0.95043808879258174
 0.82268196381360825
 0.045259074365704664
 -0.76790462100639278
 -0.99717367862900375
 -0.41173115446567415
 -0.77182249939500824
 0.98824611464094247
 -0.26462053999945312
 0.039125630047652724
 -0.86151446198985537
 -0.92555906657122378
 -0.25869550669401586
 0.95418370796813667
 0.99995760315919946
 0.59779672096999548
 -0.27644046604345041
 -0.93237435841533678
 -0.85201809329117661
 0.032990711232170816
 -0.27053560075472688
 -0.5487726593549993
 -0.7757112907044148
 -0.42844367671940398
 -0.99761610861221961
 -0.75597794531356421
 -0.85521581914817602
 -0.65864840122301938
 0.94455120671081727
 0.31018445326869876
 -0.56913300896187546
 0.4870973329339145
 -0.63997474726332781
