# Created by Octave 8.4.0, Thu Dec 11 09:16:06 2025 IST <gamana@Samsung>
# name: iq
# type: matrix
# rows: 2048
# columns: 1
 1
 0.95326076620586331
 -0.26757933088703645
 0.60515314967079337
 0.336325333479365
 -0.10798748872685082
 0.72610466550790553
 -0.54620409646762802
 0.46822140226297015
 -0.42010522672696088
 -0.97667740455693652
 -0.76197358843289098
 0.054455970544694823
 0.82788199261989504
 -0.40332217000396425
 -0.10798748872685082
 0.19744169751515539
 -0.9985576663829947
 -0.64702319695337762
 0.2154614152901913
 0.98961189288312468
 0.98679653937238465
 0.89173695753970295
 -0.68814117224586857
 0.46822140226296938
 -0.51498691486160741
 -0.126277206267076
 0.9637408804343649
 0.7956444711141426
 -0.86615326963267925
 -0.97667740455693652
 -0.99590323237511935
 -0.92203355216466776
 -0.76197358843289098
 -0.53068550131166847
 -0.24978974675651788
 -0.16272196520846155
 -0.88397021715310997
 -0.90715275704229548
 -0.21396247916027278
 0.95866339707144232
 0.99983041623178193
 0.94753482023462876
 -0.32037957928655297
 -0.94802428457192678
 -0.82702018425964863
 0.017648480643128749
 0.76296659435509484
 -0.56153743692579727
 0.41871200264625297
 -0.46957695504264702
 -0.98704394936000728
 -0.96810813435476473
 -0.84716133746730915
 0.85759296924080952
 0.92843705653776321
 -0.089661145336106474
 -0.60637424912365256
 0.50044297299076146
 0.73864388846083573
 0.9077975051441477
 0.92957295411873897
 0.85601021937775568
 0.10646160669493715
 -0.72715906615685078
 -0.98654680508791737
 0.1612074989385934
 0.42149746129340016
 -0.43674579739516622
 -0.68814117224586857
 -0.8752101648306293
 -0.98046585238934292
 -0.94704312407739244
 -0.91474828106395512
 -0.74991820004097443
 -0.51498691486160741
 0.64585224921887574
 0.072835130888845759
 0.37077718740857579
 -0.88253094986404579
 -0.15969265296119067
 0.9637408804343649
 0.99932172244443662
 0.94148750121272873
 -0.37220208762835455
 0.57542581511072144
 0.30141723570001927
 0.0023020932183935843
 -0.30288023361216132
 -0.57668032211486553
 0.36792477034572635
 -0.51761562011455653
 -0.9993770622619782
 -0.68591080477393629
 -0.8372327419467338
 -0.63287203175829598
 -0.36935141386161252
 -0.071304391795586203
 -0.64936051767992853
 0.51630187553582951
 0.75093258738581303
 0.32183303479668407
 0.99423482618450487
 0.82615642793918065
 0.87446671960772626
 -0.76395780318866069
 -0.97601375467033502
 0.14300530760092806
 0.47093140178253623
 -0.45323823806721858
 0.72399073590501128
 -0.1110384861372592
 -0.98392175803403514
 -0.99189780074717793
 -0.90715275704229548
 -0.73760846374062494
 0.99999528921032244
 0.60270667751827289
 -0.27053560075471322
 -0.93013761930787031
 0.64819262069187789
 0.84797579643587995
 0.96849149417710867
 0.99847409117038255
 0.46550699135830681
 -0.42288870306631471
 0.56026686158099936
 0.28380687130319676
 0.057520614988206521
 -0.32037957928655969
 -0.59162761605977232
 0.31601469873379551
 -0.94802428457192678
 -0.99871776062003026
 -0.95822557211480941
 0.21845776152962559
 -0.61850621691532082
 -0.35217523621993413
 0.15817743084431238
 0.25127553137023834
 0.53198566524571467
 -0.51235335761857304
 0.3736261111647376
 0.99604083802624588
 0.97634672945533696
 0.86538522478011948
 -0.79842508030578996
 -0.96250208824059569
 -0.36649726022122142
 0.5189281455033995
 -0.46957695504264702
 0.68479319633608504
 -0.89243045547475575
 -0.88540115604661895
 -0.90585685224972345
 -0.89924955625485847
 -0.72504855459477169
 0.99829988554123306
 -0.19593694714062365
 0.10951311640544466
 0.40472606164912256
 -0.82529072569298034
 0.85759296924080952
 0.97291362704571205
 0.99728780989863108
 0.92843705653776054
 -0.47228473929236653
 0.54491788372008809
 -0.72293121193018939
 -0.037592029547473621
 -0.3377702626083236
 0.92729241161337761
 0.26314020788369136
 -0.9537233602852011
 -0.99998940073362763
 -0.9527959268197127
 0.27201278160118081
 0.93070009365436368
 -0.33487961217098988
 -0.034524566527187259
 -0.72926272673208903
 0.54748902268809918
 0.77474182782419287
 0.4242789487687742
 0.97765562399971406
 0.9721994811062209
 -0.059052735788742081
 -0.83045570966328242
 0.40191732837529215
 -0.31455824529877263
 0.5653412151459779
 -0.48575640675906639
 0.64350579279766673
 -0.21995516458155873
 -0.98983136742132305
 -0.98654680508791737
 -0.8910413592107852
 0.69147456057248458
 0.99355785265223773
 -0.17784495966932298
 -0.37504925466358852
 0.42149746129340659
 0.6757944842168484
 0.0053715297560473045
 0.97700577919626508
 0.9957632809772784
 0.92143835717186395
 0.7609787877609705
 0.52938408740299536
 -0.68367397493892357
 -0.055988358703845706
 0.88611349812894491
 0.90520569861137001
 -0.82874185099002262
 -0.65169172040482393
 -0.9982092555350186
 -0.94704312407739244
 0.32473766826230821
 -0.58915019910744659
 -0.31747040782897623
 -0.016113969322028313
 -0.76593482025537174
 0.56280668962743263
 -0.41452642614610541
 0.47363696438451702
 0.99863888959664804
 0.96772249425417678
 0.84634488309812139
 0.64585224921887574
 -0.92671681226430636
 0.088132491563609597
 0.61002896648465676
 0.99998115688567257
 -0.73967757338202433
 -0.27348932174976931
 -0.99228306681626133
 -0.85362097744857279
 -0.10188247042275954
 -0.69919534082601087
 0.98578366236304771
 -0.15969265296119067
 0.14604254134424832
 -0.97797709263318722
 0.68925392602655566
 0.060584717496686646
 0.83130970592959941
 0.94555465629370727
 0.31310105095444601
 0.74890204634163549
 0.51367074118914369
 -0.6423302896377806
 0.22145204955192735
 0.9103551002125686
 0.88035646287310099
 -0.83890731960218134
 -0.69258243610723424
 -0.99338275770275697
 -0.50971497319771586
 -0.79471385035233399
 -0.57416995275079008
 0.79191076566087004
 0.0023020932183935843
 0.3043425181213476
 -0.96166488978812192
 0.79750008827622731
 0.52154952634828522
 0.99487433075577603
 0.68255314321866201
 0.83639249410950756
 0.63168301221953482
 0.36792477034572635
 -0.20796173030008755
 -0.23490011927419616
 -0.51761562011456874
 -0.7519452059868672
 -0.32618883937625204
 -0.99439821600798184
 -0.82355349158424873
 -0.046792177966206036
 0.76692062383185378
 0.97500104008487365
 -0.14148618368935256
 -0.47498807387394915
 -0.98801033476922906
 0.70247959528018322
 0.8846867284937584
 0.98419470203205239
 0.99170166301589102
 0.906505872236266
 -0.61124433570766012
 0.49778317453547566
 0.21246303906392794
 -0.092717815718463617
 -0.38923155116934799
 -0.64936051767992853
 0.10035560692400715
 -0.73135951650067665
 -0.99838816415566412
 -0.93457595984954878
 0.42705643886636363
 0.97829625774311346
 -0.28233491333365301
 0.020717374963544161
 -0.83216174413215693
 -0.94505404449062247
 -0.31164311913308568
 0.94851151593640592
 0.99894025871852765
 0.95778549015728354
 -0.22294841291494655
 -0.9109891421147539
 0.35073841575927878
 -0.15362954335073706
 -0.25276072413051021
 -0.53328457614273284
 0.5083939785619066
 -0.37789288814250754
 -0.96576012155713209
 -0.97601375467033502
 -0.86461514160246733
 -0.67239363004398134
 0.9612428924147971
 -0.12323172689716683
 -0.52285837562992521
 -0.99502834951811658
 0.71546700626009307
 0.17028847612566869
 0.98728903446803762
 0.90389699651915167
 0.20646030966758724
 -0.65401678316449274
 -0.99802094220665827
 -0.55389425006308268
 -0.1110384861372592
 -0.40612900000404117
 0.82268196381360825
 -0.85838131514628802
 -0.97326726303900257
 -0.9746588744632797
 -0.92786582682140228
 -0.77182249939500824
 -0.54363038747502812
 0.71974243327150733
 0.039125630047652724
 0.33921439615447818
 -0.92555906657122378
 0.81917649590739106
 0.95418370796813667
 0.99999528921032244
 0.59779672096999548
 -0.27644046604345041
 0.60270667751827289
 -0.85201809329117661
 0.032990711232170816
 -0.27053560075472688
 -0.5487726593549993
 0.46006503773119856
 -0.93013761930787031
 -0.99761610861221961
 -0.75597794531356421
 0.063648249201443158
 0.83301182226409876
 0.94455120671081727
 -0.10493547390374451
 -0.56913300896187546
 0.4870973329339145
 0.72821175405807848
