# Created by Octave 8.4.0, Thu Dec 11 09:16:06 2025 IST <gamana@Samsung>
# name: iq
# type: matrix
# rows: 2048
# columns: 1
 1
 0.60515314967079348
 0.81741217677477895
 0.60515314967079337
 0.336325333479365
 -0.10798748872685082
 0.72610466550790553
 -0.54620409646762802
 0.46822140226297015
 -0.42010522672696088
 -0.97667740455693652
 -0.97255769945533388
 0.054455970544694823
 -0.66095491288473074
 -0.40332217000396425
 -0.10798748872685082
 -0.56153743692579583
 -0.9985576663829947
 -0.64702319695337762
 0.2154614152901913
 0.98961189288312468
 0.98679653937238465
 0.1612074989385934
 0.71331917142438028
 -0.99406909454407066
 -0.51498691486160741
 0.37077718740857579
 -0.42010522672696088
 -0.67466245436658678
 -0.00076736500861407635
 -0.97667740455693652
 -0.96333021840326272
 -0.36935141386161585
 -0.76197358843289098
 -0.53068550131166847
 0.6870267976200668
 0.054455970544694823
 -0.88397021715310997
 -0.90715275704229548
 0.82788199261989504
 0.95866339707144232
 0.99983041623178193
 0.94753482023462876
 0.80666512125541268
 -0.94802428457192678
 0.31892536915557335
 -0.052923454120163547
 0.76296659435509484
 0.97634672945533696
 -0.7853050539592259
 -0.46957695504264702
 -0.99855766638299481
 -0.96810813435476473
 -0.84716133746730915
 -0.64702319695337762
 -0.38640231949417558
 0.26610024882900735
 0.2154614152901913
 0.50044297299076146
 0.73864388846083573
 0.26905778268971947
 0.9920916021661278
 0.85601021937775568
 0.88325162371234833
 0.70029174263479022
 0.45186966259101069
 0.1612074989385934
 -0.14452409467834526
 0.97700577919626364
 -0.68814117224586857
 -0.055988358703831516
 -0.98046585238934292
 -0.99406909454407066
 -0.31747040782898966
 0.56280668962743263
 0.99863888959664804
 0.64585224921887574
 -0.21695984392310549
 -0.90844011502317967
 0.634059560632665
 0.83807101776911563
 0.9637408804343649
 0.99390102147704307
 0.51367074118915579
 0.79564447111414049
 -0.96414927247383364
 0.30141723570001927
 0.0023020932183935843
 -0.30288023361216132
 0.9629172873478028
 -0.79657321781796253
 -0.51761562011455653
 -0.99439821600798184
 -0.68591080477393629
 -0.8372327419467338
 -0.63287203175829598
 -0.36935141386161252
 0.21246303906394182
 -0.64936051767992853
 0.51630187553582951
 -0.55899496658575176
 0.32183303479668407
 0.99423482618450487
 0.82615642793918065
 0.051390813039935278
 0.68702679762006169
 0.43536466339879998
 -0.41731779233287913
 -0.16272196520846155
 0.98728903446803762
 0.72399073590501128
 -0.88397021715310997
 -0.98392175803403514
 -0.99189780074717793
 -0.90715275704229548
 0.60759392032488957
 -0.49911366156833592
 0.60270667751827289
 0.091189587921087126
 -0.93013761930787031
 -0.85521581914818334
 0.84797579643587995
 0.72821175405807848
 0.98629474709482945
 0.93512086019445517
 0.78435396419772463
 -0.97733185259986499
 0.28380687130319676
 0.057520614988206521
 -0.32037957928655969
 -0.59162761605977232
 -0.80757120990081976
 -0.94802428457192678
 -0.9998575018847834
 -0.95822557211480941
 0.21845776152962559
 0.90908058516579637
 0.8818081973056815
 0.15817743084431238
 0.25127553137023834
 0.53198566524571467
 0.76296659435509939
 0.92262657540312143
 0.96455539355974218
 0.79378135772453473
 0.86538522478011948
 -0.79842508030578996
 0.41871200264625297
 -0.36649726022122142
 0.5189281455033995
 0.99455926362965252
 0.68479319633608504
 -0.1657497443578384
 -0.88540115604661895
 -0.98939008741680945
 -0.21096309853294973
 0.65052688516665591
 -0.48307112512406863
 -0.19593694714062365
 0.10951311640544466
 -0.94899651318043343
 0.6621058348567973
 0.85759296924080952
 0.97291362704571205
 0.97567848098621912
 0.92843705653776054
 -0.47228473929236653
 -0.98753179411920244
 0.26610024882900052
 -0.037592029547473621
 0.85916763922364559
 0.92729241161337761
 -0.81829530004591811
 -0.6088121604017056
 -0.99998940073362763
 -0.60148131058103105
 0.27201278160118081
 -0.60393062484248683
 -0.33487961217098988
 -0.034524566527187259
 0.2690577826897263
 0.54748902268809918
 0.77474182782419287
 0.4242789487687742
 0.99750902515076378
 0.9721994811062209
 0.85601021937775568
 0.65980243410195294
 -0.94605304094091414
 0.10646160669493009
 0.5653412151459779
 -0.48575640675906639
 0.64350579279766673
 -0.21995516458155873
 -0.98983136742132305
 -0.88108336773961071
 -0.8910413592107852
 -0.71224273251685499
 -0.46686474663636957
 0.51103476725282548
 -0.37504925466358852
 -0.96495924273552103
 -0.79284699542711268
 0.86691927435109684
 0.79934819172794036
 0.9957632809772784
 0.92143835717186395
 0.7609787877609705
 0.52938408740299536
 -0.68367397493892357
 0.16726305010568898
 0.88611349812894491
 -0.62091521972729924
 0.20946266110028544
 -0.65169172040482393
 -0.9982092555350186
 -0.55644722963027093
 -0.8057571325940257
 -0.58915019910744659
 -0.31747040782897623
 -0.016113969322028313
 -0.76593482025537174
 0.56280668962743263
 0.7862542940161692
 0.93620405186557298
 0.98777222774170659
 0.7218699851659488
 0.84634488309812139
 -0.85995193962079575
 -0.92671681226430636
 0.088132491563609597
 0.61002896648465676
 -0.50177110567169725
 0.60025452691696923
 -0.90844011502318567
 -0.99228306681626133
 -0.98336891810956462
 -0.10188247042275954
 0.73031198170342548
 0.98578366236304771
 -0.15969265296119067
 -0.42566819512619902
 -0.97797709263318722
 0.68925392602655566
 0.87595154858681679
 0.83130970592959941
 0.94555465629370727
 0.31310105095444601
 -0.56660648199307451
 -0.99886844535843011
 0.23042228230537098
 -0.074365698426512916
 0.9103551002125686
 0.88035646287310099
 0.15514587246881095
 -0.96414927247383364
 -0.99338275770275697
 -0.9409691150517755
 -0.79471385035233399
 -0.57416995275079008
 -0.29995352783086127
 -0.0069062308541822806
 -0.80026942036837689
 -0.96166488978812192
 0.79750008827622731
 0.52154952634828522
 0.99943004815055925
 0.96291728734779902
 -0.16877596188281066
 -0.88682375306288164
 -0.90455241285493049
 -0.20796173030008755
 -0.23490011927419616
 -0.51761562011456874
 0.55517139367099122
 -0.32618883937625204
 -0.99439821600798184
 -0.82355349158424873
 -0.046792177966206036
 0.76692062383185378
 0.97500104008487365
 -0.14148618368935256
 0.16423604820363752
 0.4546057459877848
 0.70247959528018322
 0.8846867284937584
 0.98419470203205239
 0.92613903012995313
 0.2601776877420115
 -0.61124433570766012
 0.49778317453547566
 0.21246303906392794
 0.27496521772261423
 0.93181846452520023
 0.85282053973501504
 -0.84878825808546021
 -0.73135951650067665
 -0.98552463682815961
 -0.93457595984954878
 -0.78340102697185532
 0.97829625774311346
 0.75698168450242054
 -0.06211655650361627
 0.32183303479668407
 0.59286423571776004
 -0.31164311913308568
 0.94851151593640592
 0.99988223247719876
 0.95778549015728354
 0.82615642793918065
 0.61729952884911965
 -0.87962748441830119
 -0.15362954335073706
 -0.25276072413051021
 -0.53328457614273284
 0.5083939785619066
 -0.37789288814250754
 -0.99617609760654102
 -0.79097267063101617
 -0.86461514160246733
 -0.67239363004398134
 -0.4173177923328662
 0.3622095638296921
 -0.52285837562992521
 0.47093140178253623
 -0.68143070381530291
 0.17028847612566869
 0.98728903446803762
 0.98916595154481612
 0.20646030966758724
 0.72399073590500151
 0.48172677598880875
 0.19443173525695573
 0.3276392421862615
 0.95043808879258174
 0.82268196381360825
 -0.85838131514628802
 -0.97326726303900257
 -0.99717367862900375
 -0.92786582682140228
 -0.77182249939500824
 -0.54363038747502812
 -0.26462053999945312
 0.039125630047652724
 0.33921439615447818
 0.60759392032490089
 0.81917649590739106
 0.95418370796813667
 0.99995760315919946
 0.59779672096999548
 -0.27644046604345041
 0.60270667751827289
 -0.85201809329117661
 -0.098828507048008718
 -0.27053560075472688
 0.98526328999226143
 0.46006503773119856
 -0.93013761930787031
 -0.99761610861221961
 -0.97183897284212029
 0.063648249201443158
 0.83301182226409876
 0.94455120671081727
 -0.10493547390374451
 -0.56913300896187546
 -0.99900971917850867
 -0.63997474726332781
 0.9012540563331356
