# Created by Octave 8.4.0, Thu Dec 11 09:16:06 2025 IST <gamana@Samsung>
# name: iq
# type: matrix
# rows: 2048
# columns: 1
 1
 0.95326076620586331
 -0.26757933088703645
 0.60515314967079337
 -0.85680260336409175
 0.036058340503170451
 0.72610466550790553
 -0.54620409646762802
 0.46822140226297015
 -0.92900609941698054
 -0.99739959216031482
 -0.97255769945533388
 -0.85680260336409153
 0.82788199261989504
 0.94753482023462932
 0.31892536915557507
 -0.56153743692579583
 -0.9985576663829947
 -0.64702319695337762
 0.2154614152901913
 0.9077975051441477
 0.88325162371234833
 0.1612074989385934
 -0.68814117224586857
 0.46822140226296938
 0.17935501392598432
 0.37077718740857579
 -0.42010522672696088
 -0.67466245436658678
 -0.86615326963267925
 -0.79657321781796042
 -0.96333021840326272
 -0.36935141386161585
 -0.76197358843289098
 -0.53068550131166847
 0.6870267976200668
 -0.16272196520846155
 -0.88397021715310997
 0.61971144815431445
 0.82788199261989504
 0.95866339707144232
 0.99983041623178193
 0.94753482023462876
 0.80666512125541268
 0.59038960288433207
 0.31892536915557335
 0.017648480643128749
 0.76296659435509484
 0.97634672945533696
 -0.7853050539592259
 -0.93566355795921996
 -0.99855766638299481
 -0.72504855459477169
 -0.84716133746730915
 0.85759296924080952
 -0.38640231949417558
 0.26610024882900735
 0.2154614152901913
 -0.99999882230188708
 0.73864388846083573
 0.26905778268971947
 0.9920916021661278
 0.85601021937775568
 0.10646160669493715
 -0.72715906615685078
 0.45186966259101069
 0.1612074989385934
 -0.14452409467834526
 -0.43674579739516622
 0.7609787877609705
 -0.055988358703831516
 -0.82874185099002262
 -0.99406909454407066
 -0.91474828106395512
 -0.74991820004097443
 -0.51498691486160741
 0.64585224921887574
 0.072835130888845759
 0.37077718740857579
 0.634059560632665
 -0.15969265296119067
 0.9637408804343649
 0.99932172244443662
 0.94148750121272873
 0.79564447111414049
 -0.96414927247383364
 -0.79471385035234265
 -0.00076736500861407635
 0.79750008827622731
 0.9629172873478028
 -0.79657321781796253
 -0.51761562011455653
 -0.99439821600798184
 -0.68591080477393629
 -0.8372327419467338
 -0.63287203175829598
 -0.36935141386161252
 -0.071304391795586203
 0.23340805554780536
 -0.99838816415566489
 -0.55899496658575176
 0.91536727170487375
 0.94851151593640137
 0.98016283268951387
 0.051390813039935278
 -0.76395780318866069
 -0.97601375467033502
 -0.41731779233287913
 0.47093140178253623
 -0.45323823806721858
 -0.70138649497904204
 -0.88397021715310997
 -0.85838131514628069
 -0.99189780074717793
 -0.26462053999945312
 0.60759392032488957
 -0.49911366156833592
 0.60270667751827289
 0.091189587921087126
 -0.93013761930787031
 -0.85521581914818334
 -0.10493547390375864
 0.96849149417710867
 0.99847409117038255
 0.46550699135830681
 -0.42288870306631471
 -0.97733185259986499
 -0.75998219468248429
 -0.019182950395057383
 -0.32037957928655969
 0.9465491972583544
 0.31601469873379551
 -0.56407461669631687
 -0.9998575018847834
 -0.64467978024643724
 0.21845776152962559
 -0.61850621691532082
 0.8818081973056815
 -0.052923454120163547
 0.25127553137023834
 0.53198566524571467
 0.76296659435509939
 0.92262657540312143
 0.96455539355974218
 0.97634672945533696
 0.86538522478011948
 -0.79842508030578996
 -0.96250208824059569
 -0.36649726022122142
 -0.18086464573051755
 -0.46957695504264702
 0.68479319633608504
 -0.89243045547475575
 -0.9870439493600085
 -0.98939008741680945
 -0.89924955625485847
 -0.72504855459477169
 0.99829988554123306
 0.55772175493586962
 0.10951311640544466
 0.40472606164912256
 0.6621058348567973
 0.85759296924080952
 0.76494721259890497
 0.97567848098621912
 0.92843705653776054
 0.77279742987957578
 -0.98753179411920244
 0.26610024882900052
 0.11256359432942846
 -0.3377702626083236
 0.92729241161337761
 0.26314020788369136
 -0.9537233602852011
 -0.99998940073362763
 -0.9527959268197127
 -0.81652712817408524
 -0.60393062484248683
 -0.33487961217098988
 0.10340909394795389
 0.2690577826897263
 -0.98604036598681322
 -0.46414813962684615
 0.92957295411873897
 0.97765562399971406
 0.9721994811062209
 0.85601021937775568
 0.65980243410195294
 -0.94605304094091414
 -0.31455824529877263
 0.5653412151459779
 0.99879427926736775
 -0.72715906615685566
 -0.90058801035737768
 -0.98983136742132305
 -0.98654680508791737
 -0.15666183615691048
 -0.71224273251685499
 0.99355785265223773
 -0.17784495966932298
 0.1277995015959035
 0.42149746129340659
 0.6757944842168484
 0.0053715297560473045
 0.97700577919626508
 0.9957632809772784
 0.92143835717186395
 0.7609787877609705
 0.52938408740299536
 0.24830337378897069
 -0.055988358703845706
 -0.35504638522223064
 -0.62091521972729924
 0.20946266110028544
 -0.65169172040482393
 -0.99980097558199144
 -0.55644722963027093
 0.32473766826230821
 -0.58915019910744659
 0.82442307956011951
 -0.016113969322028313
 0.28674877834389367
 -0.97534090919269134
 0.7862542940161692
 0.93620405186557298
 0.98777222774170659
 0.7218699851659488
 -0.11408843738974658
 -0.85995193962079575
 -0.92671681226430636
 0.088132491563609597
 -0.21695984392310549
 0.99998115688567257
 -0.73967757338202433
 -0.27348932174976931
 -0.93126037583336918
 -0.98336891810956462
 -0.10188247042275954
 0.73031198170342548
 -0.45050002278269863
 0.46278819464259663
 -0.42566819512619902
 -0.97797709263318722
 0.68925392602655566
 0.060584717496686646
 0.98076656270360296
 0.99390102147704307
 0.31310105095444601
 -0.56660648199307451
 -0.99886844535843011
 0.23042228230537098
 0.22145204955192735
 0.9103551002125686
 0.88035646287310099
 0.15514587246881095
 -0.69258243610723424
 -0.99338275770275697
 -0.9409691150517755
 -0.79471385035233399
 -0.57416995275079008
 -0.29995352783086127
 -0.0069062308541822806
 0.3043425181213476
 -0.96166488978812192
 0.79750008827622731
 0.52154952634828522
 0.99943004815055925
 0.68255314321866201
 0.83639249410950756
 0.63168301221953482
 -0.90455241285493049
 0.069773484752231343
 0.65285502065077339
 0.99811627435049122
 -0.7519452059868672
 -0.32618883937625204
 -0.94995980074298558
 -0.97985750431784746
 -0.87372121466920871
 -0.68591080477393629
 -0.43398250394614873
 -0.14148618368935256
 -0.47498807387394915
 -0.98801033476922906
 0.70247959528018322
 0.11561301172658989
 0.86073421449037835
 0.99170166301589102
 0.2601776877420115
 0.73657130166022011
 0.49778317453547566
 -0.59902632941566003
 0.27496521772261423
 0.93181846452520023
 0.85282053973501504
 -0.84878825808546021
 -0.96887257281824157
 -0.98552463682815961
 -0.93457595984954878
 -0.78340102697185532
 0.97829625774311346
 -0.28233491333365301
 0.020717374963544161
 0.32183303479668407
 0.59286423571776004
 -0.31164311913308568
 0.94851151593640592
 0.99988223247719876
 0.64115327353555451
 0.82615642793918065
 -0.9109891421147539
 -0.87962748441830119
 -0.15362954335073706
 0.69368868033596887
 0.99320532294327812
 0.5083939785619066
 -0.92321742549042496
 -0.99617609760654102
 -0.97601375467033502
 0.0084409156854071687
 0.80118876405724115
 0.9612428924147971
 -0.12323172689716683
 0.18237385152714947
 0.47093140178253623
 -0.68143070381530291
 0.89312185138248557
 0.88753191917548446
 0.98916595154481612
 0.89857715128068705
 0.72399073590500151
 0.48172677598880875
 0.19443173525695573
 -0.1110384861372592
 -0.40612900000404117
 0.82268196381360825
 -0.85838131514628802
 -0.76790462100639278
 -0.99717367862900375
 -0.92786582682140228
 0.47633806457826483
 0.98824611464094247
 0.71974243327150733
 0.039125630047652724
 -0.86151446198985537
 -0.92555906657122378
 -0.25869550669401586
 0.61245826520808466
 0.99999528921032244
 0.95232884322163303
 0.81564015632847064
 -0.93237435841533678
 0.3334331020884379
 -0.098828507048008718
 0.73240532865648289
 -0.5487726593549993
 -0.7757112907044148
 -0.93013761930787031
 -0.97861311857772648
 -0.75597794531356421
 0.063648249201443158
 0.83301182226409876
 0.94455120671081727
 -0.10493547390374451
 -0.56913300896187546
 0.4870973329339145
 0.72821175405807848
 0.22444425114614314
