# Created by Octave 8.4.0, Thu Dec 11 09:16:06 2025 IST <gamana@Samsung>
# name: iq
# type: matrix
# rows: 2048
# columns: 1
 1
 0.95326076620586331
 0.81741217677477895
 -0.92900609941698054
 0.336325333479365
 -0.10798748872685082
 -0.26757933088703667
 0.98679653937238487
 -0.7737705401199878
 -0.42010522672696088
 -0.99739959216031482
 -0.76197358843289098
 0.054455970544694823
 0.82788199261989504
 -0.40332217000396425
 -0.10798748872685082
 -0.56153743692579583
 0.48441433643541743
 0.72610466550790553
 0.89991984314001949
 0.9077975051441477
 0.88325162371234833
 0.1612074989385934
 0.71331917142438028
 0.46822140226296938
 -0.51498691486160741
 -0.126277206267076
 -0.42010522672696088
 0.7956444711141426
 -0.00076736500861407635
 -0.97667740455693652
 -0.99590323237511935
 -0.92203355216466776
 -0.76197358843289098
 -0.53068550131166847
 0.6870267976200668
 0.054455970544694823
 -0.88397021715310997
 -0.90715275704229548
 -0.21396247916027278
 0.95866339707144232
 0.99847409117038255
 0.94753482023462876
 -0.32037957928655297
 -0.94802428457192678
 0.31892536915557335
 -0.052923454120163547
 0.76296659435509484
 -0.56153743692579727
 -0.7853050539592259
 -0.46957695504264702
 -0.98704394936000728
 -0.96810813435476473
 -0.84716133746730915
 -0.64702319695337762
 0.92843705653776321
 -0.089661145336106474
 -0.60637424912365256
 0.50044297299076146
 -0.60393062484249249
 0.26905778268971947
 0.92957295411873897
 0.85601021937775568
 0.10646160669493715
 0.70029174263479022
 -0.98654680508791737
 0.1612074989385934
 -0.14452409467834526
 -0.43674579739516622
 0.7609787877609705
 -0.8752101648306293
 -0.98046585238934292
 -0.99406909454407066
 -0.91474828106395512
 -0.74991820004097443
 -0.51498691486160741
 0.64585224921887574
 -0.21695984392310549
 -0.90844011502317967
 -0.88253094986404579
 0.83807101776911563
 0.68925392602654534
 0.99390102147704307
 0.51367074118915579
 -0.37220208762835455
 0.57542581511072144
 0.30141723570001927
 0.0023020932183935843
 0.79750008827622731
 -0.57668032211486553
 -0.79657321781796253
 -0.94200366979757377
 -0.99439821600798184
 -0.68591080477393629
 -0.8372327419467338
 0.8846867284937584
 0.906505872236266
 -0.071304391795586203
 -0.64936051767992853
 -0.99838816415566489
 0.75093258738581303
 0.91536727170487375
 0.99423482618450487
 0.82615642793918065
 0.87446671960772626
 -0.76395780318866069
 0.43536466339879998
 -0.41731779233287913
 0.47093140178253623
 0.98728903446803762
 -0.70138649497904204
 -0.1110384861372592
 -0.98392175803403514
 -0.92786582682140761
 -0.90715275704229548
 0.60759392032488957
 -0.49911366156833592
 -0.21396247916026584
 -0.27053560075471322
 -0.93013761930787031
 0.64819262069187789
 0.84797579643587995
 0.72821175405807848
 0.98629474709482945
 0.93512086019445517
 0.78435396419772463
 -0.97733185259986499
 0.28380687130319676
 0.057520614988206521
 0.82959975734471325
 -0.59162761605977232
 -0.80757120990081976
 -0.94802428457192678
 -0.99871776062003026
 -0.95822557211480941
 -0.82702018425964863
 -0.61850621691532082
 -0.35217523621993413
 -0.052923454120163547
 -0.69036505634113388
 0.53198566524571467
 -0.51235335761857304
 0.3736261111647376
 0.99604083802624588
 0.79378135772453473
 0.86538522478011948
 -0.79842508030578996
 -0.96250208824059569
 0.1247546135053899
 -0.18086464573051755
 0.99455926362965252
 -0.71439393018262132
 -0.1657497443578384
 -0.9870439493600085
 -0.90585685224972345
 -0.89924955625485847
 0.65052688516665591
 0.99829988554123306
 -0.19593694714062365
 -0.32328573226248619
 -0.94899651318043343
 0.6621058348567973
 0.85759296924080952
 0.76494721259890497
 0.99728780989863108
 0.92843705653776054
 0.77279742987957578
 -0.98753179411920244
 0.26610024882900052
 -0.037592029547473621
 0.85916763922364559
 -0.60637424912365256
 -0.81829530004591811
 -0.9537233602852011
 -0.99998940073362763
 -0.60148131058103105
 0.27201278160118081
 0.93070009365436368
 -0.33487961217098988
 0.10340909394795389
 -0.72926272673208903
 0.54748902268809918
 0.77474182782419287
 0.4242789487687742
 0.97765562399971406
 0.75898381154481431
 -0.059052735788742081
 0.65980243410195294
 -0.94605304094091414
 0.10646160669493009
 -0.19894598283625273
 0.99879427926736775
 0.64350579279766673
 -0.21995516458155873
 -0.98983136742132305
 -0.88108336773961071
 -0.8910413592107852
 0.69147456057248458
 -0.46686474663636957
 0.51103476725282548
 -0.37504925466358852
 -0.96495924273552103
 0.6757944842168484
 0.86691927435109684
 0.79934819172794036
 0.96208462205960266
 0.92143835717186395
 0.7609787877609705
 -0.9947179686701888
 -0.68367397493892357
 -0.055988358703845706
 0.88611349812894491
 -0.62091521972729924
 -0.82874185099002262
 -0.65169172040482393
 -0.99980097558199144
 -0.55644722963027093
 0.32473766826230821
 0.94947927516166009
 0.82442307956011951
 0.048325171352559641
 0.28674877834389367
 0.56280668962743263
 -0.41452642614610541
 0.93620405186557298
 0.99863888959664804
 0.7218699851659488
 0.84634488309812139
 0.64585224921887574
 0.38498633679420874
 0.088132491563609597
 -0.21695984392310549
 -0.50177110567169725
 -0.73967757338202433
 -0.90844011502318567
 -0.99228306681626133
 -0.85362097744857279
 -0.10188247042275954
 0.73031198170342548
 -0.45050002278269863
 -0.15969265296119067
 0.14604254134424832
 -0.97797709263318722
 0.68925392602655566
 0.060584717496686646
 0.98076656270360296
 0.99390102147704307
 0.31310105095444601
 -0.56660648199307451
 0.51367074118914369
 -0.6423302896377806
 -0.074365698426512916
 0.9103551002125686
 -0.63524559604554065
 0.15514587246881095
 -0.69258243610723424
 -0.99926402882828158
 -0.50971497319771586
 0.37647151477281421
 0.96536081904994131
 -0.29995352783086127
 0.0023020932183935843
 -0.80026942036837689
 0.57793347080836122
 -0.36363965359780637
 0.52154952634828522
 0.99943004815055925
 0.96291728734779902
 -0.16877596188281066
 -0.88682375306288164
 -0.90455241285493049
 -0.20796173030008755
 -0.23490011927419616
 0.99811627435049122
 0.55517139367099122
 -0.32618883937625204
 -0.94995980074298558
 -0.82355349158424873
 -0.046792177966206036
 0.76692062383185378
 0.97500104008487365
 0.4131292768474466
 -0.47498807387394915
 0.4546057459877848
 0.70247959528018322
 0.11561301172658989
 0.86073421449037835
 0.92613903012995313
 0.2601776877420115
 0.73657130166022011
 0.49778317453547566
 -0.59902632941566003
 0.27496521772261423
 -0.38923155116934799
 -0.64936051767992853
 -0.84878825808546021
 -0.73135951650067665
 -0.98552463682815961
 -0.93457595984954878
 0.42705643886636363
 0.97829625774311346
 0.75698168450242054
 -0.06211655650361627
 0.32183303479668407
 -0.94505404449062247
 0.80847539639604582
 0.94851151593640592
 0.99988223247719876
 0.95778549015728354
 0.82615642793918065
 -0.9109891421147539
 0.35073841575927878
 0.051390813039935278
 0.69368868033596887
 -0.53328457614273284
 0.5083939785619066
 -0.37789288814250754
 -0.96576012155713209
 -0.97601375467033502
 -0.86461514160246733
 0.80118876405724115
 -0.4173177923328662
 0.3622095638296921
 0.18237385152714947
 0.47093140178253623
 0.71546700626009307
 0.17028847612566869
 0.88753191917548446
 0.90389699651915167
 0.20646030966758724
 0.72399073590500151
 -0.99802094220665827
 0.19443173525695573
 0.3276392421862615
 0.95043808879258174
 -0.66325519730728677
 0.045259074365704664
 -0.76790462100639278
 -0.99717367862900375
 -0.92786582682140228
 -0.77182249939500824
 0.98824611464094247
 -0.26462053999945312
 0.039125630047652724
 0.33921439615447818
 0.60759392032490089
 -0.25869550669401586
 0.95418370796813667
 0.99999528921032244
 0.59779672096999548
 -0.27644046604345041
 0.60270667751827289
 -0.85201809329117661
 -0.098828507048008718
 0.73240532865648289
 0.98526328999226143
 -0.7757112907044148
 -0.42844367671940398
 -0.97861311857772648
 -0.97183897284212029
 -0.85521581914817602
 -0.65864840122301938
 -0.40051154007206008
 0.31018445326869876
 -0.56913300896187546
 -0.99900971917850867
 -0.63997474726332781
