# Created by Octave 8.4.0, Thu Dec 11 09:16:06 2025 IST <gamana@Samsung>
# name: iq
# type: matrix
# rows: 2048
# columns: 1
 1
 0.60515314967079348
 -0.26757933088703645
 0.60515314967079337
 0.336325333479365
 0.036058340503170451
 0.72610466550790553
 -0.54620409646762802
 0.46822140226297015
 -0.42010522672696088
 -0.99739959216031482
 -0.97255769945533388
 -0.85680260336409153
 -0.66095491288473074
 -0.40332217000396425
 -0.10798748872685082
 -0.56153743692579583
 -0.9985576663829947
 0.72610466550790553
 0.89991984314001949
 0.98961189288312468
 0.98679653937238465
 0.89173695753970295
 -0.68814117224586857
 -0.99406909454407066
 -0.51498691486160741
 -0.126277206267076
 0.9637408804343649
 0.7956444711141426
 -0.86615326963267925
 -0.79657321781796042
 -0.96333021840326272
 -0.36935141386161585
 0.51630187553582951
 0.99423482618450443
 0.6870267976200668
 -0.16272196520846155
 0.35361122716835897
 -0.90715275704229548
 0.82788199261989504
 0.64819262069187789
 0.99983041623178193
 0.94753482023462876
 -0.32037957928655297
 0.59038960288433207
 0.31892536915557335
 -0.052923454120163547
 -0.28527816079509682
 0.97634672945533696
 0.41871200264625297
 -0.93566355795921996
 -0.98704394936000728
 -0.96810813435476473
 0.10951311640544466
 0.85759296924080952
 -0.38640231949417558
 0.26610024882900735
 -0.60637424912365256
 0.50044297299076146
 -0.60393062484249249
 0.9077975051441477
 0.92957295411873897
 0.98364649651042202
 0.10646160669493715
 -0.72715906615685078
 -0.98654680508791737
 -0.46686474663636957
 -0.14452409467834526
 0.97700577919626364
 -0.68814117224586857
 -0.8752101648306293
 -0.82874185099002262
 -0.94704312407739244
 -0.91474828106395512
 0.56280668962743263
 0.99863888959664804
 0.64585224921887574
 0.072835130888845759
 -0.90844011502317967
 0.634059560632665
 0.83807101776911563
 0.9637408804343649
 0.99390102147704307
 0.94148750121272873
 0.79564447111414049
 0.57542581511072144
 0.30141723570001927
 -0.00076736500861407635
 -0.30288023361216132
 0.9629172873478028
 0.36792477034572635
 -0.51761562011455653
 -0.99439821600798184
 -0.68591080477393629
 -0.8372327419467338
 -0.63287203175829598
 -0.36935141386161252
 0.21246303906394182
 0.23340805554780536
 0.51630187553582951
 -0.55899496658575176
 0.32183303479668407
 0.99423482618450487
 0.98016283268951387
 0.87446671960772626
 0.68702679762006169
 -0.97601375467033502
 -0.41731779233287913
 0.47093140178253623
 -0.45323823806721858
 -0.70138649497904204
 -0.1110384861372592
 -0.98392175803403514
 -0.92786582682140761
 -0.90715275704229548
 -0.73760846374062494
 0.99999528921032244
 0.60270667751827289
 -0.27053560075471322
 0.38781739206357746
 0.64819262069187789
 0.84797579643587995
 0.96849149417710867
 0.99847409117038255
 0.93512086019445517
 -0.42288870306631471
 0.56026686158099936
 -0.75998219468248429
 -0.019182950395057383
 0.82959975734471325
 -0.59162761605977232
 -0.80757120990081976
 -0.94802428457192678
 -0.99871776062003026
 -0.95822557211480941
 0.21845776152962559
 0.90908058516579637
 -0.35217523621993413
 0.15817743084431238
 -0.69036505634113388
 -0.99373060737930219
 -0.51235335761857304
 0.3736261111647376
 0.99604083802624588
 0.97634672945533696
 -0.0038368160058314137
 0.67352883541892117
 0.41871200264625297
 -0.36649726022122142
 0.5189281455033995
 0.99455926362965252
 0.68479319633608504
 -0.89243045547475575
 -0.88540115604661895
 -0.98939008741680945
 -0.89924955625485847
 0.65052688516665591
 0.99829988554123306
 0.55772175493586962
 -0.32328573226248619
 0.40472606164912256
 0.6621058348567973
 -0.049858050913987026
 0.97291362704571205
 0.99728780989863108
 0.92843705653776054
 0.77279742987957578
 -0.98753179411920244
 0.26610024882900052
 -0.037592029547473621
 -0.3377702626083236
 0.92729241161337761
 0.26314020788369136
 -0.6088121604017056
 -0.99998940073362763
 -0.9527959268197127
 0.27201278160118081
 -0.60393062484248683
 0.85441940454650211
 -0.034524566527187259
 0.2690577826897263
 0.54748902268809918
 -0.46414813962684615
 0.4242789487687742
 0.97765562399971406
 0.9721994811062209
 0.85601021937775568
 -0.83045570966328242
 -0.94605304094091414
 0.10646160669493009
 -0.19894598283625273
 0.99879427926736775
 -0.72715906615685566
 -0.90058801035737768
 -0.90971891406342786
 -0.98654680508791737
 -0.15666183615691048
 -0.71224273251685499
 0.99355785265223773
 -0.17784495966932298
 0.1277995015959035
 0.42149746129340659
 0.6757944842168484
 0.86691927435109684
 0.79934819172794036
 0.9957632809772784
 0.36506888685045302
 0.7609787877609705
 0.52938408740299536
 0.24830337378897069
 -0.055988358703845706
 -0.35504638522223064
 0.90520569861137001
 -0.82874185099002262
 -0.65169172040482393
 -0.9982092555350186
 -0.55644722963027093
 0.32473766826230821
 -0.58915019910744659
 -0.31747040782897623
 -0.016113969322028313
 -0.76593482025537174
 -0.97534090919269134
 0.7862542940161692
 0.47363696438451702
 0.99863888959664804
 0.7218699851659488
 0.84634488309812139
 0.64585224921887574
 0.38498633679420874
 0.088132491563609597
 -0.21695984392310549
 -0.50177110567169725
 -0.73967757338202433
 -0.27348932174976931
 -0.93126037583336918
 -0.85362097744857279
 -0.10188247042275954
 -0.69919534082601087
 0.98578366236304771
 0.46278819464259663
 0.14604254134424832
 -0.97797709263318722
 0.68925392602655566
 0.060584717496686646
 0.83130970592959941
 0.99390102147704307
 0.91412713582838767
 0.74890204634163549
 -0.99886844535843011
 -0.6423302896377806
 0.22145204955192735
 -0.37220208762835455
 0.88035646287310099
 0.15514587246881095
 -0.96414927247383364
 -0.99926402882828158
 -0.9409691150517755
 -0.79471385035233399
 -0.57416995275079008
 0.79191076566087004
 0.0023020932183935843
 0.3043425181213476
 0.57793347080836122
 -0.36363965359780637
 0.52154952634828522
 0.99943004815055925
 0.96291728734779902
 0.83639249410950756
 0.63168301221953482
 0.36792477034572635
 0.069773484752231343
 -0.23490011927419616
 -0.51761562011456874
 -0.7519452059868672
 -0.32618883937625204
 -0.94995980074298558
 -0.97985750431784746
 -0.87372121466920871
 -0.68591080477393629
 0.97500104008487365
 0.4131292768474466
 -0.47498807387394915
 0.4546057459877848
 -0.72080705811183032
 0.8846867284937584
 0.86073421449037835
 0.99170166301589102
 0.906505872236266
 -0.61124433570766012
 -0.99997055768587484
 -0.59902632941566003
 -0.092717815718463617
 0.93181846452520023
 0.85282053973501504
 0.10035560692400715
 -0.73135951650067665
 -0.98552463682815961
 -0.93457595984954878
 -0.78340102697185532
 0.97829625774311346
 0.75698168450242054
 0.020717374963544161
 -0.83216174413215693
 0.59286423571776004
 0.80847539639604582
 0.5678704142573785
 0.99894025871852765
 0.95778549015728354
 0.82615642793918065
 -0.9109891421147539
 -0.87962748441830119
 -0.15362954335073706
 0.69368868033596887
 0.99320532294327812
 0.5083939785619066
 -0.37789288814250754
 -0.96576012155713209
 -0.79097267063101617
 -0.86461514160246733
 0.80118876405724115
 -0.4173177923328662
 0.3622095638296921
 -0.52285837562992521
 -0.99502834951811658
 -0.68143070381530291
 0.17028847612566869
 0.88753191917548446
 0.98916595154481612
 0.89857715128068705
 -0.65401678316449274
 0.48172677598880875
 0.19443173525695573
 0.3276392421862615
 0.95043808879258174
 0.82268196381360825
 -0.85838131514628802
 -0.76790462100639278
 -0.99717367862900375
 -0.92786582682140228
 -0.77182249939500824
 0.98824611464094247
 -0.26462053999945312
 0.039125630047652724
 0.33921439615447818
 0.60759392032490089
 -0.25869550669401586
 0.95418370796813667
 0.99999528921032244
 0.59779672096999548
 -0.27644046604345041
 0.60270667751827289
 -0.85201809329117661
 -0.098828507048008718
 -0.27053560075472688
 -0.5487726593549993
 -0.7757112907044148
 -0.42844367671940398
 -0.97861311857772648
 -0.75597794531356421
 0.063648249201443158
 0.83301182226409876
 0.94455120671081727
 0.31018445326869876
 -0.56913300896187546
 0.4870973329339145
 0.72821175405807848
 0.9012540563331356
