# Created by Octave 8.4.0, Thu Dec 11 09:16:06 2025 IST <gamana@Samsung>
# name: iq
# type: matrix
# rows: 2048
# columns: 1
 1
 0.95326076620586331
 0.81741217677477895
 0.60515314967079337
 -0.85680260336409175
 -0.10798748872685082
 -0.26757933088703667
 -0.54620409646762802
 -0.7737705401199878
 -0.42010522672696088
 -0.99739959216031482
 -0.97255769945533388
 -0.85680260336409153
 -0.66095491288473074
 0.94753482023462932
 0.31892536915557507
 -0.56153743692579583
 0.48441433643541743
 -0.64702319695337762
 0.89991984314001949
 0.9077975051441477
 0.98679653937238465
 0.89173695753970295
 -0.68814117224586857
 0.46822140226296938
 0.17935501392598432
 0.37077718740857579
 -0.42010522672696088
 -0.67466245436658678
 -0.86615326963267925
 -0.97667740455693652
 -0.96333021840326272
 -0.92203355216466776
 -0.76197358843289098
 -0.53068550131166847
 0.6870267976200668
 0.054455970544694823
 -0.88397021715310997
 -0.90715275704229548
 -0.21396247916027278
 0.64819262069187789
 0.99847409117038255
 0.56026686158099936
 -0.32037957928655297
 -0.94802428457192678
 0.31892536915557335
 -0.052923454120163547
 -0.28527816079509682
 -0.56153743692579727
 -0.7853050539592259
 -0.46957695504264702
 -0.98704394936000728
 -0.96810813435476473
 -0.84716133746730915
 0.85759296924080952
 0.92843705653776321
 -0.089661145336106474
 -0.60637424912365256
 -0.99999882230188708
 0.73864388846083573
 0.26905778268971947
 0.92957295411873897
 0.85601021937775568
 0.10646160669493715
 -0.72715906615685078
 0.45186966259101069
 -0.46686474663636957
 0.42149746129340016
 0.97700577919626364
 -0.68814117224586857
 -0.055988358703831516
 -0.82874185099002262
 -0.99406909454407066
 -0.91474828106395512
 0.56280668962743263
 0.99863888959664804
 0.64585224921887574
 0.072835130888845759
 -0.90844011502317967
 -0.88253094986404579
 -0.15969265296119067
 0.68925392602654534
 0.99932172244443662
 0.94148750121272873
 -0.37220208762835455
 -0.96414927247383364
 -0.79471385035234265
 -0.00076736500861407635
 -0.30288023361216132
 0.9629172873478028
 0.36792477034572635
 -0.94200366979757377
 -0.99439821600798184
 -0.68591080477393629
 0.1642360482036235
 0.8846867284937584
 -0.36935141386161252
 0.21246303906394182
 -0.64936051767992853
 -0.99838816415566489
 -0.55899496658575176
 0.91536727170487375
 0.99423482618450487
 0.82615642793918065
 0.051390813039935278
 0.68702679762006169
 -0.97601375467033502
 0.14300530760092806
 0.47093140178253623
 -0.45323823806721858
 0.72399073590501128
 -0.88397021715310997
 -0.98392175803403514
 -0.99189780074717793
 -0.90715275704229548
 -0.73760846374062494
 0.99999528921032244
 0.60270667751827289
 0.091189587921087126
 0.38781739206357746
 0.64819262069187789
 0.84797579643587995
 0.72821175405807848
 0.99847409117038255
 0.46550699135830681
 -0.42288870306631471
 -0.97733185259986499
 -0.75998219468248429
 0.057520614988206521
 -0.32037957928655969
 0.9465491972583544
 -0.80757120990081976
 -0.94802428457192678
 -0.99871776062003026
 -0.64467978024643724
 0.21845776152962559
 0.90908058516579637
 0.8818081973056815
 -0.052923454120163547
 -0.69036505634113388
 -0.99373060737930219
 -0.51235335761857304
 0.3736261111647376
 0.96455539355974218
 0.79378135772453473
 0.86538522478011948
 0.67352883541892117
 -0.96250208824059569
 -0.36649726022122142
 0.5189281455033995
 0.99455926362965252
 0.68479319633608504
 -0.1657497443578384
 -0.88540115604661895
 -0.98939008741680945
 -0.21096309853294973
 -0.72504855459477169
 -0.48307112512406863
 0.55772175493586962
 0.10951311640544466
 0.40472606164912256
 -0.82529072569298034
 0.85759296924080952
 0.97291362704571205
 0.97567848098621912
 0.92843705653776054
 0.77279742987957578
 -0.98753179411920244
 0.26610024882900052
 -0.037592029547473621
 0.85916763922364559
 0.92729241161337761
 0.26314020788369136
 -0.9537233602852011
 -0.99999882230188708
 -0.9527959268197127
 0.27201278160118081
 -0.60393062484248683
 -0.33487961217098988
 -0.034524566527187259
 -0.72926272673208903
 0.54748902268809918
 -0.46414813962684615
 0.92957295411873897
 0.97765562399971406
 0.9721994811062209
 0.85601021937775568
 -0.83045570966328242
 -0.94605304094091414
 0.10646160669493009
 -0.19894598283625273
 -0.48575640675906639
 -0.72715906615685566
 -0.90058801035737768
 -0.98983136742132305
 -0.98654680508791737
 -0.8910413592107852
 0.69147456057248458
 -0.46686474663636957
 -0.17784495966932298
 0.1277995015959035
 -0.96495924273552103
 0.6757944842168484
 0.0053715297560473045
 0.79934819172794036
 0.96208462205960266
 0.92143835717186395
 0.7609787877609705
 -0.9947179686701888
 0.24830337378897069
 0.16726305010568898
 -0.35504638522223064
 -0.62091521972729924
 0.20946266110028544
 -0.65169172040482393
 -0.9982092555350186
 -0.55644722963027093
 0.32473766826230821
 0.94947927516166009
 -0.31747040782897623
 0.048325171352559641
 0.28674877834389367
 0.56280668962743263
 0.7862542940161692
 0.47363696438451702
 0.99863888959664804
 0.7218699851659488
 0.84634488309812139
 -0.85995193962079575
 -0.92671681226430636
 0.088132491563609597
 -0.21695984392310549
 -0.50177110567169725
 0.60025452691696923
 -0.27348932174976931
 -0.99228306681626133
 -0.85362097744857279
 -0.88253094986404579
 -0.69919534082601087
 -0.45050002278269863
 -0.15969265296119067
 0.14604254134424832
 -0.97797709263318722
 0.68925392602655566
 0.87595154858681679
 0.83130970592959941
 0.94555465629370727
 0.31310105095444601
 -0.56660648199307451
 0.51367074118914369
 -0.6423302896377806
 -0.074365698426512916
 -0.37220208762835455
 0.88035646287310099
 0.15514587246881095
 -0.69258243610723424
 -0.99926402882828158
 -0.50971497319771586
 -0.79471385035233399
 0.96536081904994131
 0.79191076566087004
 0.0023020932183935843
 0.3043425181213476
 0.57793347080836122
 -0.36363965359780637
 0.94251761959052915
 0.99487433075577603
 0.68255314321866201
 0.83639249410950756
 0.63168301221953482
 -0.90455241285493049
 -0.20796173030008755
 0.65285502065077339
 0.99811627435049122
 -0.7519452059868672
 -0.9159841062931755
 -0.99439821600798184
 -0.97985750431784746
 -0.87372121466920871
 0.76692062383185378
 -0.43398250394614873
 0.4131292768474466
 -0.47498807387394915
 -0.98801033476922906
 -0.72080705811183032
 0.8846867284937584
 0.86073421449037835
 0.99170166301589102
 0.2601776877420115
 0.73657130166022011
 0.49778317453547566
 0.21246303906392794
 0.27496521772261423
 0.93181846452520023
 0.85282053973501504
 0.10035560692400715
 -0.73135951650067665
 -0.99838816415566412
 -0.93457595984954878
 -0.78340102697185532
 -0.55899496658575176
 0.75698168450242054
 0.020717374963544161
 0.32183303479668407
 0.59286423571776004
 -0.31164311913308568
 0.94851151593640592
 0.99988223247719876
 0.95778549015728354
 0.82615642793918065
 -0.9109891421147539
 0.35073841575927878
 -0.15362954335073706
 -0.25276072413051021
 0.99320532294327812
 -0.7639578031886699
 -0.92321742549042496
 -0.96576012155713209
 -0.79097267063101617
 -0.86461514160246733
 -0.67239363004398134
 -0.4173177923328662
 0.3622095638296921
 0.18237385152714947
 -0.99502834951811658
 0.71546700626009307
 0.89312185138248557
 0.98728903446803762
 0.90389699651915167
 0.20646030966758724
 0.72399073590500151
 -0.99802094220665827
 0.19443173525695573
 0.3276392421862615
 -0.40612900000404117
 -0.66325519730728677
 0.045259074365704664
 -0.76790462100639278
 -0.99717367862900375
 -0.92786582682140228
 -0.77182249939500824
 0.98824611464094247
 0.71974243327150733
 0.039125630047652724
 0.33921439615447818
 0.60759392032490089
 0.81917649590739106
 0.95418370796813667
 0.99995760315919946
 0.59779672096999548
 0.81564015632847064
 0.60270667751827289
 0.3334331020884379
 -0.098828507048008718
 0.73240532865648289
 -0.5487726593549993
 -0.7757112907044148
 -0.93013761930787031
 -0.99761610861221961
 -0.97183897284212029
 -0.85521581914817602
 0.83301182226409876
 0.94455120671081727
 0.31018445326869876
 0.20044979956074258
 -0.99900971917850867
 0.72821175405807848
