# Created by Octave 8.4.0, Thu Dec 11 09:16:06 2025 IST <gamana@Samsung>
# name: iq
# type: matrix
# rows: 2048
# columns: 1
 1
 0.95326076620586331
 0.81741217677477895
 -0.92900609941698054
 -0.85680260336409175
 -0.10798748872685082
 -0.26757933088703667
 -0.54620409646762802
 0.46822140226297015
 -0.92900609941698054
 -0.99739959216031482
 -0.97255769945533388
 0.054455970544694823
 0.82788199261989504
 0.94753482023462932
 -0.10798748872685082
 -0.56153743692579583
 -0.9985576663829947
 0.72610466550790553
 0.2154614152901913
 0.9077975051441477
 0.88325162371234833
 0.89173695753970295
 0.71331917142438028
 -0.99406909454407066
 -0.51498691486160741
 -0.126277206267076
 -0.42010522672696088
 0.7956444711141426
 -0.86615326963267925
 -0.97667740455693652
 -0.99590323237511935
 -0.36935141386161585
 -0.76197358843289098
 0.99423482618450443
 0.6870267976200668
 -0.16272196520846155
 -0.88397021715310997
 0.61971144815431445
 0.82788199261989504
 0.64819262069187789
 0.99847409117038255
 0.94753482023462876
 0.80666512125541268
 -0.94802428457192678
 0.31892536915557335
 0.017648480643128749
 -0.28527816079509682
 -0.56153743692579727
 -0.7853050539592259
 -0.93566355795921996
 -0.98704394936000728
 -0.72504855459477169
 0.10951311640544466
 0.85759296924080952
 0.92843705653776321
 -0.089661145336106474
 0.2154614152901913
 0.50044297299076146
 -0.60393062484249249
 0.9077975051441477
 0.92957295411873897
 0.98364649651042202
 0.10646160669493715
 -0.72715906615685078
 0.45186966259101069
 0.1612074989385934
 -0.14452409467834526
 -0.43674579739516622
 -0.68814117224586857
 -0.055988358703831516
 -0.98046585238934292
 -0.94704312407739244
 -0.31747040782898966
 -0.74991820004097443
 -0.51498691486160741
 0.64585224921887574
 -0.21695984392310549
 0.37077718740857579
 -0.88253094986404579
 0.83807101776911563
 0.68925392602654534
 0.99390102147704307
 0.94148750121272873
 -0.37220208762835455
 -0.96414927247383364
 0.30141723570001927
 -0.00076736500861407635
 0.79750008827622731
 0.9629172873478028
 0.36792477034572635
 -0.51761562011455653
 -0.99439821600798184
 -0.68591080477393629
 -0.8372327419467338
 -0.63287203175829598
 0.906505872236266
 0.21246303906394182
 0.23340805554780536
 -0.99838816415566489
 -0.55899496658575176
 0.91536727170487375
 0.99423482618450487
 0.82615642793918065
 0.051390813039935278
 -0.76395780318866069
 -0.97601375467033502
 -0.41731779233287913
 -0.16272196520846155
 -0.45323823806721858
 0.72399073590501128
 -0.88397021715310997
 -0.98392175803403514
 -0.99189780074717793
 -0.26462053999945312
 -0.73760846374062494
 0.99999528921032244
 -0.21396247916026584
 0.091189587921087126
 -0.93013761930787031
 0.64819262069187789
 -0.10493547390375864
 0.72821175405807848
 0.99847409117038255
 0.46550699135830681
 -0.42288870306631471
 0.56026686158099936
 0.28380687130319676
 0.057520614988206521
 -0.32037957928655969
 0.9465491972583544
 0.31601469873379551
 -0.94802428457192678
 -0.9998575018847834
 -0.95822557211480941
 -0.82702018425964863
 -0.61850621691532082
 -0.35217523621993413
 0.15817743084431238
 0.25127553137023834
 -0.99373060737930219
 -0.51235335761857304
 0.92262657540312143
 0.99604083802624588
 0.97634672945533696
 0.86538522478011948
 0.67352883541892117
 0.41871200264625297
 0.1247546135053899
 -0.18086464573051755
 0.99455926362965252
 0.68479319633608504
 -0.89243045547475575
 -0.9870439493600085
 -0.98939008741680945
 -0.89924955625485847
 -0.72504855459477169
 -0.48307112512406863
 -0.19593694714062365
 0.10951311640544466
 0.40472606164912256
 -0.82529072569298034
 -0.049858050913987026
 0.76494721259890497
 0.97567848098621912
 0.41592259907073292
 -0.47228473929236653
 0.54491788372008809
 0.26610024882900052
 0.11256359432942846
 -0.3377702626083236
 -0.60637424912365256
 0.26314020788369136
 -0.6088121604017056
 -0.99998940073362763
 -0.9527959268197127
 0.27201278160118081
 0.93070009365436368
 0.85441940454650211
 0.10340909394795389
 0.2690577826897263
 0.54748902268809918
 -0.46414813962684615
 0.4242789487687742
 0.99750902515076378
 0.9721994811062209
 -0.059052735788742081
 0.65980243410195294
 -0.94605304094091414
 0.10646160669493009
 -0.19894598283625273
 -0.48575640675906639
 0.64350579279766673
 -0.21995516458155873
 -0.90971891406342786
 -0.98654680508791737
 -0.8910413592107852
 0.69147456057248458
 -0.46686474663636957
 0.51103476725282548
 -0.37504925466358852
 -0.96495924273552103
 -0.79284699542711268
 0.0053715297560473045
 0.97700577919626508
 0.96208462205960266
 0.92143835717186395
 -0.52023944861085925
 -0.9947179686701888
 0.24830337378897069
 0.16726305010568898
 0.88611349812894491
 0.90520569861137001
 0.20946266110028544
 -0.95909896399592787
 -0.99980097558199144
 -0.55644722963027093
 0.32473766826230821
 0.94947927516166009
 -0.31747040782897623
 -0.016113969322028313
 -0.76593482025537174
 0.56280668962743263
 0.7862542940161692
 0.47363696438451702
 0.98777222774170659
 0.96772249425417678
 -0.11408843738974658
 -0.85995193962079575
 0.38498633679420874
 -0.2616592559684634
 -0.21695984392310549
 -0.50177110567169725
 -0.73967757338202433
 -0.90844011502318567
 -0.99228306681626133
 -0.98336891810956462
 -0.10188247042275954
 0.73031198170342548
 -0.45050002278269863
 -0.15969265296119067
 0.14604254134424832
 0.43812590268212964
 -0.75798364069952995
 0.060584717496686646
 0.83130970592959941
 0.99390102147704307
 0.91412713582838767
 0.74890204634163549
 0.51367074118914369
 0.23042228230537098
 -0.074365698426512916
 -0.37220208762835455
 0.88035646287310099
 -0.83890731960218134
 -0.69258243610723424
 -0.99926402882828158
 -0.50971497319771586
 0.37647151477281421
 -0.57416995275079008
 0.79191076566087004
 0.0023020932183935843
 0.3043425181213476
 0.57793347080836122
 -0.36363965359780637
 0.94251761959052915
 0.99487433075577603
 0.96291728734779902
 0.83639249410950756
 0.63168301221953482
 -0.90455241285493049
 -0.20796173030008755
 0.65285502065077339
 -0.51761562011456874
 0.55517139367099122
 -0.9159841062931755
 -0.94995980074298558
 -0.82355349158424873
 -0.87372121466920871
 -0.68591080477393629
 -0.43398250394614873
 0.4131292768474466
 -0.47498807387394915
 -0.98801033476922906
 0.70247959528018322
 0.11561301172658989
 0.98419470203205239
 0.92613903012995313
 0.906505872236266
 0.73657130166022011
 0.49778317453547566
 0.21246303906392794
 0.27496521772261423
 0.93181846452520023
 -0.64936051767992853
 0.10035560692400715
 -0.73135951650067665
 -0.99838816415566412
 -0.46142715960880532
 -0.78340102697185532
 0.97829625774311346
 0.75698168450242054
 0.020717374963544161
 -0.83216174413215693
 0.59286423571776004
 -0.31164311913308568
 0.5678704142573785
 0.99894025871852765
 0.64115327353555451
 -0.22294841291494655
 0.61729952884911965
 -0.87962748441830119
 -0.15362954335073706
 -0.25276072413051021
 0.99320532294327812
 0.5083939785619066
 -0.37789288814250754
 -0.96576012155713209
 -0.79097267063101617
 0.0084409156854071687
 -0.67239363004398134
 0.9612428924147971
 -0.12323172689716683
 0.18237385152714947
 0.47093140178253623
 -0.68143070381530291
 0.89312185138248557
 0.98728903446803762
 0.98916595154481612
 0.20646030966758724
 -0.65401678316449274
 0.48172677598880875
 0.19443173525695573
 0.3276392421862615
 -0.40612900000404117
 -0.66325519730728677
 0.045259074365704664
 -0.76790462100639278
 -0.99717367862900375
 -0.92786582682140228
 -0.77182249939500824
 -0.54363038747502812
 0.71974243327150733
 0.039125630047652724
 -0.86151446198985537
 -0.92555906657122378
 -0.25869550669401586
 0.95418370796813667
 0.99995760315919946
 0.59779672096999548
 0.81564015632847064
 -0.93237435841533678
 0.3334331020884379
 0.032990711232170816
 0.73240532865648289
 -0.5487726593549993
 0.46006503773119856
 -0.93013761930787031
 -0.99761610861221961
 -0.97183897284212029
 0.063648249201443158
 0.83301182226409876
 -0.40051154007206008
 0.31018445326869876
 -0.56913300896187546
 0.4870973329339145
 -0.63997474726332781
 0.9012540563331356
