# Created by Octave 8.4.0, Thu Dec 11 09:16:06 2025 IST <gamana@Samsung>
# name: iq
# type: matrix
# rows: 2048
# columns: 1
 1
 0.60515314967079348
 -0.26757933088703645
 0.60515314967079337
 0.336325333479365
 -0.10798748872685082
 0.72610466550790553
 0.98679653937238487
 -0.7737705401199878
 -0.42010522672696088
 -0.97667740455693652
 -0.76197358843289098
 0.054455970544694823
 0.82788199261989504
 0.94753482023462932
 -0.10798748872685082
 0.19744169751515539
 0.48441433643541743
 -0.64702319695337762
 0.89991984314001949
 0.9077975051441477
 0.98679653937238465
 0.89173695753970295
 0.71331917142438028
 -0.99406909454407066
 0.17935501392598432
 -0.126277206267076
 -0.42010522672696088
 0.7956444711141426
 -0.00076736500861407635
 -0.97667740455693652
 -0.96333021840326272
 -0.92203355216466776
 -0.76197358843289098
 -0.53068550131166847
 0.6870267976200668
 0.054455970544694823
 -0.88397021715310997
 0.61971144815431445
 -0.21396247916027278
 0.95866339707144232
 0.99983041623178193
 0.56026686158099936
 -0.32037957928655297
 0.59038960288433207
 0.31892536915557335
 -0.052923454120163547
 0.76296659435509484
 -0.56153743692579727
 -0.7853050539592259
 -0.46957695504264702
 -0.98704394936000728
 -0.72504855459477169
 -0.84716133746730915
 0.85759296924080952
 -0.38640231949417558
 0.26610024882900735
 0.2154614152901913
 0.50044297299076146
 -0.60393062484249249
 0.9077975051441477
 0.92957295411873897
 0.98364649651042202
 0.10646160669493715
 0.70029174263479022
 -0.98654680508791737
 0.1612074989385934
 0.42149746129340016
 -0.43674579739516622
 0.7609787877609705
 -0.055988358703831516
 -0.98046585238934292
 -0.99406909454407066
 -0.31747040782898966
 -0.74991820004097443
 0.99863888959664804
 -0.23191544205296488
 -0.21695984392310549
 -0.90844011502317967
 -0.88253094986404579
 0.83807101776911563
 0.9637408804343649
 0.99390102147704307
 0.51367074118915579
 -0.37220208762835455
 0.57542581511072144
 -0.79471385035234265
 0.0023020932183935843
 0.79750008827622731
 -0.57668032211486553
 0.36792477034572635
 -0.94200366979757377
 -0.9993770622619782
 -0.68591080477393629
 0.1642360482036235
 -0.63287203175829598
 -0.36935141386161252
 -0.071304391795586203
 0.23340805554780536
 -0.99838816415566489
 -0.55899496658575176
 0.32183303479668407
 0.99423482618450487
 0.82615642793918065
 0.051390813039935278
 -0.76395780318866069
 -0.97601375467033502
 -0.41731779233287913
 0.47093140178253623
 0.98728903446803762
 -0.70138649497904204
 -0.88397021715310997
 -0.85838131514628069
 -0.99189780074717793
 -0.90715275704229548
 -0.73760846374062494
 0.99999528921032244
 0.60270667751827289
 -0.27053560075471322
 0.38781739206357746
 0.64819262069187789
 0.84797579643587995
 0.96849149417710867
 0.98629474709482945
 0.46550699135830681
 -0.42288870306631471
 0.56026686158099936
 0.28380687130319676
 -0.019182950395057383
 -0.32037957928655969
 -0.59162761605977232
 -0.80757120990081976
 -0.56407461669631687
 -0.9998575018847834
 -0.95822557211480941
 -0.82702018425964863
 0.90908058516579637
 0.8818081973056815
 0.15817743084431238
 -0.69036505634113388
 0.53198566524571467
 -0.51235335761857304
 0.3736261111647376
 0.96455539355974218
 0.97634672945533696
 0.86538522478011948
 -0.79842508030578996
 0.41871200264625297
 -0.36649726022122142
 0.5189281455033995
 -0.46957695504264702
 -0.71439393018262132
 -0.89243045547475575
 -0.9870439493600085
 -0.90585685224972345
 -0.89924955625485847
 0.65052688516665591
 -0.48307112512406863
 0.55772175493586962
 -0.32328573226248619
 -0.94899651318043343
 -0.82529072569298034
 -0.049858050913987026
 0.97291362704571205
 0.99728780989863108
 0.92843705653776054
 -0.47228473929236653
 0.54491788372008809
 0.26610024882900052
 0.11256359432942846
 -0.3377702626083236
 0.92729241161337761
 -0.81829530004591811
 -0.6088121604017056
 -0.99998940073362763
 -0.60148131058103105
 -0.81652712817408524
 -0.60393062484248683
 0.85441940454650211
 -0.034524566527187259
 -0.72926272673208903
 -0.98604036598681322
 0.77474182782419287
 0.4242789487687742
 0.97765562399971406
 0.75898381154481431
 0.85601021937775568
 -0.83045570966328242
 -0.94605304094091414
 0.10646160669493009
 0.5653412151459779
 0.99879427926736775
 -0.72715906615685566
 -0.90058801035737768
 -0.90971891406342786
 -0.98654680508791737
 -0.8910413592107852
 0.69147456057248458
 0.99355785265223773
 -0.17784495966932298
 -0.37504925466358852
 0.42149746129340659
 -0.79284699542711268
 0.86691927435109684
 0.97700577919626508
 0.96208462205960266
 0.36506888685045302
 0.7609787877609705
 0.52938408740299536
 0.24830337378897069
 0.16726305010568898
 -0.35504638522223064
 0.90520569861137001
 0.20946266110028544
 -0.95909896399592787
 -0.99980097558199144
 -0.55644722963027093
 0.32473766826230821
 0.94947927516166009
 -0.31747040782897623
 0.048325171352559641
 -0.76593482025537174
 0.56280668962743263
 -0.41452642614610541
 0.93620405186557298
 0.99863888959664804
 0.96772249425417678
 -0.11408843738974658
 -0.85995193962079575
 0.38498633679420874
 -0.2616592559684634
 -0.21695984392310549
 -0.50177110567169725
 0.60025452691696923
 -0.27348932174976931
 -0.93126037583336918
 -0.85362097744857279
 -0.10188247042275954
 -0.69919534082601087
 -0.45050002278269863
 0.46278819464259663
 -0.42566819512619902
 -0.97797709263318722
 0.68925392602655566
 0.87595154858681679
 0.83130970592959941
 0.99390102147704307
 0.31310105095444601
 -0.56660648199307451
 0.51367074118914369
 -0.6423302896377806
 0.22145204955192735
 -0.37220208762835455
 -0.63524559604554065
 0.15514587246881095
 -0.69258243610723424
 -0.99338275770275697
 -0.50971497319771586
 0.37647151477281421
 0.96536081904994131
 -0.29995352783086127
 -0.0069062308541822806
 0.3043425181213476
 -0.96166488978812192
 -0.36363965359780637
 0.94251761959052915
 0.99487433075577603
 0.96291728734779902
 -0.16877596188281066
 0.63168301221953482
 -0.90455241285493049
 -0.20796173030008755
 -0.23490011927419616
 0.99811627435049122
 -0.7519452059868672
 -0.32618883937625204
 -0.94995980074298558
 -0.97985750431784746
 -0.87372121466920871
 -0.68591080477393629
 0.97500104008487365
 -0.14148618368935256
 0.16423604820363752
 -0.98801033476922906
 0.70247959528018322
 0.8846867284937584
 0.86073421449037835
 0.99170166301589102
 0.906505872236266
 -0.61124433570766012
 -0.99997055768587484
 0.21246303906392794
 -0.092717815718463617
 0.93181846452520023
 -0.64936051767992853
 0.10035560692400715
 -0.73135951650067665
 -0.99838816415566412
 -0.46142715960880532
 0.42705643886636363
 0.97829625774311346
 -0.28233491333365301
 -0.06211655650361627
 0.32183303479668407
 -0.94505404449062247
 -0.31164311913308568
 0.5678704142573785
 0.99988223247719876
 0.64115327353555451
 -0.22294841291494655
 0.61729952884911965
 0.35073841575927878
 0.051390813039935278
 0.69368868033596887
 -0.53328457614273284
 0.5083939785619066
 -0.92321742549042496
 -0.96576012155713209
 -0.97601375467033502
 -0.86461514160246733
 -0.67239363004398134
 -0.4173177923328662
 -0.12323172689716683
 -0.52285837562992521
 0.47093140178253623
 0.71546700626009307
 0.89312185138248557
 0.98728903446803762
 0.90389699651915167
 0.20646030966758724
 -0.65401678316449274
 -0.99802094220665827
 0.19443173525695573
 0.3276392421862615
 -0.40612900000404117
 0.82268196381360825
 0.045259074365704664
 -0.97326726303900257
 -0.99717367862900375
 -0.92786582682140228
 -0.77182249939500824
 -0.54363038747502812
 -0.26462053999945312
 -0.11713731374898172
 0.33921439615447818
 0.60759392032490089
 0.81917649590739106
 0.61245826520808466
 0.99999528921032244
 0.59779672096999548
 0.81564015632847064
 0.60270667751827289
 0.3334331020884379
 0.032990711232170816
 0.73240532865648289
 0.98526328999226143
 -0.7757112907044148
 -0.93013761930787031
 -0.99761610861221961
 -0.75597794531356421
 -0.85521581914817602
 -0.65864840122301938
 -0.40051154007206008
 -0.10493547390374451
 -0.56913300896187546
 -0.99900971917850867
 -0.63997474726332781
