# Created by Octave 8.4.0, Thu Dec 11 09:16:06 2025 IST <gamana@Samsung>
# name: iq
# type: matrix
# rows: 2048
# columns: 1
 1
 0.95326076620586331
 -0.26757933088703645
 -0.92900609941698054
 -0.85680260336409175
 0.036058340503170451
 -0.26757933088703667
 0.98679653937238487
 -0.7737705401199878
 -0.42010522672696088
 -0.99739959216031482
 -0.76197358843289098
 -0.85680260336409153
 -0.66095491288473074
 0.94753482023462932
 -0.10798748872685082
 -0.56153743692579583
 -0.9985576663829947
 0.72610466550790553
 0.89991984314001949
 0.9077975051441477
 0.98679653937238465
 0.1612074989385934
 0.71331917142438028
 0.46822140226296938
 -0.51498691486160741
 0.37077718740857579
 0.9637408804343649
 -0.67466245436658678
 -0.86615326963267925
 -0.97667740455693652
 -0.96333021840326272
 -0.36935141386161585
 -0.76197358843289098
 -0.53068550131166847
 0.6870267976200668
 0.054455970544694823
 -0.88397021715310997
 -0.90715275704229548
 -0.21396247916027278
 0.95866339707144232
 0.99847409117038255
 0.56026686158099936
 0.80666512125541268
 -0.94802428457192678
 0.31892536915557335
 -0.052923454120163547
 0.76296659435509484
 0.97634672945533696
 -0.7853050539592259
 -0.93566355795921996
 -0.99855766638299481
 -0.96810813435476473
 -0.84716133746730915
 0.85759296924080952
 0.92843705653776321
 -0.089661145336106474
 -0.60637424912365256
 0.50044297299076146
 0.73864388846083573
 0.9077975051441477
 0.92957295411873897
 0.85601021937775568
 0.10646160669493715
 -0.72715906615685078
 0.45186966259101069
 -0.46686474663636957
 0.42149746129340016
 0.97700577919626364
 0.7609787877609705
 -0.8752101648306293
 -0.98046585238934292
 -0.99406909454407066
 -0.91474828106395512
 0.56280668962743263
 -0.51498691486160741
 -0.23191544205296488
 0.072835130888845759
 -0.90844011502317967
 0.634059560632665
 0.83807101776911563
 0.9637408804343649
 0.99932172244443662
 0.94148750121272873
 0.79564447111414049
 0.57542581511072144
 0.30141723570001927
 0.0023020932183935843
 0.79750008827622731
 0.9629172873478028
 0.36792477034572635
 -0.51761562011455653
 -0.99439821600798184
 -0.96333021840326272
 0.1642360482036235
 0.8846867284937584
 -0.36935141386161252
 0.21246303906394182
 -0.64936051767992853
 0.51630187553582951
 0.75093258738581303
 0.32183303479668407
 0.99423482618450487
 0.98016283268951387
 0.051390813039935278
 0.68702679762006169
 -0.97601375467033502
 -0.41731779233287913
 -0.16272196520846155
 -0.45323823806721858
 -0.70138649497904204
 -0.88397021715310997
 -0.98392175803403514
 -0.92786582682140761
 -0.26462053999945312
 -0.73760846374062494
 0.99999528921032244
 0.60270667751827289
 0.091189587921087126
 0.38781739206357746
 0.64819262069187789
 0.84797579643587995
 0.96849149417710867
 0.99847409117038255
 0.46550699135830681
 -0.42288870306631471
 -0.97733185259986499
 0.28380687130319676
 0.057520614988206521
 -0.32037957928655969
 -0.59162761605977232
 0.31601469873379551
 -0.94802428457192678
 -0.99871776062003026
 -0.95822557211480941
 0.21845776152962559
 -0.61850621691532082
 -0.35217523621993413
 0.15817743084431238
 -0.69036505634113388
 -0.99373060737930219
 -0.51235335761857304
 0.3736261111647376
 0.99604083802624588
 0.79378135772453473
 -0.0038368160058314137
 -0.79842508030578996
 -0.96250208824059569
 0.1247546135053899
 0.5189281455033995
 -0.46957695504264702
 0.68479319633608504
 -0.89243045547475575
 -0.9870439493600085
 -0.90585685224972345
 -0.21096309853294973
 -0.72504855459477169
 0.99829988554123306
 -0.19593694714062365
 0.10951311640544466
 0.40472606164912256
 0.6621058348567973
 0.85759296924080952
 0.76494721259890497
 0.97567848098621912
 0.41592259907073292
 -0.47228473929236653
 0.54491788372008809
 -0.72293121193018939
 -0.037592029547473621
 0.85916763922364559
 -0.60637424912365256
 -0.81829530004591811
 -0.6088121604017056
 -0.99998940073362763
 -0.60148131058103105
 -0.81652712817408524
 0.93070009365436368
 0.85441940454650211
 0.10340909394795389
 -0.72926272673208903
 0.54748902268809918
 -0.46414813962684615
 0.4242789487687742
 0.99750902515076378
 0.75898381154481431
 0.85601021937775568
 0.65980243410195294
 -0.94605304094091414
 0.10646160669493009
 0.5653412151459779
 0.99879427926736775
 -0.72715906615685566
 -0.90058801035737768
 -0.98983136742132305
 -0.88108336773961071
 -0.15666183615691048
 -0.71224273251685499
 0.99355785265223773
 0.51103476725282548
 -0.37504925466358852
 -0.96495924273552103
 -0.79284699542711268
 0.86691927435109684
 0.97700577919626508
 0.96208462205960266
 0.92143835717186395
 -0.52023944861085925
 -0.9947179686701888
 0.24830337378897069
 0.16726305010568898
 0.88611349812894491
 0.90520569861137001
 -0.82874185099002262
 -0.95909896399592787
 -0.99980097558199144
 -0.94704312407739244
 -0.8057571325940257
 -0.58915019910744659
 0.82442307956011951
 0.048325171352559641
 0.28674877834389367
 0.56280668962743263
 -0.41452642614610541
 0.93620405186557298
 0.98777222774170659
 0.96772249425417678
 0.84634488309812139
 -0.85995193962079575
 0.38498633679420874
 0.088132491563609597
 -0.21695984392310549
 0.99998115688567257
 -0.73967757338202433
 -0.27348932174976931
 -0.99228306681626133
 -0.98336891810956462
 -0.88253094986404579
 -0.69919534082601087
 0.98578366236304771
 -0.15969265296119067
 -0.42566819512619902
 0.43812590268212964
 0.68925392602655566
 0.87595154858681679
 0.83130970592959941
 0.94555465629370727
 0.91412713582838767
 0.74890204634163549
 -0.99886844535843011
 -0.6423302896377806
 0.22145204955192735
 0.9103551002125686
 0.88035646287310099
 -0.83890731960218134
 -0.96414927247383364
 -0.99926402882828158
 -0.9409691150517755
 0.37647151477281421
 -0.57416995275079008
 0.79191076566087004
 0.0023020932183935843
 0.3043425181213476
 0.57793347080836122
 0.79750008827622731
 0.52154952634828522
 0.99943004815055925
 0.68255314321866201
 -0.16877596188281066
 -0.88682375306288164
 -0.90455241285493049
 -0.20796173030008755
 -0.23490011927419616
 0.99811627435049122
 0.55517139367099122
 -0.9159841062931755
 -0.99439821600798184
 -0.82355349158424873
 -0.87372121466920871
 -0.68591080477393629
 -0.43398250394614873
 -0.14148618368935256
 0.16423604820363752
 0.4546057459877848
 -0.72080705811183032
 0.11561301172658989
 0.98419470203205239
 0.99170166301589102
 0.906505872236266
 0.73657130166022011
 -0.99997055768587484
 -0.59902632941566003
 0.27496521772261423
 0.93181846452520023
 -0.64936051767992853
 -0.84878825808546021
 -0.73135951650067665
 -0.99838816415566412
 -0.46142715960880532
 0.42705643886636363
 -0.55899496658575176
 0.75698168450242054
 -0.06211655650361627
 0.32183303479668407
 -0.94505404449062247
 0.80847539639604582
 0.94851151593640592
 0.99894025871852765
 0.64115327353555451
 0.82615642793918065
 -0.9109891421147539
 0.35073841575927878
 0.051390813039935278
 0.69368868033596887
 -0.53328457614273284
 -0.7639578031886699
 -0.92321742549042496
 -0.96576012155713209
 -0.79097267063101617
 0.0084409156854071687
 -0.67239363004398134
 0.9612428924147971
 -0.12323172689716683
 -0.52285837562992521
 -0.99502834951811658
 0.71546700626009307
 0.89312185138248557
 0.98728903446803762
 0.90389699651915167
 0.89857715128068705
 0.72399073590500151
 0.48172677598880875
 0.19443173525695573
 0.3276392421862615
 -0.40612900000404117
 0.82268196381360825
 0.045259074365704664
 -0.76790462100639278
 -0.9746588744632797
 -0.92786582682140228
 0.47633806457826483
 -0.54363038747502812
 0.71974243327150733
 0.039125630047652724
 -0.86151446198985537
 0.60759392032490089
 -0.25869550669401586
 0.95418370796813667
 0.99999528921032244
 0.59779672096999548
 0.81564015632847064
 -0.93237435841533678
 0.3334331020884379
 -0.098828507048008718
 0.73240532865648289
 -0.5487726593549993
 -0.7757112907044148
 -0.42844367671940398
 -0.97861311857772648
 -0.97183897284212029
 0.063648249201443158
 0.83301182226409876
 -0.40051154007206008
 -0.10493547390374451
 -0.56913300896187546
 -0.99900971917850867
 -0.63997474726332781
 0.9012540563331356
