# Created by Octave 8.4.0, Thu Dec 11 09:16:06 2025 IST <gamana@Samsung>
# name: iq
# type: matrix
# rows: 2048
# columns: 1
 1
 0.95326076620586331
 -0.26757933088703645
 0.60515314967079337
 -0.85680260336409175
 0.036058340503170451
 0.72610466550790553
 0.98679653937238487
 -0.7737705401199878
 -0.92900609941698054
 -0.97667740455693652
 -0.76197358843289098
 -0.85680260336409153
 0.82788199261989504
 -0.40332217000396425
 -0.10798748872685082
 0.19744169751515539
 -0.9985576663829947
 -0.64702319695337762
 0.89991984314001949
 0.98961189288312468
 0.98679653937238465
 0.1612074989385934
 -0.68814117224586857
 -0.99406909454407066
 0.17935501392598432
 0.37077718740857579
 0.9637408804343649
 0.7956444711141426
 -0.00076736500861407635
 -0.79657321781796042
 -0.96333021840326272
 -0.36935141386161585
 0.51630187553582951
 -0.53068550131166847
 0.6870267976200668
 0.054455970544694823
 0.35361122716835897
 0.61971144815431445
 -0.21396247916027278
 0.64819262069187789
 0.99847409117038255
 0.94753482023462876
 -0.32037957928655297
 0.59038960288433207
 0.31892536915557335
 -0.052923454120163547
 0.76296659435509484
 -0.56153743692579727
 0.41871200264625297
 -0.46957695504264702
 -0.99855766638299481
 -0.96810813435476473
 -0.84716133746730915
 -0.64702319695337762
 0.92843705653776321
 0.26610024882900735
 -0.60637424912365256
 -0.99999882230188708
 0.73864388846083573
 0.9077975051441477
 0.9920916021661278
 0.85601021937775568
 0.88325162371234833
 -0.72715906615685078
 -0.98654680508791737
 0.1612074989385934
 -0.14452409467834526
 -0.43674579739516622
 0.7609787877609705
 -0.055988358703831516
 -0.98046585238934292
 -0.99406909454407066
 -0.91474828106395512
 0.56280668962743263
 -0.51498691486160741
 -0.23191544205296488
 0.072835130888845759
 -0.90844011502317967
 0.634059560632665
 -0.15969265296119067
 0.9637408804343649
 0.99932172244443662
 0.51367074118915579
 -0.37220208762835455
 0.57542581511072144
 -0.79471385035234265
 -0.00076736500861407635
 -0.30288023361216132
 -0.57668032211486553
 0.36792477034572635
 -0.94200366979757377
 -0.9993770622619782
 -0.68591080477393629
 -0.8372327419467338
 0.8846867284937584
 0.906505872236266
 -0.071304391795586203
 -0.64936051767992853
 -0.99838816415566489
 0.75093258738581303
 0.32183303479668407
 0.94851151593640137
 0.98016283268951387
 0.87446671960772626
 0.68702679762006169
 -0.97601375467033502
 -0.41731779233287913
 -0.16272196520846155
 0.98728903446803762
 0.72399073590501128
 -0.88397021715310997
 -0.85838131514628069
 -0.99189780074717793
 -0.90715275704229548
 0.60759392032488957
 0.99999528921032244
 0.60270667751827289
 -0.27053560075471322
 -0.93013761930787031
 0.64819262069187789
 -0.10493547390375864
 0.72821175405807848
 0.99847409117038255
 0.93512086019445517
 -0.42288870306631471
 -0.97733185259986499
 -0.75998219468248429
 -0.019182950395057383
 -0.32037957928655969
 0.9465491972583544
 0.31601469873379551
 -0.94802428457192678
 -0.9998575018847834
 -0.64467978024643724
 0.21845776152962559
 -0.61850621691532082
 0.8818081973056815
 0.15817743084431238
 -0.69036505634113388
 -0.99373060737930219
 0.76296659435509939
 0.92262657540312143
 0.96455539355974218
 0.97634672945533696
 0.86538522478011948
 0.67352883541892117
 -0.96250208824059569
 0.1247546135053899
 0.5189281455033995
 -0.46957695504264702
 -0.71439393018262132
 -0.89243045547475575
 -0.88540115604661895
 -0.90585685224972345
 -0.21096309853294973
 -0.72504855459477169
 0.99829988554123306
 -0.19593694714062365
 -0.32328573226248619
 -0.94899651318043343
 0.6621058348567973
 0.85759296924080952
 0.97291362704571205
 0.99728780989863108
 0.41592259907073292
 0.77279742987957578
 -0.98753179411920244
 0.26610024882900052
 -0.037592029547473621
 0.85916763922364559
 0.92729241161337761
 -0.81829530004591811
 -0.6088121604017056
 -0.99998940073362763
 -0.9527959268197127
 0.27201278160118081
 0.93070009365436368
 0.85441940454650211
 0.10340909394795389
 -0.72926272673208903
 0.54748902268809918
 0.77474182782419287
 0.92957295411873897
 0.99750902515076378
 0.9721994811062209
 0.85601021937775568
 -0.83045570966328242
 0.40191732837529215
 -0.31455824529877263
 -0.19894598283625273
 -0.48575640675906639
 0.64350579279766673
 -0.21995516458155873
 -0.90971891406342786
 -0.98654680508791737
 -0.15666183615691048
 0.69147456057248458
 0.99355785265223773
 0.51103476725282548
 -0.37504925466358852
 0.42149746129340659
 0.6757944842168484
 0.86691927435109684
 0.97700577919626508
 0.9957632809772784
 0.36506888685045302
 -0.52023944861085925
 -0.9947179686701888
 -0.68367397493892357
 0.16726305010568898
 -0.35504638522223064
 0.90520569861137001
 0.20946266110028544
 -0.65169172040482393
 -0.9982092555350186
 -0.94704312407739244
 0.32473766826230821
 -0.58915019910744659
 -0.31747040782897623
 -0.016113969322028313
 -0.76593482025537174
 0.56280668962743263
 0.7862542940161692
 0.93620405186557298
 0.99863888959664804
 0.96772249425417678
 0.84634488309812139
 -0.85995193962079575
 -0.92671681226430636
 -0.2616592559684634
 -0.21695984392310549
 -0.50177110567169725
 -0.73967757338202433
 -0.27348932174976931
 -0.93126037583336918
 -0.98336891810956462
 -0.88253094986404579
 -0.69919534082601087
 0.98578366236304771
 0.46278819464259663
 0.14604254134424832
 0.43812590268212964
 -0.75798364069952995
 0.87595154858681679
 0.83130970592959941
 0.94555465629370727
 0.91412713582838767
 -0.56660648199307451
 0.51367074118914369
 -0.6423302896377806
 -0.074365698426512916
 -0.37220208762835455
 0.88035646287310099
 -0.83890731960218134
 -0.69258243610723424
 -0.99338275770275697
 -0.50971497319771586
 -0.79471385035233399
 0.96536081904994131
 -0.29995352783086127
 0.0023020932183935843
 0.3043425181213476
 -0.96166488978812192
 0.79750008827622731
 0.52154952634828522
 0.99487433075577603
 0.96291728734779902
 -0.16877596188281066
 -0.88682375306288164
 -0.90455241285493049
 0.069773484752231343
 0.65285502065077339
 -0.51761562011456874
 0.55517139367099122
 -0.9159841062931755
 -0.99439821600798184
 -0.97985750431784746
 -0.87372121466920871
 -0.68591080477393629
 -0.43398250394614873
 -0.14148618368935256
 -0.47498807387394915
 0.4546057459877848
 -0.72080705811183032
 0.8846867284937584
 0.86073421449037835
 0.99170166301589102
 0.906505872236266
 -0.61124433570766012
 0.49778317453547566
 0.21246303906392794
 -0.092717815718463617
 0.93181846452520023
 0.85282053973501504
 0.10035560692400715
 -0.96887257281824157
 -0.99838816415566412
 -0.93457595984954878
 -0.78340102697185532
 -0.55899496658575176
 0.75698168450242054
 -0.06211655650361627
 0.32183303479668407
 0.59286423571776004
 0.80847539639604582
 0.5678704142573785
 0.99988223247719876
 0.64115327353555451
 -0.22294841291494655
 0.61729952884911965
 -0.87962748441830119
 -0.15362954335073706
 -0.25276072413051021
 0.99320532294327812
 0.5083939785619066
 -0.92321742549042496
 -0.96576012155713209
 -0.79097267063101617
 -0.86461514160246733
 -0.67239363004398134
 0.9612428924147971
 0.3622095638296921
 -0.52285837562992521
 -0.99502834951811658
 -0.68143070381530291
 0.89312185138248557
 0.98728903446803762
 0.90389699651915167
 0.89857715128068705
 0.72399073590500151
 -0.99802094220665827
 -0.55389425006308268
 -0.1110384861372592
 0.95043808879258174
 -0.66325519730728677
 0.045259074365704664
 -0.97326726303900257
 -0.99717367862900375
 -0.92786582682140228
 -0.77182249939500824
 -0.54363038747502812
 0.71974243327150733
 0.039125630047652724
 0.33921439615447818
 -0.92555906657122378
 0.81917649590739106
 0.95418370796813667
 0.99995760315919946
 0.95232884322163303
 -0.27644046604345041
 0.60270667751827289
 -0.85201809329117661
 -0.098828507048008718
 -0.27053560075472688
 0.98526328999226143
 -0.7757112907044148
 -0.42844367671940398
 -0.99761610861221961
 -0.75597794531356421
 0.063648249201443158
 -0.65864840122301938
 0.94455120671081727
 -0.10493547390374451
 0.20044979956074258
 0.4870973329339145
 0.72821175405807848
 0.9012540563331356
