# Created by Octave 8.4.0, Thu Dec 11 09:16:06 2025 IST <gamana@Samsung>
# name: iq
# type: matrix
# rows: 2048
# columns: 1
 1
 0.60515314967079348
 0.81741217677477895
 -0.92900609941698054
 -0.85680260336409175
 0.036058340503170451
 -0.26757933088703667
 -0.54620409646762802
 0.46822140226297015
 -0.92900609941698054
 -0.99739959216031482
 -0.97255769945533388
 0.054455970544694823
 -0.66095491288473074
 -0.40332217000396425
 0.31892536915557507
 -0.56153743692579583
 0.48441433643541743
 0.72610466550790553
 0.2154614152901913
 0.98961189288312468
 0.88325162371234833
 0.1612074989385934
 0.71331917142438028
 0.46822140226296938
 -0.51498691486160741
 -0.126277206267076
 -0.42010522672696088
 -0.67466245436658678
 -0.86615326963267925
 -0.97667740455693652
 -0.99590323237511935
 -0.92203355216466776
 0.51630187553582951
 0.99423482618450443
 -0.24978974675651788
 0.054455970544694823
 0.35361122716835897
 0.61971144815431445
 -0.21396247916027278
 0.64819262069187789
 0.99847409117038255
 0.94753482023462876
 -0.32037957928655297
 0.59038960288433207
 0.31892536915557335
 0.017648480643128749
 -0.28527816079509682
 0.97634672945533696
 0.41871200264625297
 -0.93566355795921996
 -0.99855766638299481
 -0.96810813435476473
 -0.84716133746730915
 -0.64702319695337762
 -0.38640231949417558
 0.26610024882900735
 -0.60637424912365256
 -0.99999882230188708
 0.73864388846083573
 0.9077975051441477
 0.9920916021661278
 0.85601021937775568
 0.10646160669493715
 -0.72715906615685078
 0.45186966259101069
 0.1612074989385934
 0.42149746129340016
 0.97700577919626364
 0.7609787877609705
 -0.055988358703831516
 -0.98046585238934292
 -0.99406909454407066
 -0.91474828106395512
 -0.74991820004097443
 0.99863888959664804
 -0.23191544205296488
 -0.21695984392310549
 0.37077718740857579
 0.634059560632665
 -0.15969265296119067
 0.68925392602654534
 0.99390102147704307
 0.51367074118915579
 0.79564447111414049
 -0.96414927247383364
 0.30141723570001927
 0.0023020932183935843
 0.79750008827622731
 -0.57668032211486553
 -0.79657321781796253
 -0.94200366979757377
 -0.9993770622619782
 -0.96333021840326272
 0.1642360482036235
 0.8846867284937584
 -0.36935141386161252
 -0.071304391795586203
 0.23340805554780536
 0.51630187553582951
 0.75093258738581303
 0.32183303479668407
 0.99423482618450487
 0.82615642793918065
 0.051390813039935278
 -0.76395780318866069
 -0.97601375467033502
 0.14300530760092806
 -0.16272196520846155
 -0.45323823806721858
 0.72399073590501128
 -0.88397021715310997
 -0.85838131514628069
 -0.92786582682140761
 -0.90715275704229548
 -0.73760846374062494
 0.99999528921032244
 0.60270667751827289
 0.091189587921087126
 -0.93013761930787031
 0.64819262069187789
 0.84797579643587995
 0.96849149417710867
 0.99847409117038255
 0.46550699135830681
 -0.42288870306631471
 -0.97733185259986499
 -0.75998219468248429
 0.057520614988206521
 -0.32037957928655969
 -0.59162761605977232
 -0.80757120990081976
 -0.94802428457192678
 -0.9998575018847834
 -0.64467978024643724
 0.21845776152962559
 0.90908058516579637
 0.8818081973056815
 0.15817743084431238
 0.25127553137023834
 -0.99373060737930219
 0.76296659435509939
 0.92262657540312143
 0.99604083802624588
 0.79378135772453473
 0.86538522478011948
 -0.79842508030578996
 -0.96250208824059569
 -0.36649726022122142
 0.5189281455033995
 0.99455926362965252
 -0.71439393018262132
 -0.89243045547475575
 -0.88540115604661895
 -0.90585685224972345
 -0.21096309853294973
 0.65052688516665591
 -0.48307112512406863
 -0.19593694714062365
 0.10951311640544466
 0.40472606164912256
 0.6621058348567973
 -0.049858050913987026
 0.76494721259890497
 0.99728780989863108
 0.92843705653776054
 0.77279742987957578
 -0.98753179411920244
 0.26610024882900052
 0.11256359432942846
 0.85916763922364559
 -0.60637424912365256
 -0.81829530004591811
 -0.9537233602852011
 -0.99999882230188708
 -0.60148131058103105
 0.27201278160118081
 -0.60393062484248683
 -0.33487961217098988
 -0.034524566527187259
 0.2690577826897263
 -0.98604036598681322
 -0.46414813962684615
 0.4242789487687742
 0.97765562399971406
 0.75898381154481431
 -0.059052735788742081
 -0.83045570966328242
 -0.94605304094091414
 0.10646160669493009
 -0.19894598283625273
 -0.48575640675906639
 0.64350579279766673
 -0.90058801035737768
 -0.90971891406342786
 -0.88108336773961071
 -0.8910413592107852
 -0.71224273251685499
 -0.46686474663636957
 -0.17784495966932298
 -0.37504925466358852
 0.42149746129340659
 0.6757944842168484
 0.0053715297560473045
 0.79934819172794036
 0.96208462205960266
 0.92143835717186395
 0.7609787877609705
 -0.9947179686701888
 0.24830337378897069
 -0.055988358703845706
 0.88611349812894491
 -0.62091521972729924
 0.20946266110028544
 -0.95909896399592787
 -0.99980097558199144
 -0.94704312407739244
 -0.8057571325940257
 0.94947927516166009
 -0.31747040782897623
 0.048325171352559641
 -0.76593482025537174
 -0.97534090919269134
 -0.41452642614610541
 0.47363696438451702
 0.98777222774170659
 0.96772249425417678
 0.84634488309812139
 0.64585224921887574
 0.38498633679420874
 -0.2616592559684634
 0.61002896648465676
 -0.50177110567169725
 -0.73967757338202433
 -0.90844011502318567
 -0.93126037583336918
 -0.98336891810956462
 -0.10188247042275954
 0.73031198170342548
 -0.45050002278269863
 -0.15969265296119067
 -0.42566819512619902
 0.43812590268212964
 -0.75798364069952995
 0.87595154858681679
 0.83130970592959941
 0.99390102147704307
 0.91412713582838767
 -0.56660648199307451
 0.51367074118914369
 0.23042228230537098
 0.22145204955192735
 0.9103551002125686
 0.88035646287310099
 -0.83890731960218134
 -0.69258243610723424
 -0.99926402882828158
 -0.9409691150517755
 -0.79471385035233399
 -0.57416995275079008
 0.79191076566087004
 0.0023020932183935843
 -0.80026942036837689
 -0.96166488978812192
 -0.36363965359780637
 0.94251761959052915
 0.99487433075577603
 0.68255314321866201
 -0.16877596188281066
 -0.88682375306288164
 -0.90455241285493049
 -0.20796173030008755
 -0.23490011927419616
 -0.51761562011456874
 -0.7519452059868672
 -0.32618883937625204
 -0.99439821600798184
 -0.97985750431784746
 -0.87372121466920871
 -0.68591080477393629
 0.97500104008487365
 -0.14148618368935256
 -0.47498807387394915
 -0.98801033476922906
 -0.72080705811183032
 0.11561301172658989
 0.86073421449037835
 0.92613903012995313
 0.906505872236266
 0.73657130166022011
 -0.99997055768587484
 0.21246303906392794
 -0.092717815718463617
 -0.38923155116934799
 0.85282053973501504
 -0.84878825808546021
 -0.73135951650067665
 -0.99838816415566412
 -0.93457595984954878
 -0.78340102697185532
 -0.55899496658575176
 -0.28233491333365301
 0.020717374963544161
 -0.83216174413215693
 -0.94505404449062247
 0.80847539639604582
 0.5678704142573785
 0.99894025871852765
 0.95778549015728354
 0.82615642793918065
 0.61729952884911965
 0.35073841575927878
 0.051390813039935278
 0.69368868033596887
 -0.53328457614273284
 0.5083939785619066
 -0.37789288814250754
 -0.96576012155713209
 -0.79097267063101617
 0.0084409156854071687
 -0.67239363004398134
 0.9612428924147971
 -0.12323172689716683
 -0.52285837562992521
 -0.99502834951811658
 0.71546700626009307
 0.17028847612566869
 0.88753191917548446
 0.90389699651915167
 0.89857715128068705
 0.72399073590500151
 0.48172677598880875
 0.19443173525695573
 -0.1110384861372592
 -0.40612900000404117
 0.82268196381360825
 0.045259074365704664
 -0.97326726303900257
 -0.9746588744632797
 -0.41173115446567415
 -0.77182249939500824
 0.98824611464094247
 0.71974243327150733
 0.039125630047652724
 -0.86151446198985537
 -0.92555906657122378
 -0.25869550669401586
 0.61245826520808466
 0.99995760315919946
 0.95232884322163303
 0.81564015632847064
 0.60270667751827289
 0.3334331020884379
 -0.098828507048008718
 0.73240532865648289
 0.98526328999226143
 0.46006503773119856
 -0.93013761930787031
 -0.97861311857772648
 -0.75597794531356421
 0.063648249201443158
 -0.65864840122301938
 -0.40051154007206008
 -0.10493547390374451
 0.20044979956074258
 -0.99900971917850867
 0.72821175405807848
