# Created by Octave 8.4.0, Thu Dec 11 09:16:06 2025 IST <gamana@Samsung>
# name: iq
# type: matrix
# rows: 2048
# columns: 1
 1
 0.95326076620586331
 0.81741217677477895
 0.60515314967079337
 -0.85680260336409175
 0.036058340503170451
 0.72610466550790553
 0.98679653937238487
 -0.7737705401199878
 -0.92900609941698054
 -0.97667740455693652
 -0.76197358843289098
 0.054455970544694823
 -0.66095491288473074
 -0.40332217000396425
 0.31892536915557507
 -0.56153743692579583
 0.48441433643541743
 0.72610466550790553
 0.2154614152901913
 0.98961189288312468
 0.98679653937238465
 0.1612074989385934
 0.71331917142438028
 -0.99406909454407066
 -0.51498691486160741
 0.37077718740857579
 0.9637408804343649
 -0.67466245436658678
 -0.00076736500861407635
 -0.97667740455693652
 -0.96333021840326272
 -0.36935141386161585
 -0.76197358843289098
 -0.53068550131166847
 -0.24978974675651788
 -0.16272196520846155
 -0.88397021715310997
 -0.90715275704229548
 -0.21396247916027278
 0.95866339707144232
 0.99983041623178193
 0.94753482023462876
 0.80666512125541268
 -0.94802428457192678
 0.31892536915557335
 -0.052923454120163547
 -0.28527816079509682
 0.97634672945533696
 -0.7853050539592259
 -0.46957695504264702
 -0.98704394936000728
 -0.72504855459477169
 -0.84716133746730915
 0.85759296924080952
 0.92843705653776321
 0.26610024882900735
 0.2154614152901913
 0.50044297299076146
 -0.60393062484249249
 0.26905778268971947
 0.9920916021661278
 0.98364649651042202
 0.10646160669493715
 -0.72715906615685078
 -0.98654680508791737
 -0.46686474663636957
 -0.14452409467834526
 0.97700577919626364
 0.7609787877609705
 -0.8752101648306293
 -0.98046585238934292
 -0.99406909454407066
 -0.31747040782898966
 -0.74991820004097443
 0.99863888959664804
 0.64585224921887574
 0.072835130888845759
 0.37077718740857579
 -0.88253094986404579
 -0.15969265296119067
 0.68925392602654534
 0.99932172244443662
 0.94148750121272873
 0.79564447111414049
 0.57542581511072144
 -0.79471385035234265
 0.0023020932183935843
 -0.30288023361216132
 -0.57668032211486553
 0.36792477034572635
 -0.94200366979757377
 -0.99439821600798184
 -0.96333021840326272
 0.1642360482036235
 0.8846867284937584
 -0.36935141386161252
 0.21246303906394182
 -0.64936051767992853
 0.51630187553582951
 0.75093258738581303
 0.91536727170487375
 0.99423482618450487
 0.82615642793918065
 0.87446671960772626
 -0.76395780318866069
 0.43536466339879998
 0.14300530760092806
 0.47093140178253623
 0.98728903446803762
 0.72399073590501128
 -0.88397021715310997
 -0.85838131514628069
 -0.99189780074717793
 -0.90715275704229548
 -0.73760846374062494
 -0.49911366156833592
 -0.21396247916026584
 -0.27053560075471322
 0.38781739206357746
 -0.85521581914818334
 -0.10493547390375864
 0.72821175405807848
 0.99847409117038255
 0.46550699135830681
 -0.42288870306631471
 -0.97733185259986499
 0.28380687130319676
 0.057520614988206521
 0.82959975734471325
 0.9465491972583544
 -0.80757120990081976
 -0.94802428457192678
 -0.99871776062003026
 -0.95822557211480941
 0.21845776152962559
 -0.61850621691532082
 0.8818081973056815
 -0.052923454120163547
 0.25127553137023834
 0.53198566524571467
 0.76296659435509939
 0.92262657540312143
 0.99604083802624588
 0.97634672945533696
 0.86538522478011948
 -0.79842508030578996
 0.41871200264625297
 0.1247546135053899
 -0.18086464573051755
 0.99455926362965252
 0.68479319633608504
 -0.89243045547475575
 -0.9870439493600085
 -0.98939008741680945
 -0.89924955625485847
 -0.72504855459477169
 -0.48307112512406863
 0.55772175493586962
 0.10951311640544466
 0.40472606164912256
 0.6621058348567973
 -0.049858050913987026
 0.97291362704571205
 0.99728780989863108
 0.41592259907073292
 0.77279742987957578
 0.54491788372008809
 -0.72293121193018939
 -0.037592029547473621
 -0.3377702626083236
 -0.60637424912365256
 -0.81829530004591811
 -0.6088121604017056
 -0.99998940073362763
 -0.9527959268197127
 -0.81652712817408524
 0.93070009365436368
 -0.33487961217098988
 0.10340909394795389
 -0.72926272673208903
 -0.98604036598681322
 -0.46414813962684615
 0.4242789487687742
 0.99750902515076378
 0.9721994811062209
 0.85601021937775568
 0.65980243410195294
 -0.94605304094091414
 -0.31455824529877263
 -0.19894598283625273
 -0.48575640675906639
 -0.72715906615685566
 -0.90058801035737768
 -0.90971891406342786
 -0.98654680508791737
 -0.8910413592107852
 0.69147456057248458
 -0.46686474663636957
 0.51103476725282548
 0.1277995015959035
 -0.96495924273552103
 0.6757944842168484
 0.0053715297560473045
 0.97700577919626508
 0.96208462205960266
 0.92143835717186395
 -0.52023944861085925
 -0.9947179686701888
 0.24830337378897069
 0.16726305010568898
 0.88611349812894491
 -0.62091521972729924
 0.20946266110028544
 -0.95909896399592787
 -0.9982092555350186
 -0.55644722963027093
 -0.8057571325940257
 0.94947927516166009
 0.82442307956011951
 -0.016113969322028313
 -0.76593482025537174
 -0.97534090919269134
 0.7862542940161692
 0.93620405186557298
 0.99863888959664804
 0.96772249425417678
 -0.11408843738974658
 -0.85995193962079575
 0.38498633679420874
 -0.2616592559684634
 0.61002896648465676
 -0.50177110567169725
 0.60025452691696923
 -0.90844011502318567
 -0.93126037583336918
 -0.98336891810956462
 -0.10188247042275954
 -0.69919534082601087
 -0.45050002278269863
 -0.15969265296119067
 -0.42566819512619902
 -0.97797709263318722
 -0.75798364069952995
 0.060584717496686646
 0.98076656270360296
 0.94555465629370727
 0.31310105095444601
 0.74890204634163549
 -0.99886844535843011
 0.23042228230537098
 -0.074365698426512916
 -0.37220208762835455
 0.88035646287310099
 0.15514587246881095
 -0.69258243610723424
 -0.99338275770275697
 -0.50971497319771586
 0.37647151477281421
 -0.57416995275079008
 -0.29995352783086127
 0.0023020932183935843
 -0.80026942036837689
 0.57793347080836122
 0.79750008827622731
 0.52154952634828522
 0.99487433075577603
 0.68255314321866201
 -0.16877596188281066
 0.63168301221953482
 -0.90455241285493049
 0.069773484752231343
 0.65285502065077339
 0.99811627435049122
 -0.7519452059868672
 -0.9159841062931755
 -0.99439821600798184
 -0.97985750431784746
 -0.046792177966206036
 -0.68591080477393629
 0.97500104008487365
 0.4131292768474466
 -0.47498807387394915
 -0.98801033476922906
 -0.72080705811183032
 0.8846867284937584
 0.86073421449037835
 0.92613903012995313
 0.2601776877420115
 0.73657130166022011
 -0.99997055768587484
 -0.59902632941566003
 0.27496521772261423
 -0.38923155116934799
 -0.64936051767992853
 -0.84878825808546021
 -0.96887257281824157
 -0.98552463682815961
 -0.93457595984954878
 0.42705643886636363
 -0.55899496658575176
 0.75698168450242054
 -0.06211655650361627
 0.32183303479668407
 0.59286423571776004
 -0.31164311913308568
 0.5678704142573785
 0.99988223247719876
 0.95778549015728354
 0.82615642793918065
 0.61729952884911965
 0.35073841575927878
 -0.15362954335073706
 -0.25276072413051021
 -0.53328457614273284
 -0.7639578031886699
 -0.37789288814250754
 -0.96576012155713209
 -0.79097267063101617
 -0.86461514160246733
 -0.67239363004398134
 -0.4173177923328662
 -0.12323172689716683
 0.18237385152714947
 -0.99502834951811658
 -0.68143070381530291
 0.89312185138248557
 0.88753191917548446
 0.90389699651915167
 0.89857715128068705
 -0.65401678316449274
 0.48172677598880875
 -0.55389425006308268
 -0.1110384861372592
 0.95043808879258174
 0.82268196381360825
 0.045259074365704664
 -0.76790462100639278
 -0.99717367862900375
 -0.41173115446567415
 -0.77182249939500824
 0.98824611464094247
 0.71974243327150733
 -0.11713731374898172
 0.33921439615447818
 -0.92555906657122378
 0.81917649590739106
 0.95418370796813667
 0.99999528921032244
 0.59779672096999548
 0.81564015632847064
 0.60270667751827289
 -0.85201809329117661
 0.032990711232170816
 -0.27053560075472688
 -0.5487726593549993
 -0.7757112907044148
 -0.42844367671940398
 -0.97861311857772648
 -0.75597794531356421
 -0.85521581914817602
 0.83301182226409876
 0.94455120671081727
 -0.10493547390374451
 0.20044979956074258
 -0.99900971917850867
 -0.63997474726332781
