# Created by Octave 8.4.0, Thu Dec 11 09:16:06 2025 IST <gamana@Samsung>
# name: iq
# type: matrix
# rows: 2048
# columns: 1
 1
 0.95326076620586331
 -0.26757933088703645
 -0.92900609941698054
 -0.85680260336409175
 -0.10798748872685082
 -0.26757933088703667
 -0.54620409646762802
 0.46822140226297015
 -0.92900609941698054
 -0.97667740455693652
 -0.76197358843289098
 0.054455970544694823
 0.82788199261989504
 -0.40332217000396425
 0.31892536915557507
 0.19744169751515539
 0.48441433643541743
 -0.64702319695337762
 0.89991984314001949
 0.9077975051441477
 0.88325162371234833
 0.1612074989385934
 0.71331917142438028
 -0.99406909454407066
 0.17935501392598432
 -0.126277206267076
 -0.42010522672696088
 0.7956444711141426
 -0.00076736500861407635
 -0.79657321781796042
 -0.99590323237511935
 -0.92203355216466776
 -0.76197358843289098
 -0.53068550131166847
 -0.24978974675651788
 -0.16272196520846155
 -0.88397021715310997
 0.61971144815431445
 -0.21396247916027278
 0.64819262069187789
 0.99983041623178193
 0.56026686158099936
 0.80666512125541268
 -0.94802428457192678
 -0.82702018425964863
 0.017648480643128749
 -0.28527816079509682
 0.97634672945533696
 -0.7853050539592259
 -0.93566355795921996
 -0.98704394936000728
 -0.96810813435476473
 -0.84716133746730915
 0.85759296924080952
 -0.38640231949417558
 0.26610024882900735
 0.2154614152901913
 0.50044297299076146
 0.73864388846083573
 0.9077975051441477
 0.9920916021661278
 0.85601021937775568
 0.88325162371234833
 0.70029174263479022
 -0.98654680508791737
 0.1612074989385934
 -0.14452409467834526
 0.97700577919626364
 0.7609787877609705
 -0.055988358703831516
 -0.82874185099002262
 -0.99406909454407066
 -0.91474828106395512
 0.56280668962743263
 -0.51498691486160741
 0.64585224921887574
 -0.21695984392310549
 -0.90844011502317967
 0.634059560632665
 -0.15969265296119067
 0.68925392602654534
 0.99932172244443662
 0.94148750121272873
 0.79564447111414049
 -0.96414927247383364
 0.30141723570001927
 0.0023020932183935843
 -0.30288023361216132
 -0.57668032211486553
 0.36792477034572635
 -0.51761562011455653
 -0.9993770622619782
 -0.96333021840326272
 -0.8372327419467338
 0.8846867284937584
 0.906505872236266
 -0.071304391795586203
 -0.64936051767992853
 -0.99838816415566489
 -0.55899496658575176
 0.91536727170487375
 0.99423482618450487
 0.82615642793918065
 0.87446671960772626
 0.68702679762006169
 -0.97601375467033502
 0.14300530760092806
 -0.16272196520846155
 -0.45323823806721858
 0.72399073590501128
 -0.88397021715310997
 -0.98392175803403514
 -0.92786582682140761
 -0.26462053999945312
 -0.73760846374062494
 0.99999528921032244
 0.60270667751827289
 -0.27053560075471322
 -0.93013761930787031
 -0.85521581914818334
 -0.10493547390375864
 0.96849149417710867
 0.98629474709482945
 0.46550699135830681
 0.78435396419772463
 -0.97733185259986499
 -0.75998219468248429
 -0.019182950395057383
 0.82959975734471325
 -0.59162761605977232
 -0.80757120990081976
 -0.94802428457192678
 -0.9998575018847834
 -0.64467978024643724
 0.21845776152962559
 0.90908058516579637
 -0.35217523621993413
 0.15817743084431238
 0.25127553137023834
 -0.99373060737930219
 0.76296659435509939
 0.92262657540312143
 0.99604083802624588
 0.79378135772453473
 -0.0038368160058314137
 -0.79842508030578996
 0.41871200264625297
 0.1247546135053899
 -0.18086464573051755
 -0.46957695504264702
 -0.71439393018262132
 -0.89243045547475575
 -0.88540115604661895
 -0.98939008741680945
 -0.89924955625485847
 -0.72504855459477169
 -0.48307112512406863
 0.55772175493586962
 0.10951311640544466
 -0.94899651318043343
 -0.82529072569298034
 -0.049858050913987026
 0.76494721259890497
 0.97567848098621912
 0.92843705653776054
 -0.47228473929236653
 -0.98753179411920244
 0.26610024882900052
 0.11256359432942846
 -0.3377702626083236
 0.92729241161337761
 -0.81829530004591811
 -0.9537233602852011
 -0.99999882230188708
 -0.60148131058103105
 -0.81652712817408524
 0.93070009365436368
 -0.33487961217098988
 -0.034524566527187259
 0.2690577826897263
 0.54748902268809918
 0.77474182782419287
 0.4242789487687742
 0.99750902515076378
 0.75898381154481431
 -0.059052735788742081
 0.65980243410195294
 -0.94605304094091414
 -0.31455824529877263
 0.5653412151459779
 -0.48575640675906639
 0.64350579279766673
 -0.21995516458155873
 -0.98983136742132305
 -0.98654680508791737
 -0.8910413592107852
 -0.71224273251685499
 0.99355785265223773
 -0.17784495966932298
 0.1277995015959035
 0.42149746129340659
 -0.79284699542711268
 0.86691927435109684
 0.97700577919626508
 0.96208462205960266
 0.92143835717186395
 -0.52023944861085925
 0.52938408740299536
 0.24830337378897069
 -0.055988358703845706
 0.88611349812894491
 -0.62091521972729924
 0.20946266110028544
 -0.65169172040482393
 -0.9982092555350186
 -0.55644722963027093
 -0.8057571325940257
 0.94947927516166009
 0.82442307956011951
 -0.016113969322028313
 0.28674877834389367
 0.56280668962743263
 0.7862542940161692
 0.47363696438451702
 0.99863888959664804
 0.7218699851659488
 0.84634488309812139
 -0.85995193962079575
 -0.92671681226430636
 -0.2616592559684634
 0.61002896648465676
 0.99998115688567257
 -0.73967757338202433
 -0.27348932174976931
 -0.93126037583336918
 -0.98336891810956462
 -0.88253094986404579
 -0.69919534082601087
 0.98578366236304771
 0.46278819464259663
 0.14604254134424832
 -0.97797709263318722
 -0.75798364069952995
 0.87595154858681679
 0.98076656270360296
 0.94555465629370727
 0.31310105095444601
 0.74890204634163549
 0.51367074118914369
 -0.6423302896377806
 -0.074365698426512916
 0.9103551002125686
 -0.63524559604554065
 -0.83890731960218134
 -0.96414927247383364
 -0.99926402882828158
 -0.50971497319771586
 -0.79471385035233399
 0.96536081904994131
 -0.29995352783086127
 0.0023020932183935843
 0.3043425181213476
 -0.96166488978812192
 -0.36363965359780637
 0.94251761959052915
 0.99943004815055925
 0.68255314321866201
 -0.16877596188281066
 0.63168301221953482
 0.36792477034572635
 -0.20796173030008755
 -0.23490011927419616
 0.99811627435049122
 0.55517139367099122
 -0.9159841062931755
 -0.94995980074298558
 -0.82355349158424873
 -0.87372121466920871
 0.76692062383185378
 -0.43398250394614873
 0.4131292768474466
 -0.47498807387394915
 0.4546057459877848
 0.70247959528018322
 0.8846867284937584
 0.86073421449037835
 0.99170166301589102
 0.906505872236266
 0.73657130166022011
 -0.99997055768587484
 0.21246303906392794
 0.27496521772261423
 0.93181846452520023
 0.85282053973501504
 0.10035560692400715
 -0.73135951650067665
 -0.99838816415566412
 -0.93457595984954878
 -0.78340102697185532
 0.97829625774311346
 -0.28233491333365301
 -0.06211655650361627
 -0.83216174413215693
 -0.94505404449062247
 -0.31164311913308568
 0.94851151593640592
 0.99988223247719876
 0.64115327353555451
 -0.22294841291494655
 0.61729952884911965
 0.35073841575927878
 -0.15362954335073706
 0.69368868033596887
 0.99320532294327812
 -0.7639578031886699
 -0.92321742549042496
 -0.96576012155713209
 -0.97601375467033502
 -0.86461514160246733
 0.80118876405724115
 -0.4173177923328662
 -0.12323172689716683
 -0.52285837562992521
 0.47093140178253623
 0.71546700626009307
 0.89312185138248557
 0.98728903446803762
 0.90389699651915167
 0.20646030966758724
 0.72399073590500151
 0.48172677598880875
 0.19443173525695573
 -0.1110384861372592
 0.95043808879258174
 0.82268196381360825
 -0.85838131514628802
 -0.76790462100639278
 -0.9746588744632797
 -0.41173115446567415
 0.47633806457826483
 -0.54363038747502812
 -0.26462053999945312
 0.039125630047652724
 0.33921439615447818
 0.60759392032490089
 -0.25869550669401586
 0.95418370796813667
 0.99995760315919946
 0.95232884322163303
 0.81564015632847064
 -0.93237435841533678
 0.3334331020884379
 -0.098828507048008718
 0.73240532865648289
 0.98526328999226143
 -0.7757112907044148
 -0.42844367671940398
 -0.97861311857772648
 -0.75597794531356421
 -0.85521581914817602
 -0.65864840122301938
 0.94455120671081727
 0.31018445326869876
 -0.56913300896187546
 -0.99900971917850867
 -0.63997474726332781
 0.22444425114614314
