# Created by Octave 8.4.0, Thu Dec 11 09:16:06 2025 IST <gamana@Samsung>
# name: iq
# type: matrix
# rows: 2048
# columns: 1
 1
 0.95326076620586331
 0.81741217677477895
 0.60515314967079337
 -0.85680260336409175
 0.036058340503170451
 -0.26757933088703667
 -0.54620409646762802
 0.46822140226297015
 -0.92900609941698054
 -0.97667740455693652
 -0.76197358843289098
 -0.85680260336409153
 0.82788199261989504
 -0.40332217000396425
 -0.10798748872685082
 -0.56153743692579583
 0.48441433643541743
 -0.64702319695337762
 0.2154614152901913
 0.98961189288312468
 0.98679653937238465
 0.89173695753970295
 -0.68814117224586857
 0.46822140226296938
 0.17935501392598432
 -0.126277206267076
 0.9637408804343649
 -0.67466245436658678
 -0.86615326963267925
 -0.97667740455693652
 -0.96333021840326272
 -0.36935141386161585
 0.51630187553582951
 0.99423482618450443
 -0.24978974675651788
 0.054455970544694823
 0.35361122716835897
 -0.90715275704229548
 0.82788199261989504
 0.95866339707144232
 0.99847409117038255
 0.56026686158099936
 0.80666512125541268
 -0.94802428457192678
 -0.82702018425964863
 0.017648480643128749
 -0.28527816079509682
 -0.56153743692579727
 -0.7853050539592259
 -0.46957695504264702
 -0.99855766638299481
 -0.72504855459477169
 -0.84716133746730915
 -0.64702319695337762
 -0.38640231949417558
 0.26610024882900735
 0.2154614152901913
 -0.99999882230188708
 -0.60393062484249249
 0.9077975051441477
 0.9920916021661278
 0.85601021937775568
 0.10646160669493715
 0.70029174263479022
 -0.98654680508791737
 -0.46686474663636957
 0.42149746129340016
 0.97700577919626364
 0.7609787877609705
 -0.8752101648306293
 -0.82874185099002262
 -0.94704312407739244
 -0.31747040782898966
 0.56280668962743263
 0.99863888959664804
 -0.23191544205296488
 -0.21695984392310549
 -0.90844011502317967
 0.634059560632665
 0.83807101776911563
 0.68925392602654534
 0.99932172244443662
 0.94148750121272873
 -0.37220208762835455
 0.57542581511072144
 -0.79471385035234265
 0.0023020932183935843
 0.79750008827622731
 -0.57668032211486553
 -0.79657321781796253
 -0.51761562011455653
 -0.9993770622619782
 -0.96333021840326272
 0.1642360482036235
 0.8846867284937584
 0.906505872236266
 0.21246303906394182
 -0.64936051767992853
 0.51630187553582951
 0.75093258738581303
 0.91536727170487375
 0.94851151593640137
 0.98016283268951387
 0.051390813039935278
 0.68702679762006169
 0.43536466339879998
 0.14300530760092806
 -0.16272196520846155
 0.98728903446803762
 -0.70138649497904204
 -0.1110384861372592
 -0.98392175803403514
 -0.99189780074717793
 -0.90715275704229548
 0.60759392032488957
 0.99999528921032244
 -0.21396247916026584
 -0.27053560075471322
 0.38781739206357746
 -0.85521581914818334
 -0.10493547390375864
 0.96849149417710867
 0.98629474709482945
 0.46550699135830681
 0.78435396419772463
 0.56026686158099936
 -0.75998219468248429
 0.057520614988206521
 0.82959975734471325
 -0.59162761605977232
 0.31601469873379551
 -0.94802428457192678
 -0.99871776062003026
 -0.95822557211480941
 -0.82702018425964863
 0.90908058516579637
 0.8818081973056815
 -0.052923454120163547
 -0.69036505634113388
 0.53198566524571467
 -0.51235335761857304
 0.3736261111647376
 0.99604083802624588
 0.79378135772453473
 0.86538522478011948
 -0.79842508030578996
 0.41871200264625297
 -0.36649726022122142
 -0.18086464573051755
 0.99455926362965252
 0.68479319633608504
 -0.1657497443578384
 -0.88540115604661895
 -0.98939008741680945
 -0.21096309853294973
 -0.72504855459477169
 -0.48307112512406863
 0.55772175493586962
 0.10951311640544466
 0.40472606164912256
 -0.82529072569298034
 0.85759296924080952
 0.97291362704571205
 0.97567848098621912
 0.41592259907073292
 0.77279742987957578
 0.54491788372008809
 -0.72293121193018939
 -0.037592029547473621
 -0.3377702626083236
 -0.60637424912365256
 0.26314020788369136
 -0.9537233602852011
 -0.99998940073362763
 -0.9527959268197127
 0.27201278160118081
 -0.60393062484248683
 0.85441940454650211
 0.10340909394795389
 0.2690577826897263
 0.54748902268809918
 -0.46414813962684615
 0.4242789487687742
 0.99750902515076378
 0.75898381154481431
 -0.059052735788742081
 -0.83045570966328242
 0.40191732837529215
 0.10646160669493009
 -0.19894598283625273
 -0.48575640675906639
 0.64350579279766673
 -0.90058801035737768
 -0.90971891406342786
 -0.98654680508791737
 -0.15666183615691048
 -0.71224273251685499
 0.99355785265223773
 -0.17784495966932298
 0.1277995015959035
 0.42149746129340659
 0.6757944842168484
 0.0053715297560473045
 0.79934819172794036
 0.9957632809772784
 0.36506888685045302
 0.7609787877609705
 -0.9947179686701888
 -0.68367397493892357
 0.16726305010568898
 0.88611349812894491
 -0.62091521972729924
 -0.82874185099002262
 -0.95909896399592787
 -0.99980097558199144
 -0.94704312407739244
 -0.8057571325940257
 -0.58915019910744659
 -0.31747040782897623
 0.048325171352559641
 -0.76593482025537174
 -0.97534090919269134
 0.7862542940161692
 0.93620405186557298
 0.98777222774170659
 0.7218699851659488
 -0.11408843738974658
 -0.85995193962079575
 0.38498633679420874
 0.088132491563609597
 -0.21695984392310549
 -0.50177110567169725
 -0.73967757338202433
 -0.90844011502318567
 -0.99228306681626133
 -0.85362097744857279
 -0.88253094986404579
 -0.69919534082601087
 0.98578366236304771
 -0.15969265296119067
 0.14604254134424832
 0.43812590268212964
 -0.75798364069952995
 0.87595154858681679
 0.83130970592959941
 0.94555465629370727
 0.91412713582838767
 0.74890204634163549
 0.51367074118914369
 0.23042228230537098
 0.22145204955192735
 0.9103551002125686
 -0.63524559604554065
 0.15514587246881095
 -0.96414927247383364
 -0.99338275770275697
 -0.9409691150517755
 0.37647151477281421
 -0.57416995275079008
 -0.29995352783086127
 0.0023020932183935843
 0.3043425181213476
 -0.96166488978812192
 -0.36363965359780637
 0.94251761959052915
 0.99487433075577603
 0.68255314321866201
 -0.16877596188281066
 0.63168301221953482
 -0.90455241285493049
 0.069773484752231343
 -0.23490011927419616
 0.99811627435049122
 0.55517139367099122
 -0.32618883937625204
 -0.99439821600798184
 -0.82355349158424873
 -0.87372121466920871
 -0.68591080477393629
 -0.43398250394614873
 0.4131292768474466
 0.16423604820363752
 -0.98801033476922906
 -0.72080705811183032
 0.11561301172658989
 0.98419470203205239
 0.92613903012995313
 0.906505872236266
 0.73657130166022011
 -0.99997055768587484
 -0.59902632941566003
 -0.092717815718463617
 0.93181846452520023
 0.85282053973501504
 0.10035560692400715
 -0.96887257281824157
 -0.98552463682815961
 -0.93457595984954878
 0.42705643886636363
 0.97829625774311346
 -0.28233491333365301
 -0.06211655650361627
 -0.83216174413215693
 -0.94505404449062247
 -0.31164311913308568
 0.5678704142573785
 0.99988223247719876
 0.64115327353555451
 0.82615642793918065
 0.61729952884911965
 -0.87962748441830119
 0.051390813039935278
 0.69368868033596887
 0.99320532294327812
 -0.7639578031886699
 -0.92321742549042496
 -0.99617609760654102
 -0.79097267063101617
 0.0084409156854071687
 -0.67239363004398134
 0.9612428924147971
 0.3622095638296921
 0.18237385152714947
 -0.99502834951811658
 0.71546700626009307
 0.17028847612566869
 0.88753191917548446
 0.90389699651915167
 0.89857715128068705
 -0.65401678316449274
 -0.99802094220665827
 0.19443173525695573
 -0.1110384861372592
 0.95043808879258174
 -0.66325519730728677
 0.045259074365704664
 -0.97326726303900257
 -0.9746588744632797
 -0.41173115446567415
 -0.77182249939500824
 0.98824611464094247
 -0.26462053999945312
 -0.11713731374898172
 -0.86151446198985537
 -0.92555906657122378
 -0.25869550669401586
 0.95418370796813667
 0.99999528921032244
 0.95232884322163303
 -0.27644046604345041
 -0.93237435841533678
 0.3334331020884379
 -0.098828507048008718
 0.73240532865648289
 0.98526328999226143
 0.46006503773119856
 -0.42844367671940398
 -0.97861311857772648
 -0.97183897284212029
 -0.85521581914817602
 0.83301182226409876
 0.94455120671081727
 -0.10493547390374451
 -0.56913300896187546
 -0.99900971917850867
 0.72821175405807848
 0.22444425114614314
