# Created by Octave 8.4.0, Thu Dec 11 09:16:06 2025 IST <gamana@Samsung>
# name: iq
# type: matrix
# rows: 2048
# columns: 1
 1
 0.95326076620586331
 -0.26757933088703645
 -0.92900609941698054
 -0.85680260336409175
 -0.10798748872685082
 -0.26757933088703667
 0.98679653937238487
 0.46822140226297015
 -0.92900609941698054
 -0.99739959216031482
 -0.76197358843289098
 -0.85680260336409153
 -0.66095491288473074
 0.94753482023462932
 0.31892536915557507
 -0.56153743692579583
 -0.9985576663829947
 0.72610466550790553
 0.2154614152901913
 0.9077975051441477
 0.88325162371234833
 0.89173695753970295
 0.71331917142438028
 -0.99406909454407066
 -0.51498691486160741
 -0.126277206267076
 -0.42010522672696088
 0.7956444711141426
 -0.00076736500861407635
 -0.79657321781796042
 -0.96333021840326272
 -0.92203355216466776
 -0.76197358843289098
 0.99423482618450443
 -0.24978974675651788
 0.054455970544694823
 -0.88397021715310997
 -0.90715275704229548
 -0.21396247916027278
 0.64819262069187789
 0.99847409117038255
 0.94753482023462876
 -0.32037957928655297
 0.59038960288433207
 -0.82702018425964863
 0.017648480643128749
 0.76296659435509484
 0.97634672945533696
 0.41871200264625297
 -0.93566355795921996
 -0.99855766638299481
 -0.72504855459477169
 0.10951311640544466
 -0.64702319695337762
 0.92843705653776321
 -0.089661145336106474
 -0.60637424912365256
 -0.99999882230188708
 -0.60393062484249249
 0.9077975051441477
 0.9920916021661278
 0.85601021937775568
 0.10646160669493715
 -0.72715906615685078
 0.45186966259101069
 0.1612074989385934
 -0.14452409467834526
 -0.43674579739516622
 -0.68814117224586857
 -0.055988358703831516
 -0.98046585238934292
 -0.94704312407739244
 -0.31747040782898966
 0.56280668962743263
 0.99863888959664804
 -0.23191544205296488
 -0.21695984392310549
 -0.90844011502317967
 -0.88253094986404579
 -0.15969265296119067
 0.68925392602654534
 0.99932172244443662
 0.94148750121272873
 0.79564447111414049
 0.57542581511072144
 -0.79471385035234265
 0.0023020932183935843
 -0.30288023361216132
 0.9629172873478028
 -0.79657321781796253
 -0.94200366979757377
 -0.9993770622619782
 -0.96333021840326272
 -0.8372327419467338
 -0.63287203175829598
 -0.36935141386161252
 -0.071304391795586203
 -0.64936051767992853
 -0.99838816415566489
 0.75093258738581303
 0.91536727170487375
 0.94851151593640137
 0.82615642793918065
 0.87446671960772626
 0.68702679762006169
 -0.97601375467033502
 0.14300530760092806
 -0.16272196520846155
 0.98728903446803762
 -0.70138649497904204
 -0.88397021715310997
 -0.85838131514628069
 -0.99189780074717793
 -0.90715275704229548
 -0.73760846374062494
 -0.49911366156833592
 -0.21396247916026584
 -0.27053560075471322
 -0.93013761930787031
 -0.85521581914818334
 -0.10493547390375864
 0.96849149417710867
 0.98629474709482945
 0.93512086019445517
 0.78435396419772463
 -0.97733185259986499
 0.28380687130319676
 -0.019182950395057383
 0.82959975734471325
 0.9465491972583544
 0.31601469873379551
 -0.94802428457192678
 -0.9998575018847834
 -0.95822557211480941
 0.21845776152962559
 0.90908058516579637
 0.8818081973056815
 -0.052923454120163547
 0.25127553137023834
 -0.99373060737930219
 -0.51235335761857304
 0.92262657540312143
 0.96455539355974218
 0.79378135772453473
 0.86538522478011948
 -0.79842508030578996
 0.41871200264625297
 0.1247546135053899
 -0.18086464573051755
 -0.46957695504264702
 0.68479319633608504
 -0.89243045547475575
 -0.88540115604661895
 -0.98939008741680945
 -0.89924955625485847
 0.65052688516665591
 0.99829988554123306
 -0.19593694714062365
 0.10951311640544466
 0.40472606164912256
 0.6621058348567973
 0.85759296924080952
 0.97291362704571205
 0.99728780989863108
 0.92843705653776054
 -0.47228473929236653
 0.54491788372008809
 0.26610024882900052
 0.11256359432942846
 0.85916763922364559
 -0.60637424912365256
 -0.81829530004591811
 -0.9537233602852011
 -0.99998940073362763
 -0.9527959268197127
 0.27201278160118081
 0.93070009365436368
 0.85441940454650211
 -0.034524566527187259
 -0.72926272673208903
 -0.98604036598681322
 -0.46414813962684615
 0.4242789487687742
 0.99750902515076378
 0.9721994811062209
 -0.059052735788742081
 0.65980243410195294
 -0.94605304094091414
 0.10646160669493009
 -0.19894598283625273
 -0.48575640675906639
 0.64350579279766673
 -0.21995516458155873
 -0.90971891406342786
 -0.98654680508791737
 -0.15666183615691048
 0.69147456057248458
 -0.46686474663636957
 0.51103476725282548
 0.1277995015959035
 0.42149746129340659
 -0.79284699542711268
 0.0053715297560473045
 0.97700577919626508
 0.96208462205960266
 0.92143835717186395
 -0.52023944861085925
 0.52938408740299536
 -0.68367397493892357
 0.16726305010568898
 0.88611349812894491
 0.90520569861137001
 -0.82874185099002262
 -0.65169172040482393
 -0.9982092555350186
 -0.55644722963027093
 0.32473766826230821
 0.94947927516166009
 -0.31747040782897623
 -0.016113969322028313
 -0.76593482025537174
 0.56280668962743263
 0.7862542940161692
 0.93620405186557298
 0.99863888959664804
 0.7218699851659488
 -0.11408843738974658
 -0.85995193962079575
 0.38498633679420874
 -0.2616592559684634
 -0.21695984392310549
 -0.50177110567169725
 -0.73967757338202433
 -0.27348932174976931
 -0.93126037583336918
 -0.85362097744857279
 -0.10188247042275954
 -0.69919534082601087
 0.98578366236304771
 -0.15969265296119067
 0.14604254134424832
 -0.97797709263318722
 -0.75798364069952995
 0.060584717496686646
 0.98076656270360296
 0.99390102147704307
 0.91412713582838767
 -0.56660648199307451
 0.51367074118914369
 -0.6423302896377806
 0.22145204955192735
 0.9103551002125686
 0.88035646287310099
 -0.83890731960218134
 -0.96414927247383364
 -0.99926402882828158
 -0.50971497319771586
 0.37647151477281421
 0.96536081904994131
 0.79191076566087004
 -0.0069062308541822806
 0.3043425181213476
 0.57793347080836122
 0.79750008827622731
 0.94251761959052915
 0.99487433075577603
 0.96291728734779902
 -0.16877596188281066
 0.63168301221953482
 0.36792477034572635
 -0.20796173030008755
 -0.23490011927419616
 0.99811627435049122
 0.55517139367099122
 -0.32618883937625204
 -0.99439821600798184
 -0.82355349158424873
 -0.046792177966206036
 0.76692062383185378
 -0.43398250394614873
 -0.14148618368935256
 -0.47498807387394915
 0.4546057459877848
 0.70247959528018322
 0.11561301172658989
 0.98419470203205239
 0.92613903012995313
 0.906505872236266
 0.73657130166022011
 -0.99997055768587484
 -0.59902632941566003
 -0.092717815718463617
 -0.38923155116934799
 0.85282053973501504
 -0.84878825808546021
 -0.73135951650067665
 -0.98552463682815961
 -0.93457595984954878
 -0.78340102697185532
 -0.55899496658575176
 0.75698168450242054
 -0.06211655650361627
 0.32183303479668407
 0.59286423571776004
 0.80847539639604582
 0.94851151593640592
 0.99894025871852765
 0.95778549015728354
 0.82615642793918065
 0.61729952884911965
 -0.87962748441830119
 -0.15362954335073706
 -0.25276072413051021
 0.99320532294327812
 -0.7639578031886699
 -0.92321742549042496
 -0.96576012155713209
 -0.79097267063101617
 0.0084409156854071687
 0.80118876405724115
 0.9612428924147971
 -0.12323172689716683
 -0.52285837562992521
 -0.99502834951811658
 -0.68143070381530291
 0.89312185138248557
 0.98728903446803762
 0.90389699651915167
 0.20646030966758724
 0.72399073590500151
 0.48172677598880875
 0.19443173525695573
 -0.1110384861372592
 -0.40612900000404117
 -0.66325519730728677
 -0.85838131514628802
 -0.76790462100639278
 -0.9746588744632797
 -0.41173115446567415
 0.47633806457826483
 0.98824611464094247
 -0.26462053999945312
 0.039125630047652724
 0.33921439615447818
 0.60759392032490089
 0.81917649590739106
 0.95418370796813667
 0.99995760315919946
 0.59779672096999548
 -0.27644046604345041
 -0.93237435841533678
 -0.85201809329117661
 0.032990711232170816
 0.73240532865648289
 -0.5487726593549993
 -0.7757112907044148
 -0.42844367671940398
 -0.97861311857772648
 -0.97183897284212029
 -0.85521581914817602
 0.83301182226409876
 0.94455120671081727
 -0.10493547390374451
 -0.56913300896187546
 -0.99900971917850867
 -0.63997474726332781
