# Created by Octave 8.4.0, Thu Dec 11 09:16:06 2025 IST <gamana@Samsung>
# name: iq
# type: matrix
# rows: 2048
# columns: 1
 1
 0.60515314967079348
 -0.26757933088703645
 0.60515314967079337
 0.336325333479365
 -0.10798748872685082
 0.72610466550790553
 0.98679653937238487
 0.46822140226297015
 -0.92900609941698054
 -0.99739959216031482
 -0.97255769945533388
 -0.85680260336409153
 0.82788199261989504
 -0.40332217000396425
 0.31892536915557507
 0.19744169751515539
 -0.9985576663829947
 -0.64702319695337762
 0.89991984314001949
 0.9077975051441477
 0.98679653937238465
 0.89173695753970295
 0.71331917142438028
 -0.99406909454407066
 0.17935501392598432
 0.37077718740857579
 -0.42010522672696088
 -0.67466245436658678
 -0.00076736500861407635
 -0.97667740455693652
 -0.99590323237511935
 -0.92203355216466776
 -0.76197358843289098
 -0.53068550131166847
 -0.24978974675651788
 -0.16272196520846155
 0.35361122716835897
 -0.90715275704229548
 -0.21396247916027278
 0.64819262069187789
 0.99983041623178193
 0.56026686158099936
 -0.32037957928655297
 0.59038960288433207
 0.31892536915557335
 -0.052923454120163547
 -0.28527816079509682
 0.97634672945533696
 0.41871200264625297
 -0.93566355795921996
 -0.99855766638299481
 -0.72504855459477169
 -0.84716133746730915
 -0.64702319695337762
 -0.38640231949417558
 0.26610024882900735
 -0.60637424912365256
 0.50044297299076146
 -0.60393062484249249
 0.26905778268971947
 0.9920916021661278
 0.98364649651042202
 0.88325162371234833
 -0.72715906615685078
 0.45186966259101069
 -0.46686474663636957
 0.42149746129340016
 -0.43674579739516622
 -0.68814117224586857
 -0.055988358703831516
 -0.98046585238934292
 -0.94704312407739244
 -0.31747040782898966
 0.56280668962743263
 -0.51498691486160741
 0.64585224921887574
 0.072835130888845759
 0.37077718740857579
 -0.88253094986404579
 -0.15969265296119067
 0.68925392602654534
 0.99932172244443662
 0.51367074118915579
 0.79564447111414049
 -0.96414927247383364
 0.30141723570001927
 -0.00076736500861407635
 0.79750008827622731
 0.9629172873478028
 0.36792477034572635
 -0.51761562011455653
 -0.9993770622619782
 -0.68591080477393629
 0.1642360482036235
 -0.63287203175829598
 0.906505872236266
 -0.071304391795586203
 0.23340805554780536
 0.51630187553582951
 -0.55899496658575176
 0.91536727170487375
 0.94851151593640137
 0.82615642793918065
 0.87446671960772626
 0.68702679762006169
 -0.97601375467033502
 -0.41731779233287913
 -0.16272196520846155
 -0.45323823806721858
 0.72399073590501128
 -0.88397021715310997
 -0.98392175803403514
 -0.92786582682140761
 -0.26462053999945312
 0.60759392032488957
 0.99999528921032244
 -0.21396247916026584
 0.091189587921087126
 -0.93013761930787031
 -0.85521581914818334
 -0.10493547390375864
 0.96849149417710867
 0.98629474709482945
 0.93512086019445517
 0.78435396419772463
 -0.97733185259986499
 0.28380687130319676
 -0.019182950395057383
 -0.32037957928655969
 -0.59162761605977232
 -0.80757120990081976
 -0.94802428457192678
 -0.99871776062003026
 -0.95822557211480941
 -0.82702018425964863
 -0.61850621691532082
 -0.35217523621993413
 -0.052923454120163547
 0.25127553137023834
 -0.99373060737930219
 0.76296659435509939
 0.3736261111647376
 0.96455539355974218
 0.79378135772453473
 -0.0038368160058314137
 0.67352883541892117
 -0.96250208824059569
 -0.36649726022122142
 0.5189281455033995
 -0.46957695504264702
 0.68479319633608504
 -0.89243045547475575
 -0.88540115604661895
 -0.90585685224972345
 -0.21096309853294973
 -0.72504855459477169
 -0.48307112512406863
 0.55772175493586962
 0.10951311640544466
 0.40472606164912256
 -0.82529072569298034
 0.85759296924080952
 0.76494721259890497
 0.99728780989863108
 0.92843705653776054
 -0.47228473929236653
 0.54491788372008809
 -0.72293121193018939
 0.11256359432942846
 -0.3377702626083236
 0.92729241161337761
 0.26314020788369136
 -0.6088121604017056
 -0.99999882230188708
 -0.60148131058103105
 -0.81652712817408524
 0.93070009365436368
 0.85441940454650211
 0.10340909394795389
 0.2690577826897263
 -0.98604036598681322
 -0.46414813962684615
 0.4242789487687742
 0.99750902515076378
 0.9721994811062209
 0.85601021937775568
 -0.83045570966328242
 0.40191732837529215
 -0.31455824529877263
 -0.19894598283625273
 0.99879427926736775
 -0.72715906615685566
 -0.21995516458155873
 -0.98983136742132305
 -0.98654680508791737
 -0.15666183615691048
 0.69147456057248458
 -0.46686474663636957
 -0.17784495966932298
 0.1277995015959035
 0.42149746129340659
 0.6757944842168484
 0.86691927435109684
 0.97700577919626508
 0.96208462205960266
 0.36506888685045302
 -0.52023944861085925
 0.52938408740299536
 0.24830337378897069
 0.16726305010568898
 0.88611349812894491
 0.90520569861137001
 0.20946266110028544
 -0.95909896399592787
 -0.9982092555350186
 -0.94704312407739244
 0.32473766826230821
 0.94947927516166009
 0.82442307956011951
 0.048325171352559641
 0.28674877834389367
 -0.97534090919269134
 -0.41452642614610541
 0.93620405186557298
 0.99863888959664804
 0.7218699851659488
 -0.11408843738974658
 -0.85995193962079575
 0.38498633679420874
 0.088132491563609597
 -0.21695984392310549
 -0.50177110567169725
 0.60025452691696923
 -0.27348932174976931
 -0.99228306681626133
 -0.85362097744857279
 -0.88253094986404579
 -0.69919534082601087
 0.98578366236304771
 0.46278819464259663
 0.14604254134424832
 -0.97797709263318722
 0.68925392602655566
 0.060584717496686646
 0.83130970592959941
 0.99390102147704307
 0.31310105095444601
 -0.56660648199307451
 -0.99886844535843011
 0.23042228230537098
 0.22145204955192735
 -0.37220208762835455
 -0.63524559604554065
 -0.83890731960218134
 -0.69258243610723424
 -0.99926402882828158
 -0.9409691150517755
 0.37647151477281421
 0.96536081904994131
 -0.29995352783086127
 -0.0069062308541822806
 -0.80026942036837689
 0.57793347080836122
 -0.36363965359780637
 0.52154952634828522
 0.99487433075577603
 0.68255314321866201
 -0.16877596188281066
 0.63168301221953482
 -0.90455241285493049
 -0.20796173030008755
 0.65285502065077339
 -0.51761562011456874
 0.55517139367099122
 -0.9159841062931755
 -0.99439821600798184
 -0.82355349158424873
 -0.046792177966206036
 0.76692062383185378
 -0.43398250394614873
 -0.14148618368935256
 -0.47498807387394915
 0.4546057459877848
 -0.72080705811183032
 0.8846867284937584
 0.98419470203205239
 0.99170166301589102
 0.906505872236266
 0.73657130166022011
 0.49778317453547566
 0.21246303906392794
 -0.092717815718463617
 0.93181846452520023
 0.85282053973501504
 -0.84878825808546021
 -0.73135951650067665
 -0.99838816415566412
 -0.46142715960880532
 0.42705643886636363
 -0.55899496658575176
 -0.28233491333365301
 -0.06211655650361627
 0.32183303479668407
 0.59286423571776004
 0.80847539639604582
 0.94851151593640592
 0.99988223247719876
 0.64115327353555451
 0.82615642793918065
 -0.9109891421147539
 -0.87962748441830119
 -0.15362954335073706
 0.69368868033596887
 0.99320532294327812
 0.5083939785619066
 -0.92321742549042496
 -0.96576012155713209
 -0.79097267063101617
 0.0084409156854071687
 -0.67239363004398134
 0.9612428924147971
 0.3622095638296921
 -0.52285837562992521
 -0.99502834951811658
 0.71546700626009307
 0.17028847612566869
 0.88753191917548446
 0.90389699651915167
 0.20646030966758724
 0.72399073590500151
 0.48172677598880875
 -0.55389425006308268
 -0.1110384861372592
 -0.40612900000404117
 -0.66325519730728677
 0.045259074365704664
 -0.76790462100639278
 -0.9746588744632797
 -0.92786582682140228
 -0.77182249939500824
 -0.54363038747502812
 0.71974243327150733
 0.039125630047652724
 -0.86151446198985537
 -0.92555906657122378
 -0.25869550669401586
 0.61245826520808466
 0.99999528921032244
 0.59779672096999548
 0.81564015632847064
 0.60270667751827289
 -0.85201809329117661
 -0.098828507048008718
 0.73240532865648289
 -0.5487726593549993
 -0.7757112907044148
 -0.42844367671940398
 -0.99761610861221961
 -0.97183897284212029
 0.063648249201443158
 -0.65864840122301938
 -0.40051154007206008
 -0.10493547390374451
 -0.56913300896187546
 -0.99900971917850867
 0.72821175405807848
