# Created by Octave 8.4.0, Thu Dec 11 09:16:06 2025 IST <gamana@Samsung>
# name: iq
# type: matrix
# rows: 2048
# columns: 1
 1
 0.95326076620586331
 -0.26757933088703645
 0.60515314967079337
 -0.85680260336409175
 0.036058340503170451
 -0.26757933088703667
 -0.54620409646762802
 0.46822140226297015
 -0.42010522672696088
 -0.97667740455693652
 -0.76197358843289098
 -0.85680260336409153
 0.82788199261989504
 -0.40332217000396425
 -0.10798748872685082
 0.19744169751515539
 0.48441433643541743
 -0.64702319695337762
 0.2154614152901913
 0.9077975051441477
 0.98679653937238465
 0.1612074989385934
 -0.68814117224586857
 0.46822140226296938
 0.17935501392598432
 -0.126277206267076
 -0.42010522672696088
 0.7956444711141426
 -0.00076736500861407635
 -0.97667740455693652
 -0.96333021840326272
 -0.36935141386161585
 -0.76197358843289098
 0.99423482618450443
 0.6870267976200668
 -0.16272196520846155
 -0.88397021715310997
 -0.90715275704229548
 -0.21396247916027278
 0.64819262069187789
 0.99847409117038255
 0.56026686158099936
 -0.32037957928655297
 0.59038960288433207
 -0.82702018425964863
 0.017648480643128749
 -0.28527816079509682
 -0.56153743692579727
 -0.7853050539592259
 -0.93566355795921996
 -0.99855766638299481
 -0.72504855459477169
 -0.84716133746730915
 0.85759296924080952
 -0.38640231949417558
 0.26610024882900735
 -0.60637424912365256
 0.50044297299076146
 -0.60393062484249249
 0.26905778268971947
 0.92957295411873897
 0.98364649651042202
 0.88325162371234833
 -0.72715906615685078
 0.45186966259101069
 -0.46686474663636957
 -0.14452409467834526
 0.97700577919626364
 0.7609787877609705
 -0.8752101648306293
 -0.82874185099002262
 -0.94704312407739244
 -0.91474828106395512
 -0.74991820004097443
 -0.51498691486160741
 0.64585224921887574
 -0.21695984392310549
 -0.90844011502317967
 -0.88253094986404579
 -0.15969265296119067
 0.68925392602654534
 0.99390102147704307
 0.94148750121272873
 -0.37220208762835455
 0.57542581511072144
 0.30141723570001927
 -0.00076736500861407635
 -0.30288023361216132
 -0.57668032211486553
 -0.79657321781796253
 -0.94200366979757377
 -0.99439821600798184
 -0.96333021840326272
 0.1642360482036235
 0.8846867284937584
 0.906505872236266
 -0.071304391795586203
 0.23340805554780536
 0.51630187553582951
 0.75093258738581303
 0.32183303479668407
 0.99423482618450487
 0.98016283268951387
 0.87446671960772626
 -0.76395780318866069
 0.43536466339879998
 -0.41731779233287913
 0.47093140178253623
 -0.45323823806721858
 -0.70138649497904204
 -0.1110384861372592
 -0.85838131514628069
 -0.99189780074717793
 -0.90715275704229548
 -0.73760846374062494
 0.99999528921032244
 -0.21396247916026584
 0.091189587921087126
 -0.93013761930787031
 -0.85521581914818334
 -0.10493547390375864
 0.96849149417710867
 0.99847409117038255
 0.46550699135830681
 -0.42288870306631471
 -0.97733185259986499
 -0.75998219468248429
 0.057520614988206521
 -0.32037957928655969
 -0.59162761605977232
 -0.80757120990081976
 -0.94802428457192678
 -0.99871776062003026
 -0.95822557211480941
 -0.82702018425964863
 -0.61850621691532082
 -0.35217523621993413
 0.15817743084431238
 0.25127553137023834
 -0.99373060737930219
 0.76296659435509939
 0.3736261111647376
 0.99604083802624588
 0.97634672945533696
 0.86538522478011948
 0.67352883541892117
 0.41871200264625297
 0.1247546135053899
 -0.18086464573051755
 0.99455926362965252
 0.68479319633608504
 -0.89243045547475575
 -0.88540115604661895
 -0.90585685224972345
 -0.89924955625485847
 0.65052688516665591
 0.99829988554123306
 0.55772175493586962
 -0.32328573226248619
 -0.94899651318043343
 -0.82529072569298034
 0.85759296924080952
 0.76494721259890497
 0.97567848098621912
 0.41592259907073292
 -0.47228473929236653
 -0.98753179411920244
 -0.72293121193018939
 -0.037592029547473621
 0.85916763922364559
 0.92729241161337761
 -0.81829530004591811
 -0.6088121604017056
 -0.99999882230188708
 -0.60148131058103105
 -0.81652712817408524
 0.93070009365436368
 0.85441940454650211
 0.10340909394795389
 -0.72926272673208903
 0.54748902268809918
 -0.46414813962684615
 0.92957295411873897
 0.99750902515076378
 0.9721994811062209
 0.85601021937775568
 -0.83045570966328242
 0.40191732837529215
 0.10646160669493009
 0.5653412151459779
 -0.48575640675906639
 0.64350579279766673
 -0.21995516458155873
 -0.90971891406342786
 -0.98654680508791737
 -0.15666183615691048
 0.69147456057248458
 -0.46686474663636957
 0.51103476725282548
 -0.37504925466358852
 -0.96495924273552103
 0.6757944842168484
 0.0053715297560473045
 0.79934819172794036
 0.96208462205960266
 0.92143835717186395
 0.7609787877609705
 0.52938408740299536
 0.24830337378897069
 0.16726305010568898
 -0.35504638522223064
 0.90520569861137001
 -0.82874185099002262
 -0.65169172040482393
 -0.9982092555350186
 -0.55644722963027093
 0.32473766826230821
 -0.58915019910744659
 0.82442307956011951
 -0.016113969322028313
 0.28674877834389367
 0.56280668962743263
 0.7862542940161692
 0.47363696438451702
 0.99863888959664804
 0.96772249425417678
 0.84634488309812139
 -0.85995193962079575
 0.38498633679420874
 0.088132491563609597
 -0.21695984392310549
 0.99998115688567257
 0.60025452691696923
 -0.27348932174976931
 -0.99228306681626133
 -0.98336891810956462
 -0.10188247042275954
 0.73031198170342548
 0.98578366236304771
 0.46278819464259663
 0.14604254134424832
 -0.97797709263318722
 -0.75798364069952995
 0.060584717496686646
 0.98076656270360296
 0.94555465629370727
 0.31310105095444601
 -0.56660648199307451
 0.51367074118914369
 0.23042228230537098
 0.22145204955192735
 -0.37220208762835455
 -0.63524559604554065
 0.15514587246881095
 -0.69258243610723424
 -0.99926402882828158
 -0.9409691150517755
 0.37647151477281421
 -0.57416995275079008
 0.79191076566087004
 -0.0069062308541822806
 -0.80026942036837689
 -0.96166488978812192
 0.79750008827622731
 0.94251761959052915
 0.99487433075577603
 0.96291728734779902
 -0.16877596188281066
 0.63168301221953482
 0.36792477034572635
 0.069773484752231343
 -0.23490011927419616
 0.99811627435049122
 0.55517139367099122
 -0.9159841062931755
 -0.99439821600798184
 -0.97985750431784746
 -0.046792177966206036
 0.76692062383185378
 0.97500104008487365
 0.4131292768474466
 0.16423604820363752
 0.4546057459877848
 -0.72080705811183032
 0.8846867284937584
 0.98419470203205239
 0.99170166301589102
 0.2601776877420115
 0.73657130166022011
 -0.99997055768587484
 0.21246303906392794
 0.27496521772261423
 -0.38923155116934799
 -0.64936051767992853
 0.10035560692400715
 -0.96887257281824157
 -0.98552463682815961
 -0.46142715960880532
 0.42705643886636363
 0.97829625774311346
 0.75698168450242054
 0.020717374963544161
 0.32183303479668407
 -0.94505404449062247
 0.80847539639604582
 0.5678704142573785
 0.99894025871852765
 0.95778549015728354
 0.82615642793918065
 -0.9109891421147539
 -0.87962748441830119
 0.051390813039935278
 0.69368868033596887
 -0.53328457614273284
 0.5083939785619066
 -0.92321742549042496
 -0.96576012155713209
 -0.79097267063101617
 0.0084409156854071687
 0.80118876405724115
 0.9612428924147971
 -0.12323172689716683
 -0.52285837562992521
 0.47093140178253623
 -0.68143070381530291
 0.89312185138248557
 0.98728903446803762
 0.98916595154481612
 0.20646030966758724
 0.72399073590500151
 -0.99802094220665827
 -0.55389425006308268
 -0.1110384861372592
 0.95043808879258174
 0.82268196381360825
 -0.85838131514628802
 -0.97326726303900257
 -0.9746588744632797
 -0.92786582682140228
 0.47633806457826483
 0.98824611464094247
 0.71974243327150733
 -0.11713731374898172
 0.33921439615447818
 -0.92555906657122378
 0.81917649590739106
 0.61245826520808466
 0.99999528921032244
 0.59779672096999548
 -0.27644046604345041
 0.60270667751827289
 0.3334331020884379
 0.032990711232170816
 -0.27053560075472688
 0.98526328999226143
 0.46006503773119856
 -0.93013761930787031
 -0.97861311857772648
 -0.97183897284212029
 0.063648249201443158
 -0.65864840122301938
 -0.40051154007206008
 0.31018445326869876
 -0.56913300896187546
 0.4870973329339145
 0.72821175405807848
 0.22444425114614314
