# Created by Octave 8.4.0, Thu Dec 11 09:16:06 2025 IST <gamana@Samsung>
# name: iq
# type: matrix
# rows: 2048
# columns: 1
 1
 0.60515314967079348
 0.81741217677477895
 -0.92900609941698054
 0.336325333479365
 0.036058340503170451
 0.72610466550790553
 -0.54620409646762802
 0.46822140226297015
 -0.42010522672696088
 -0.99739959216031482
 -0.97255769945533388
 0.054455970544694823
 -0.66095491288473074
 0.94753482023462932
 0.31892536915557507
 0.19744169751515539
 -0.9985576663829947
 0.72610466550790553
 0.2154614152901913
 0.98961189288312468
 0.88325162371234833
 0.1612074989385934
 -0.68814117224586857
 -0.99406909454407066
 0.17935501392598432
 -0.126277206267076
 -0.42010522672696088
 -0.67466245436658678
 -0.00076736500861407635
 -0.97667740455693652
 -0.96333021840326272
 -0.36935141386161585
 0.51630187553582951
 -0.53068550131166847
 0.6870267976200668
 0.054455970544694823
 -0.88397021715310997
 0.61971144815431445
 -0.21396247916027278
 0.64819262069187789
 0.99983041623178193
 0.56026686158099936
 -0.32037957928655297
 0.59038960288433207
 -0.82702018425964863
 0.017648480643128749
 0.76296659435509484
 -0.56153743692579727
 0.41871200264625297
 -0.46957695504264702
 -0.98704394936000728
 -0.72504855459477169
 -0.84716133746730915
 -0.64702319695337762
 0.92843705653776321
 0.26610024882900735
 0.2154614152901913
 0.50044297299076146
 -0.60393062484249249
 0.9077975051441477
 0.9920916021661278
 0.98364649651042202
 0.10646160669493715
 0.70029174263479022
 0.45186966259101069
 0.1612074989385934
 -0.14452409467834526
 -0.43674579739516622
 0.7609787877609705
 -0.055988358703831516
 -0.98046585238934292
 -0.99406909454407066
 -0.31747040782898966
 0.56280668962743263
 0.99863888959664804
 -0.23191544205296488
 -0.21695984392310549
 0.37077718740857579
 -0.88253094986404579
 -0.15969265296119067
 0.9637408804343649
 0.99390102147704307
 0.94148750121272873
 0.79564447111414049
 -0.96414927247383364
 -0.79471385035234265
 0.0023020932183935843
 0.79750008827622731
 -0.57668032211486553
 0.36792477034572635
 -0.51761562011455653
 -0.9993770622619782
 -0.96333021840326272
 0.1642360482036235
 0.8846867284937584
 0.906505872236266
 -0.071304391795586203
 0.23340805554780536
 0.51630187553582951
 -0.55899496658575176
 0.91536727170487375
 0.94851151593640137
 0.98016283268951387
 0.87446671960772626
 0.68702679762006169
 0.43536466339879998
 0.14300530760092806
 0.47093140178253623
 -0.45323823806721858
 -0.70138649497904204
 -0.1110384861372592
 -0.98392175803403514
 -0.92786582682140761
 -0.90715275704229548
 0.60759392032488957
 0.99999528921032244
 0.60270667751827289
 -0.27053560075471322
 0.38781739206357746
 0.64819262069187789
 -0.10493547390375864
 0.72821175405807848
 0.98629474709482945
 0.93512086019445517
 -0.42288870306631471
 0.56026686158099936
 0.28380687130319676
 0.057520614988206521
 -0.32037957928655969
 -0.59162761605977232
 -0.80757120990081976
 -0.94802428457192678
 -0.99871776062003026
 -0.95822557211480941
 -0.82702018425964863
 -0.61850621691532082
 0.8818081973056815
 0.15817743084431238
 -0.69036505634113388
 -0.99373060737930219
 -0.51235335761857304
 0.92262657540312143
 0.96455539355974218
 0.79378135772453473
 0.86538522478011948
 0.67352883541892117
 -0.96250208824059569
 -0.36649726022122142
 0.5189281455033995
 -0.46957695504264702
 -0.71439393018262132
 -0.1657497443578384
 -0.88540115604661895
 -0.98939008741680945
 -0.89924955625485847
 0.65052688516665591
 0.99829988554123306
 0.55772175493586962
 -0.32328573226248619
 0.40472606164912256
 0.6621058348567973
 -0.049858050913987026
 0.97291362704571205
 0.99728780989863108
 0.41592259907073292
 0.77279742987957578
 0.54491788372008809
 -0.72293121193018939
 -0.037592029547473621
 -0.3377702626083236
 -0.60637424912365256
 0.26314020788369136
 -0.6088121604017056
 -0.99998940073362763
 -0.9527959268197127
 0.27201278160118081
 0.93070009365436368
 0.85441940454650211
 0.10340909394795389
 -0.72926272673208903
 0.54748902268809918
 0.77474182782419287
 0.4242789487687742
 0.97765562399971406
 0.9721994811062209
 -0.059052735788742081
 -0.83045570966328242
 -0.94605304094091414
 -0.31455824529877263
 0.5653412151459779
 0.99879427926736775
 0.64350579279766673
 -0.90058801035737768
 -0.98983136742132305
 -0.98654680508791737
 -0.15666183615691048
 0.69147456057248458
 -0.46686474663636957
 0.51103476725282548
 0.1277995015959035
 0.42149746129340659
 0.6757944842168484
 0.0053715297560473045
 0.97700577919626508
 0.96208462205960266
 0.36506888685045302
 0.7609787877609705
 0.52938408740299536
 -0.68367397493892357
 0.16726305010568898
 -0.35504638522223064
 0.90520569861137001
 0.20946266110028544
 -0.65169172040482393
 -0.99980097558199144
 -0.55644722963027093
 0.32473766826230821
 0.94947927516166009
 -0.31747040782897623
 0.048325171352559641
 0.28674877834389367
 0.56280668962743263
 -0.41452642614610541
 0.47363696438451702
 0.98777222774170659
 0.96772249425417678
 -0.11408843738974658
 -0.85995193962079575
 0.38498633679420874
 0.088132491563609597
 0.61002896648465676
 0.99998115688567257
 0.60025452691696923
 -0.90844011502318567
 -0.93126037583336918
 -0.98336891810956462
 -0.88253094986404579
 0.73031198170342548
 -0.45050002278269863
 0.46278819464259663
 -0.42566819512619902
 -0.97797709263318722
 0.68925392602655566
 0.060584717496686646
 0.98076656270360296
 0.99390102147704307
 0.91412713582838767
 0.74890204634163549
 0.51367074118914369
 0.23042228230537098
 0.22145204955192735
 0.9103551002125686
 0.88035646287310099
 -0.83890731960218134
 -0.96414927247383364
 -0.99338275770275697
 -0.9409691150517755
 0.37647151477281421
 0.96536081904994131
 0.79191076566087004
 0.0023020932183935843
 0.3043425181213476
 0.57793347080836122
 0.79750008827622731
 0.94251761959052915
 0.99487433075577603
 0.68255314321866201
 0.83639249410950756
 0.63168301221953482
 0.36792477034572635
 0.069773484752231343
 -0.23490011927419616
 -0.51761562011456874
 0.55517139367099122
 -0.9159841062931755
 -0.94995980074298558
 -0.82355349158424873
 -0.87372121466920871
 -0.68591080477393629
 0.97500104008487365
 -0.14148618368935256
 -0.47498807387394915
 0.4546057459877848
 0.70247959528018322
 0.11561301172658989
 0.86073421449037835
 0.99170166301589102
 0.2601776877420115
 -0.61124433570766012
 -0.99997055768587484
 -0.59902632941566003
 0.27496521772261423
 0.93181846452520023
 0.85282053973501504
 -0.84878825808546021
 -0.73135951650067665
 -0.98552463682815961
 -0.93457595984954878
 0.42705643886636363
 -0.55899496658575176
 0.75698168450242054
 -0.06211655650361627
 -0.83216174413215693
 -0.94505404449062247
 -0.31164311913308568
 0.94851151593640592
 0.99894025871852765
 0.64115327353555451
 -0.22294841291494655
 -0.9109891421147539
 0.35073841575927878
 -0.15362954335073706
 0.69368868033596887
 0.99320532294327812
 -0.7639578031886699
 -0.92321742549042496
 -0.96576012155713209
 -0.79097267063101617
 0.0084409156854071687
 -0.67239363004398134
 -0.4173177923328662
 0.3622095638296921
 -0.52285837562992521
 0.47093140178253623
 0.71546700626009307
 0.17028847612566869
 0.98728903446803762
 0.98916595154481612
 0.20646030966758724
 -0.65401678316449274
 0.48172677598880875
 -0.55389425006308268
 -0.1110384861372592
 0.95043808879258174
 -0.66325519730728677
 -0.85838131514628802
 -0.97326726303900257
 -0.9746588744632797
 -0.92786582682140228
 -0.77182249939500824
 0.98824611464094247
 -0.26462053999945312
 0.039125630047652724
 -0.86151446198985537
 0.60759392032490089
 0.81917649590739106
 0.95418370796813667
 0.99999528921032244
 0.95232884322163303
 -0.27644046604345041
 -0.93237435841533678
 -0.85201809329117661
 0.032990711232170816
 -0.27053560075472688
 -0.5487726593549993
 0.46006503773119856
 -0.93013761930787031
 -0.97861311857772648
 -0.75597794531356421
 0.063648249201443158
 -0.65864840122301938
 -0.40051154007206008
 0.31018445326869876
 -0.56913300896187546
 0.4870973329339145
 0.72821175405807848
 0.22444425114614314
