# Created by Octave 8.4.0, Thu Dec 11 09:16:06 2025 IST <gamana@Samsung>
# name: iq
# type: matrix
# rows: 2048
# columns: 1
 1
 0.60515314967079348
 0.81741217677477895
 0.60515314967079337
 -0.85680260336409175
 0.036058340503170451
 -0.26757933088703667
 -0.54620409646762802
 0.46822140226297015
 -0.92900609941698054
 -0.97667740455693652
 -0.76197358843289098
 0.054455970544694823
 -0.66095491288473074
 0.94753482023462932
 0.31892536915557507
 -0.56153743692579583
 0.48441433643541743
 -0.64702319695337762
 0.2154614152901913
 0.9077975051441477
 0.88325162371234833
 0.1612074989385934
 -0.68814117224586857
 0.46822140226296938
 -0.51498691486160741
 -0.126277206267076
 0.9637408804343649
 -0.67466245436658678
 -0.86615326963267925
 -0.79657321781796042
 -0.99590323237511935
 -0.92203355216466776
 -0.76197358843289098
 -0.53068550131166847
 -0.24978974675651788
 0.054455970544694823
 -0.88397021715310997
 -0.90715275704229548
 0.82788199261989504
 0.95866339707144232
 0.99847409117038255
 0.56026686158099936
 -0.32037957928655297
 0.59038960288433207
 0.31892536915557335
 -0.052923454120163547
 0.76296659435509484
 0.97634672945533696
 -0.7853050539592259
 -0.46957695504264702
 -0.99855766638299481
 -0.96810813435476473
 0.10951311640544466
 0.85759296924080952
 0.92843705653776321
 -0.089661145336106474
 0.2154614152901913
 0.50044297299076146
 -0.60393062484249249
 0.9077975051441477
 0.9920916021661278
 0.98364649651042202
 0.10646160669493715
 -0.72715906615685078
 -0.98654680508791737
 0.1612074989385934
 0.42149746129340016
 0.97700577919626364
 -0.68814117224586857
 -0.8752101648306293
 -0.82874185099002262
 -0.94704312407739244
 -0.91474828106395512
 0.56280668962743263
 0.99863888959664804
 0.64585224921887574
 0.072835130888845759
 -0.90844011502317967
 -0.88253094986404579
 -0.15969265296119067
 0.68925392602654534
 0.99932172244443662
 0.51367074118915579
 0.79564447111414049
 -0.96414927247383364
 -0.79471385035234265
 0.0023020932183935843
 -0.30288023361216132
 -0.57668032211486553
 0.36792477034572635
 -0.94200366979757377
 -0.99439821600798184
 -0.96333021840326272
 -0.8372327419467338
 0.8846867284937584
 -0.36935141386161252
 0.21246303906394182
 0.23340805554780536
 0.51630187553582951
 0.75093258738581303
 0.32183303479668407
 0.94851151593640137
 0.82615642793918065
 0.051390813039935278
 -0.76395780318866069
 -0.97601375467033502
 -0.41731779233287913
 0.47093140178253623
 0.98728903446803762
 -0.70138649497904204
 -0.88397021715310997
 -0.98392175803403514
 -0.99189780074717793
 -0.90715275704229548
 -0.73760846374062494
 0.99999528921032244
 0.60270667751827289
 0.091189587921087126
 0.38781739206357746
 -0.85521581914818334
 -0.10493547390375864
 0.72821175405807848
 0.98629474709482945
 0.46550699135830681
 0.78435396419772463
 -0.97733185259986499
 -0.75998219468248429
 0.057520614988206521
 -0.32037957928655969
 0.9465491972583544
 -0.80757120990081976
 -0.56407461669631687
 -0.99871776062003026
 -0.64467978024643724
 -0.82702018425964863
 -0.61850621691532082
 -0.35217523621993413
 -0.052923454120163547
 0.25127553137023834
 0.53198566524571467
 0.76296659435509939
 0.3736261111647376
 0.99604083802624588
 0.97634672945533696
 0.86538522478011948
 -0.79842508030578996
 -0.96250208824059569
 0.1247546135053899
 -0.18086464573051755
 -0.46957695504264702
 0.68479319633608504
 -0.1657497443578384
 -0.9870439493600085
 -0.98939008741680945
 -0.89924955625485847
 -0.72504855459477169
 -0.48307112512406863
 -0.19593694714062365
 0.10951311640544466
 -0.94899651318043343
 -0.82529072569298034
 -0.049858050913987026
 0.97291362704571205
 0.99728780989863108
 0.92843705653776054
 0.77279742987957578
 0.54491788372008809
 0.26610024882900052
 -0.037592029547473621
 -0.3377702626083236
 -0.60637424912365256
 0.26314020788369136
 -0.6088121604017056
 -0.99999882230188708
 -0.9527959268197127
 0.27201278160118081
 -0.60393062484248683
 -0.33487961217098988
 0.10340909394795389
 -0.72926272673208903
 -0.98604036598681322
 0.77474182782419287
 0.4242789487687742
 0.99750902515076378
 0.75898381154481431
 -0.059052735788742081
 -0.83045570966328242
 0.40191732837529215
 -0.31455824529877263
 0.5653412151459779
 0.99879427926736775
 -0.72715906615685566
 -0.90058801035737768
 -0.90971891406342786
 -0.88108336773961071
 -0.8910413592107852
 0.69147456057248458
 0.99355785265223773
 -0.17784495966932298
 -0.37504925466358852
 0.42149746129340659
 -0.79284699542711268
 0.86691927435109684
 0.79934819172794036
 0.9957632809772784
 0.36506888685045302
 -0.52023944861085925
 -0.9947179686701888
 -0.68367397493892357
 0.16726305010568898
 0.88611349812894491
 -0.62091521972729924
 0.20946266110028544
 -0.95909896399592787
 -0.99980097558199144
 -0.55644722963027093
 0.32473766826230821
 0.94947927516166009
 0.82442307956011951
 0.048325171352559641
 0.28674877834389367
 0.56280668962743263
 0.7862542940161692
 0.47363696438451702
 0.99863888959664804
 0.96772249425417678
 0.84634488309812139
 0.64585224921887574
 0.38498633679420874
 0.088132491563609597
 0.61002896648465676
 -0.50177110567169725
 0.60025452691696923
 -0.27348932174976931
 -0.99228306681626133
 -0.85362097744857279
 -0.10188247042275954
 0.73031198170342548
 0.98578366236304771
 -0.15969265296119067
 0.14604254134424832
 0.43812590268212964
 0.68925392602655566
 0.87595154858681679
 0.83130970592959941
 0.99390102147704307
 0.31310105095444601
 -0.56660648199307451
 0.51367074118914369
 -0.6423302896377806
 -0.074365698426512916
 -0.37220208762835455
 -0.63524559604554065
 -0.83890731960218134
 -0.69258243610723424
 -0.99338275770275697
 -0.9409691150517755
 0.37647151477281421
 0.96536081904994131
 -0.29995352783086127
 -0.0069062308541822806
 -0.80026942036837689
 0.57793347080836122
 -0.36363965359780637
 0.52154952634828522
 0.99487433075577603
 0.68255314321866201
 -0.16877596188281066
 -0.88682375306288164
 -0.90455241285493049
 0.069773484752231343
 -0.23490011927419616
 0.99811627435049122
 0.55517139367099122
 -0.32618883937625204
 -0.99439821600798184
 -0.97985750431784746
 -0.87372121466920871
 -0.68591080477393629
 0.97500104008487365
 -0.14148618368935256
 0.16423604820363752
 0.4546057459877848
 -0.72080705811183032
 0.11561301172658989
 0.98419470203205239
 0.99170166301589102
 0.2601776877420115
 -0.61124433570766012
 0.49778317453547566
 0.21246303906392794
 0.27496521772261423
 0.93181846452520023
 0.85282053973501504
 0.10035560692400715
 -0.73135951650067665
 -0.99838816415566412
 -0.93457595984954878
 0.42705643886636363
 0.97829625774311346
 -0.28233491333365301
 -0.06211655650361627
 0.32183303479668407
 0.59286423571776004
 -0.31164311913308568
 0.94851151593640592
 0.99894025871852765
 0.95778549015728354
 -0.22294841291494655
 -0.9109891421147539
 0.35073841575927878
 -0.15362954335073706
 -0.25276072413051021
 0.99320532294327812
 0.5083939785619066
 -0.92321742549042496
 -0.99617609760654102
 -0.97601375467033502
 -0.86461514160246733
 0.80118876405724115
 -0.4173177923328662
 -0.12323172689716683
 -0.52285837562992521
 -0.99502834951811658
 0.71546700626009307
 0.17028847612566869
 0.98728903446803762
 0.98916595154481612
 0.20646030966758724
 0.72399073590500151
 -0.99802094220665827
 0.19443173525695573
 -0.1110384861372592
 0.95043808879258174
 0.82268196381360825
 0.045259074365704664
 -0.76790462100639278
 -0.9746588744632797
 -0.41173115446567415
 0.47633806457826483
 -0.54363038747502812
 0.71974243327150733
 -0.11713731374898172
 0.33921439615447818
 0.60759392032490089
 -0.25869550669401586
 0.61245826520808466
 0.99999528921032244
 0.59779672096999548
 -0.27644046604345041
 -0.93237435841533678
 -0.85201809329117661
 -0.098828507048008718
 0.73240532865648289
 0.98526328999226143
 -0.7757112907044148
 -0.93013761930787031
 -0.97861311857772648
 -0.97183897284212029
 -0.85521581914817602
 0.83301182226409876
 0.94455120671081727
 0.31018445326869876
 -0.56913300896187546
 -0.99900971917850867
 0.72821175405807848
 0.9012540563331356
