# Created by Octave 8.4.0, Thu Dec 11 09:16:06 2025 IST <gamana@Samsung>
# name: iq
# type: matrix
# rows: 2048
# columns: 1
 1
 0.95326076620586331
 0.81741217677477895
 -0.92900609941698054
 -0.85680260336409175
 0.036058340503170451
 0.72610466550790553
 0.98679653937238487
 0.46822140226297015
 -0.42010522672696088
 -0.99739959216031482
 -0.97255769945533388
 -0.85680260336409153
 0.82788199261989504
 0.94753482023462932
 0.31892536915557507
 0.19744169751515539
 -0.9985576663829947
 -0.64702319695337762
 0.89991984314001949
 0.9077975051441477
 0.98679653937238465
 0.1612074989385934
 0.71331917142438028
 -0.99406909454407066
 0.17935501392598432
 0.37077718740857579
 0.9637408804343649
 -0.67466245436658678
 -0.86615326963267925
 -0.79657321781796042
 -0.99590323237511935
 -0.36935141386161585
 0.51630187553582951
 0.99423482618450443
 0.6870267976200668
 -0.16272196520846155
 -0.88397021715310997
 -0.90715275704229548
 0.82788199261989504
 0.64819262069187789
 0.99983041623178193
 0.94753482023462876
 0.80666512125541268
 0.59038960288433207
 -0.82702018425964863
 0.017648480643128749
 -0.28527816079509682
 0.97634672945533696
 -0.7853050539592259
 -0.46957695504264702
 -0.98704394936000728
 -0.72504855459477169
 0.10951311640544466
 0.85759296924080952
 0.92843705653776321
 0.26610024882900735
 -0.60637424912365256
 -0.99999882230188708
 0.73864388846083573
 0.26905778268971947
 0.92957295411873897
 0.98364649651042202
 0.88325162371234833
 -0.72715906615685078
 0.45186966259101069
 0.1612074989385934
 -0.14452409467834526
 -0.43674579739516622
 0.7609787877609705
 -0.055988358703831516
 -0.82874185099002262
 -0.94704312407739244
 -0.31747040782898966
 0.56280668962743263
 0.99863888959664804
 0.64585224921887574
 -0.21695984392310549
 -0.90844011502317967
 0.634059560632665
 0.83807101776911563
 0.9637408804343649
 0.99390102147704307
 0.94148750121272873
 0.79564447111414049
 -0.96414927247383364
 -0.79471385035234265
 0.0023020932183935843
 -0.30288023361216132
 -0.57668032211486553
 0.36792477034572635
 -0.94200366979757377
 -0.99439821600798184
 -0.96333021840326272
 0.1642360482036235
 -0.63287203175829598
 0.906505872236266
 0.21246303906394182
 -0.64936051767992853
 -0.99838816415566489
 0.75093258738581303
 0.91536727170487375
 0.94851151593640137
 0.82615642793918065
 0.051390813039935278
 0.68702679762006169
 0.43536466339879998
 0.14300530760092806
 0.47093140178253623
 -0.45323823806721858
 0.72399073590501128
 -0.1110384861372592
 -0.85838131514628069
 -0.99189780074717793
 -0.26462053999945312
 0.60759392032488957
 0.99999528921032244
 0.60270667751827289
 -0.27053560075471322
 0.38781739206357746
 0.64819262069187789
 -0.10493547390375864
 0.96849149417710867
 0.99847409117038255
 0.46550699135830681
 0.78435396419772463
 0.56026686158099936
 0.28380687130319676
 -0.019182950395057383
 -0.32037957928655969
 -0.59162761605977232
 -0.80757120990081976
 -0.56407461669631687
 -0.9998575018847834
 -0.64467978024643724
 0.21845776152962559
 -0.61850621691532082
 0.8818081973056815
 -0.052923454120163547
 0.25127553137023834
 0.53198566524571467
 0.76296659435509939
 0.92262657540312143
 0.96455539355974218
 0.97634672945533696
 -0.0038368160058314137
 -0.79842508030578996
 0.41871200264625297
 -0.36649726022122142
 -0.18086464573051755
 -0.46957695504264702
 -0.71439393018262132
 -0.89243045547475575
 -0.9870439493600085
 -0.90585685224972345
 -0.89924955625485847
 0.65052688516665591
 -0.48307112512406863
 -0.19593694714062365
 -0.32328573226248619
 -0.94899651318043343
 -0.82529072569298034
 0.85759296924080952
 0.76494721259890497
 0.97567848098621912
 0.41592259907073292
 -0.47228473929236653
 -0.98753179411920244
 0.26610024882900052
 -0.037592029547473621
 0.85916763922364559
 -0.60637424912365256
 -0.81829530004591811
 -0.9537233602852011
 -0.99999882230188708
 -0.9527959268197127
 -0.81652712817408524
 0.93070009365436368
 0.85441940454650211
 -0.034524566527187259
 0.2690577826897263
 -0.98604036598681322
 -0.46414813962684615
 0.92957295411873897
 0.97765562399971406
 0.9721994811062209
 0.85601021937775568
 -0.83045570966328242
 -0.94605304094091414
 -0.31455824529877263
 -0.19894598283625273
 0.99879427926736775
 0.64350579279766673
 -0.21995516458155873
 -0.98983136742132305
 -0.98654680508791737
 -0.15666183615691048
 0.69147456057248458
 -0.46686474663636957
 0.51103476725282548
 -0.37504925466358852
 0.42149746129340659
 0.6757944842168484
 0.0053715297560473045
 0.79934819172794036
 0.9957632809772784
 0.36506888685045302
 -0.52023944861085925
 0.52938408740299536
 0.24830337378897069
 -0.055988358703845706
 -0.35504638522223064
 -0.62091521972729924
 0.20946266110028544
 -0.65169172040482393
 -0.99980097558199144
 -0.94704312407739244
 0.32473766826230821
 -0.58915019910744659
 0.82442307956011951
 -0.016113969322028313
 0.28674877834389367
 -0.97534090919269134
 -0.41452642614610541
 0.93620405186557298
 0.99863888959664804
 0.7218699851659488
 0.84634488309812139
 -0.85995193962079575
 0.38498633679420874
 0.088132491563609597
 0.61002896648465676
 0.99998115688567257
 0.60025452691696923
 -0.90844011502318567
 -0.99228306681626133
 -0.98336891810956462
 -0.10188247042275954
 0.73031198170342548
 -0.45050002278269863
 -0.15969265296119067
 0.14604254134424832
 -0.97797709263318722
 -0.75798364069952995
 0.87595154858681679
 0.98076656270360296
 0.94555465629370727
 0.91412713582838767
 0.74890204634163549
 0.51367074118914369
 0.23042228230537098
 0.22145204955192735
 0.9103551002125686
 0.88035646287310099
 -0.83890731960218134
 -0.96414927247383364
 -0.99338275770275697
 -0.9409691150517755
 -0.79471385035233399
 0.96536081904994131
 0.79191076566087004
 0.0023020932183935843
 0.3043425181213476
 0.57793347080836122
 0.79750008827622731
 0.94251761959052915
 0.99943004815055925
 0.68255314321866201
 0.83639249410950756
 -0.88682375306288164
 0.36792477034572635
 0.069773484752231343
 -0.23490011927419616
 -0.51761562011456874
 0.55517139367099122
 -0.9159841062931755
 -0.99439821600798184
 -0.82355349158424873
 -0.87372121466920871
 0.76692062383185378
 0.97500104008487365
 0.4131292768474466
 -0.47498807387394915
 0.4546057459877848
 0.70247959528018322
 0.8846867284937584
 0.98419470203205239
 0.99170166301589102
 0.906505872236266
 0.73657130166022011
 0.49778317453547566
 0.21246303906392794
 0.27496521772261423
 0.93181846452520023
 -0.64936051767992853
 -0.84878825808546021
 -0.73135951650067665
 -0.98552463682815961
 -0.93457595984954878
 0.42705643886636363
 -0.55899496658575176
 -0.28233491333365301
 0.020717374963544161
 0.32183303479668407
 -0.94505404449062247
 -0.31164311913308568
 0.5678704142573785
 0.99894025871852765
 0.95778549015728354
 0.82615642793918065
 -0.9109891421147539
 0.35073841575927878
 -0.15362954335073706
 0.69368868033596887
 -0.53328457614273284
 -0.7639578031886699
 -0.92321742549042496
 -0.96576012155713209
 -0.97601375467033502
 0.0084409156854071687
 -0.67239363004398134
 -0.4173177923328662
 0.3622095638296921
 0.18237385152714947
 0.47093140178253623
 -0.68143070381530291
 0.17028847612566869
 0.98728903446803762
 0.98916595154481612
 0.89857715128068705
 0.72399073590500151
 -0.99802094220665827
 0.19443173525695573
 -0.1110384861372592
 -0.40612900000404117
 0.82268196381360825
 -0.85838131514628802
 -0.76790462100639278
 -0.9746588744632797
 -0.92786582682140228
 0.47633806457826483
 0.98824611464094247
 0.71974243327150733
 0.039125630047652724
 -0.86151446198985537
 0.60759392032490089
 -0.25869550669401586
 0.95418370796813667
 0.99995760315919946
 0.95232884322163303
 -0.27644046604345041
 -0.93237435841533678
 -0.85201809329117661
 -0.098828507048008718
 -0.27053560075472688
 0.98526328999226143
 -0.7757112907044148
 -0.42844367671940398
 -0.97861311857772648
 -0.97183897284212029
 0.063648249201443158
 -0.65864840122301938
 -0.40051154007206008
 0.31018445326869876
 0.20044979956074258
 -0.99900971917850867
 0.72821175405807848
 0.9012540563331356
