# Created by Octave 8.4.0, Thu Dec 11 09:16:06 2025 IST <gamana@Samsung>
# name: iq
# type: matrix
# rows: 2048
# columns: 1
 1
 0.60515314967079348
 -0.26757933088703645
 0.60515314967079337
 -0.85680260336409175
 -0.10798748872685082
 -0.26757933088703667
 0.98679653937238487
 -0.7737705401199878
 -0.42010522672696088
 -0.99739959216031482
 -0.76197358843289098
 -0.85680260336409153
 -0.66095491288473074
 0.94753482023462932
 0.31892536915557507
 0.19744169751515539
 0.48441433643541743
 -0.64702319695337762
 0.2154614152901913
 0.98961189288312468
 0.88325162371234833
 0.89173695753970295
 0.71331917142438028
 -0.99406909454407066
 -0.51498691486160741
 -0.126277206267076
 -0.42010522672696088
 -0.67466245436658678
 -0.86615326963267925
 -0.97667740455693652
 -0.96333021840326272
 -0.92203355216466776
 0.51630187553582951
 0.99423482618450443
 -0.24978974675651788
 0.054455970544694823
 -0.88397021715310997
 0.61971144815431445
 -0.21396247916027278
 0.64819262069187789
 0.99983041623178193
 0.94753482023462876
 -0.32037957928655297
 -0.94802428457192678
 -0.82702018425964863
 -0.052923454120163547
 -0.28527816079509682
 -0.56153743692579727
 0.41871200264625297
 -0.93566355795921996
 -0.98704394936000728
 -0.96810813435476473
 -0.84716133746730915
 -0.64702319695337762
 -0.38640231949417558
 0.26610024882900735
 -0.60637424912365256
 -0.99999882230188708
 -0.60393062484249249
 0.26905778268971947
 0.9920916021661278
 0.85601021937775568
 0.10646160669493715
 -0.72715906615685078
 -0.98654680508791737
 -0.46686474663636957
 0.42149746129340016
 0.97700577919626364
 -0.68814117224586857
 -0.8752101648306293
 -0.98046585238934292
 -0.99406909454407066
 -0.31747040782898966
 0.56280668962743263
 -0.51498691486160741
 0.64585224921887574
 0.072835130888845759
 0.37077718740857579
 -0.88253094986404579
 0.83807101776911563
 0.68925392602654534
 0.99390102147704307
 0.94148750121272873
 0.79564447111414049
 0.57542581511072144
 -0.79471385035234265
 0.0023020932183935843
 -0.30288023361216132
 0.9629172873478028
 0.36792477034572635
 -0.94200366979757377
 -0.99439821600798184
 -0.96333021840326272
 0.1642360482036235
 -0.63287203175829598
 0.906505872236266
 -0.071304391795586203
 0.23340805554780536
 -0.99838816415566489
 -0.55899496658575176
 0.91536727170487375
 0.99423482618450487
 0.98016283268951387
 0.87446671960772626
 0.68702679762006169
 -0.97601375467033502
 0.14300530760092806
 0.47093140178253623
 -0.45323823806721858
 -0.70138649497904204
 -0.1110384861372592
 -0.98392175803403514
 -0.92786582682140761
 -0.90715275704229548
 -0.73760846374062494
 -0.49911366156833592
 0.60270667751827289
 0.091189587921087126
 -0.93013761930787031
 -0.85521581914818334
 0.84797579643587995
 0.96849149417710867
 0.98629474709482945
 0.93512086019445517
 -0.42288870306631471
 -0.97733185259986499
 -0.75998219468248429
 -0.019182950395057383
 -0.32037957928655969
 0.9465491972583544
 0.31601469873379551
 -0.94802428457192678
 -0.9998575018847834
 -0.64467978024643724
 0.21845776152962559
 0.90908058516579637
 -0.35217523621993413
 -0.052923454120163547
 0.25127553137023834
 -0.99373060737930219
 -0.51235335761857304
 0.3736261111647376
 0.96455539355974218
 0.97634672945533696
 0.86538522478011948
 0.67352883541892117
 0.41871200264625297
 0.1247546135053899
 -0.18086464573051755
 -0.46957695504264702
 -0.71439393018262132
 -0.89243045547475575
 -0.88540115604661895
 -0.98939008741680945
 -0.89924955625485847
 -0.72504855459477169
 -0.48307112512406863
 0.55772175493586962
 -0.32328573226248619
 0.40472606164912256
 0.6621058348567973
 -0.049858050913987026
 0.97291362704571205
 0.99728780989863108
 0.92843705653776054
 -0.47228473929236653
 0.54491788372008809
 -0.72293121193018939
 0.11256359432942846
 -0.3377702626083236
 -0.60637424912365256
 -0.81829530004591811
 -0.6088121604017056
 -0.99999882230188708
 -0.9527959268197127
 -0.81652712817408524
 -0.60393062484248683
 -0.33487961217098988
 -0.034524566527187259
 0.2690577826897263
 0.54748902268809918
 0.77474182782419287
 0.92957295411873897
 0.97765562399971406
 0.9721994811062209
 0.85601021937775568
 -0.83045570966328242
 -0.94605304094091414
 -0.31455824529877263
 0.5653412151459779
 0.99879427926736775
 0.64350579279766673
 -0.90058801035737768
 -0.98983136742132305
 -0.98654680508791737
 -0.15666183615691048
 -0.71224273251685499
 -0.46686474663636957
 -0.17784495966932298
 0.1277995015959035
 -0.96495924273552103
 -0.79284699542711268
 0.86691927435109684
 0.97700577919626508
 0.96208462205960266
 0.92143835717186395
 -0.52023944861085925
 0.52938408740299536
 0.24830337378897069
 -0.055988358703845706
 -0.35504638522223064
 0.90520569861137001
 0.20946266110028544
 -0.65169172040482393
 -0.99980097558199144
 -0.55644722963027093
 -0.8057571325940257
 -0.58915019910744659
 0.82442307956011951
 -0.016113969322028313
 0.28674877834389367
 0.56280668962743263
 0.7862542940161692
 0.93620405186557298
 0.99863888959664804
 0.7218699851659488
 -0.11408843738974658
 0.64585224921887574
 -0.92671681226430636
 0.088132491563609597
 -0.21695984392310549
 0.99998115688567257
 0.60025452691696923
 -0.27348932174976931
 -0.93126037583336918
 -0.85362097744857279
 -0.88253094986404579
 0.73031198170342548
 0.98578366236304771
 0.46278819464259663
 0.14604254134424832
 -0.97797709263318722
 0.68925392602655566
 0.87595154858681679
 0.98076656270360296
 0.99390102147704307
 0.91412713582838767
 0.74890204634163549
 -0.99886844535843011
 -0.6423302896377806
 -0.074365698426512916
 -0.37220208762835455
 0.88035646287310099
 0.15514587246881095
 -0.96414927247383364
 -0.99338275770275697
 -0.9409691150517755
 -0.79471385035233399
 0.96536081904994131
 0.79191076566087004
 0.0023020932183935843
 0.3043425181213476
 -0.96166488978812192
 -0.36363965359780637
 0.94251761959052915
 0.99943004815055925
 0.96291728734779902
 -0.16877596188281066
 0.63168301221953482
 -0.90455241285493049
 -0.20796173030008755
 0.65285502065077339
 0.99811627435049122
 -0.7519452059868672
 -0.32618883937625204
 -0.99439821600798184
 -0.82355349158424873
 -0.87372121466920871
 0.76692062383185378
 0.97500104008487365
 0.4131292768474466
 -0.47498807387394915
 0.4546057459877848
 -0.72080705811183032
 0.8846867284937584
 0.86073421449037835
 0.92613903012995313
 0.2601776877420115
 0.73657130166022011
 0.49778317453547566
 -0.59902632941566003
 0.27496521772261423
 0.93181846452520023
 -0.64936051767992853
 0.10035560692400715
 -0.73135951650067665
 -0.99838816415566412
 -0.46142715960880532
 0.42705643886636363
 -0.55899496658575176
 0.75698168450242054
 0.020717374963544161
 0.32183303479668407
 -0.94505404449062247
 0.80847539639604582
 0.94851151593640592
 0.99988223247719876
 0.64115327353555451
 0.82615642793918065
 -0.9109891421147539
 -0.87962748441830119
 -0.15362954335073706
 -0.25276072413051021
 -0.53328457614273284
 -0.7639578031886699
 -0.37789288814250754
 -0.96576012155713209
 -0.79097267063101617
 0.0084409156854071687
 -0.67239363004398134
 0.9612428924147971
 0.3622095638296921
 -0.52285837562992521
 -0.99502834951811658
 0.71546700626009307
 0.89312185138248557
 0.98728903446803762
 0.98916595154481612
 0.89857715128068705
 0.72399073590500151
 0.48172677598880875
 0.19443173525695573
 -0.1110384861372592
 -0.40612900000404117
 0.82268196381360825
 -0.85838131514628802
 -0.76790462100639278
 -0.99717367862900375
 -0.41173115446567415
 0.47633806457826483
 0.98824611464094247
 0.71974243327150733
 -0.11713731374898172
 -0.86151446198985537
 -0.92555906657122378
 0.81917649590739106
 0.95418370796813667
 0.99995760315919946
 0.95232884322163303
 -0.27644046604345041
 -0.93237435841533678
 -0.85201809329117661
 -0.098828507048008718
 0.73240532865648289
 -0.5487726593549993
 0.46006503773119856
 -0.93013761930787031
 -0.99761610861221961
 -0.97183897284212029
 -0.85521581914817602
 0.83301182226409876
 0.94455120671081727
 0.31018445326869876
 -0.56913300896187546
 -0.99900971917850867
 0.72821175405807848
