# Created by Octave 8.4.0, Thu Dec 11 09:16:06 2025 IST <gamana@Samsung>
# name: iq
# type: matrix
# rows: 2048
# columns: 1
 1
 0.95326076620586331
 0.81741217677477895
 -0.92900609941698054
 -0.85680260336409175
 0.036058340503170451
 -0.26757933088703667
 0.98679653937238487
 0.46822140226297015
 -0.42010522672696088
 -0.99739959216031482
 -0.97255769945533388
 0.054455970544694823
 -0.66095491288473074
 0.94753482023462932
 0.31892536915557507
 0.19744169751515539
 -0.9985576663829947
 0.72610466550790553
 0.89991984314001949
 0.98961189288312468
 0.98679653937238465
 0.89173695753970295
 -0.68814117224586857
 -0.99406909454407066
 -0.51498691486160741
 0.37077718740857579
 0.9637408804343649
 -0.67466245436658678
 -0.86615326963267925
 -0.79657321781796042
 -0.99590323237511935
 -0.36935141386161585
 0.51630187553582951
 -0.53068550131166847
 -0.24978974675651788
 -0.16272196520846155
 -0.88397021715310997
 0.61971144815431445
 -0.21396247916027278
 0.64819262069187789
 0.99983041623178193
 0.56026686158099936
 -0.32037957928655297
 0.59038960288433207
 0.31892536915557335
 -0.052923454120163547
 0.76296659435509484
 -0.56153743692579727
 -0.7853050539592259
 -0.46957695504264702
 -0.99855766638299481
 -0.96810813435476473
 -0.84716133746730915
 -0.64702319695337762
 0.92843705653776321
 -0.089661145336106474
 0.2154614152901913
 0.50044297299076146
 -0.60393062484249249
 0.26905778268971947
 0.92957295411873897
 0.85601021937775568
 0.88325162371234833
 0.70029174263479022
 0.45186966259101069
 -0.46686474663636957
 0.42149746129340016
 0.97700577919626364
 0.7609787877609705
 -0.055988358703831516
 -0.82874185099002262
 -0.99406909454407066
 -0.31747040782898966
 0.56280668962743263
 -0.51498691486160741
 -0.23191544205296488
 0.072835130888845759
 0.37077718740857579
 -0.88253094986404579
 0.83807101776911563
 0.68925392602654534
 0.99932172244443662
 0.51367074118915579
 -0.37220208762835455
 -0.96414927247383364
 -0.79471385035234265
 -0.00076736500861407635
 0.79750008827622731
 -0.57668032211486553
 -0.79657321781796253
 -0.94200366979757377
 -0.9993770622619782
 -0.68591080477393629
 -0.8372327419467338
 -0.63287203175829598
 -0.36935141386161252
 0.21246303906394182
 0.23340805554780536
 0.51630187553582951
 0.75093258738581303
 0.32183303479668407
 0.99423482618450487
 0.82615642793918065
 0.87446671960772626
 0.68702679762006169
 -0.97601375467033502
 0.14300530760092806
 0.47093140178253623
 -0.45323823806721858
 -0.70138649497904204
 -0.1110384861372592
 -0.98392175803403514
 -0.92786582682140761
 -0.26462053999945312
 0.60759392032488957
 -0.49911366156833592
 -0.21396247916026584
 0.091189587921087126
 -0.93013761930787031
 0.64819262069187789
 -0.10493547390375864
 0.72821175405807848
 0.98629474709482945
 0.93512086019445517
 0.78435396419772463
 -0.97733185259986499
 0.28380687130319676
 -0.019182950395057383
 -0.32037957928655969
 -0.59162761605977232
 0.31601469873379551
 -0.56407461669631687
 -0.9998575018847834
 -0.95822557211480941
 -0.82702018425964863
 -0.61850621691532082
 0.8818081973056815
 -0.052923454120163547
 0.25127553137023834
 -0.99373060737930219
 0.76296659435509939
 0.92262657540312143
 0.99604083802624588
 0.97634672945533696
 0.86538522478011948
 0.67352883541892117
 0.41871200264625297
 0.1247546135053899
 0.5189281455033995
 0.99455926362965252
 0.68479319633608504
 -0.1657497443578384
 -0.88540115604661895
 -0.98939008741680945
 -0.89924955625485847
 0.65052688516665591
 -0.48307112512406863
 0.55772175493586962
 -0.32328573226248619
 0.40472606164912256
 -0.82529072569298034
 -0.049858050913987026
 0.97291362704571205
 0.99728780989863108
 0.41592259907073292
 -0.47228473929236653
 0.54491788372008809
 -0.72293121193018939
 -0.037592029547473621
 -0.3377702626083236
 -0.60637424912365256
 -0.81829530004591811
 -0.9537233602852011
 -0.99998940073362763
 -0.60148131058103105
 0.27201278160118081
 -0.60393062484248683
 0.85441940454650211
 0.10340909394795389
 0.2690577826897263
 0.54748902268809918
 -0.46414813962684615
 0.4242789487687742
 0.99750902515076378
 0.9721994811062209
 0.85601021937775568
 0.65980243410195294
 0.40191732837529215
 -0.31455824529877263
 -0.19894598283625273
 -0.48575640675906639
 0.64350579279766673
 -0.21995516458155873
 -0.98983136742132305
 -0.88108336773961071
 -0.8910413592107852
 -0.71224273251685499
 0.99355785265223773
 0.51103476725282548
 -0.37504925466358852
 0.42149746129340659
 -0.79284699542711268
 0.0053715297560473045
 0.97700577919626508
 0.9957632809772784
 0.92143835717186395
 -0.52023944861085925
 0.52938408740299536
 0.24830337378897069
 -0.055988358703845706
 -0.35504638522223064
 -0.62091521972729924
 -0.82874185099002262
 -0.95909896399592787
 -0.9982092555350186
 -0.94704312407739244
 0.32473766826230821
 -0.58915019910744659
 -0.31747040782897623
 -0.016113969322028313
 -0.76593482025537174
 0.56280668962743263
 0.7862542940161692
 0.47363696438451702
 0.98777222774170659
 0.7218699851659488
 0.84634488309812139
 -0.85995193962079575
 -0.92671681226430636
 -0.2616592559684634
 0.61002896648465676
 0.99998115688567257
 0.60025452691696923
 -0.27348932174976931
 -0.99228306681626133
 -0.85362097744857279
 -0.10188247042275954
 -0.69919534082601087
 -0.45050002278269863
 -0.15969265296119067
 -0.42566819512619902
 0.43812590268212964
 0.68925392602655566
 0.87595154858681679
 0.98076656270360296
 0.99390102147704307
 0.91412713582838767
 0.74890204634163549
 -0.99886844535843011
 0.23042228230537098
 -0.074365698426512916
 -0.37220208762835455
 0.88035646287310099
 0.15514587246881095
 -0.69258243610723424
 -0.99926402882828158
 -0.9409691150517755
 0.37647151477281421
 -0.57416995275079008
 0.79191076566087004
 -0.0069062308541822806
 -0.80026942036837689
 -0.96166488978812192
 0.79750008827622731
 0.52154952634828522
 0.99943004815055925
 0.96291728734779902
 -0.16877596188281066
 0.63168301221953482
 -0.90455241285493049
 -0.20796173030008755
 0.65285502065077339
 0.99811627435049122
 0.55517139367099122
 -0.9159841062931755
 -0.99439821600798184
 -0.97985750431784746
 -0.046792177966206036
 0.76692062383185378
 -0.43398250394614873
 -0.14148618368935256
 0.16423604820363752
 -0.98801033476922906
 -0.72080705811183032
 0.11561301172658989
 0.86073421449037835
 0.99170166301589102
 0.906505872236266
 0.73657130166022011
 0.49778317453547566
 0.21246303906392794
 0.27496521772261423
 -0.38923155116934799
 -0.64936051767992853
 0.10035560692400715
 -0.73135951650067665
 -0.99838816415566412
 -0.93457595984954878
 -0.78340102697185532
 -0.55899496658575176
 -0.28233491333365301
 -0.06211655650361627
 -0.83216174413215693
 0.59286423571776004
 -0.31164311913308568
 0.5678704142573785
 0.99894025871852765
 0.64115327353555451
 0.82615642793918065
 -0.9109891421147539
 0.35073841575927878
 -0.15362954335073706
 0.69368868033596887
 -0.53328457614273284
 0.5083939785619066
 -0.92321742549042496
 -0.96576012155713209
 -0.97601375467033502
 -0.86461514160246733
 0.80118876405724115
 -0.4173177923328662
 -0.12323172689716683
 0.18237385152714947
 0.47093140178253623
 -0.68143070381530291
 0.17028847612566869
 0.88753191917548446
 0.90389699651915167
 0.20646030966758724
 -0.65401678316449274
 0.48172677598880875
 -0.55389425006308268
 0.3276392421862615
 0.95043808879258174
 0.82268196381360825
 -0.85838131514628802
 -0.97326726303900257
 -0.99717367862900375
 -0.41173115446567415
 -0.77182249939500824
 0.98824611464094247
 -0.26462053999945312
 -0.11713731374898172
 -0.86151446198985537
 0.60759392032490089
 0.81917649590739106
 0.95418370796813667
 0.99995760315919946
 0.95232884322163303
 -0.27644046604345041
 -0.93237435841533678
 -0.85201809329117661
 0.032990711232170816
 -0.27053560075472688
 -0.5487726593549993
 0.46006503773119856
 -0.93013761930787031
 -0.97861311857772648
 -0.97183897284212029
 0.063648249201443158
 -0.65864840122301938
 0.94455120671081727
 0.31018445326869876
 -0.56913300896187546
 0.4870973329339145
 -0.63997474726332781
