# Created by Octave 8.4.0, Thu Dec 11 09:16:06 2025 IST <gamana@Samsung>
# name: iq
# type: matrix
# rows: 2048
# columns: 1
 1
 0.95326076620586331
 0.81741217677477895
 -0.92900609941698054
 0.336325333479365
 -0.10798748872685082
 0.72610466550790553
 0.98679653937238487
 0.46822140226297015
 -0.42010522672696088
 -0.97667740455693652
 -0.97255769945533388
 -0.85680260336409153
 -0.66095491288473074
 -0.40332217000396425
 -0.10798748872685082
 0.19744169751515539
 0.48441433643541743
 -0.64702319695337762
 0.2154614152901913
 0.98961189288312468
 0.88325162371234833
 0.1612074989385934
 -0.68814117224586857
 -0.99406909454407066
 0.17935501392598432
 -0.126277206267076
 0.9637408804343649
 -0.67466245436658678
 -0.86615326963267925
 -0.79657321781796042
 -0.96333021840326272
 -0.92203355216466776
 0.51630187553582951
 0.99423482618450443
 -0.24978974675651788
 -0.16272196520846155
 0.35361122716835897
 -0.90715275704229548
 -0.21396247916027278
 0.64819262069187789
 0.99847409117038255
 0.56026686158099936
 0.80666512125541268
 -0.94802428457192678
 -0.82702018425964863
 -0.052923454120163547
 -0.28527816079509682
 -0.56153743692579727
 -0.7853050539592259
 -0.46957695504264702
 -0.99855766638299481
 -0.96810813435476473
 0.10951311640544466
 0.85759296924080952
 0.92843705653776321
 -0.089661145336106474
 -0.60637424912365256
 -0.99999882230188708
 0.73864388846083573
 0.9077975051441477
 0.92957295411873897
 0.85601021937775568
 0.10646160669493715
 0.70029174263479022
 0.45186966259101069
 0.1612074989385934
 -0.14452409467834526
 -0.43674579739516622
 0.7609787877609705
 -0.8752101648306293
 -0.82874185099002262
 -0.94704312407739244
 -0.31747040782898966
 -0.74991820004097443
 0.99863888959664804
 0.64585224921887574
 -0.21695984392310549
 -0.90844011502317967
 -0.88253094986404579
 -0.15969265296119067
 0.9637408804343649
 0.99390102147704307
 0.51367074118915579
 -0.37220208762835455
 0.57542581511072144
 -0.79471385035234265
 -0.00076736500861407635
 -0.30288023361216132
 -0.57668032211486553
 0.36792477034572635
 -0.51761562011455653
 -0.9993770622619782
 -0.68591080477393629
 -0.8372327419467338
 0.8846867284937584
 -0.36935141386161252
 0.21246303906394182
 -0.64936051767992853
 0.51630187553582951
 -0.55899496658575176
 0.91536727170487375
 0.94851151593640137
 0.82615642793918065
 0.87446671960772626
 -0.76395780318866069
 0.43536466339879998
 -0.41731779233287913
 0.47093140178253623
 0.98728903446803762
 0.72399073590501128
 -0.1110384861372592
 -0.85838131514628069
 -0.92786582682140761
 -0.90715275704229548
 -0.73760846374062494
 0.99999528921032244
 -0.21396247916026584
 0.091189587921087126
 -0.93013761930787031
 0.64819262069187789
 0.84797579643587995
 0.72821175405807848
 0.99847409117038255
 0.46550699135830681
 -0.42288870306631471
 -0.97733185259986499
 0.28380687130319676
 0.057520614988206521
 -0.32037957928655969
 0.9465491972583544
 0.31601469873379551
 -0.56407461669631687
 -0.9998575018847834
 -0.64467978024643724
 -0.82702018425964863
 -0.61850621691532082
 0.8818081973056815
 -0.052923454120163547
 -0.69036505634113388
 -0.99373060737930219
 0.76296659435509939
 0.3736261111647376
 0.96455539355974218
 0.97634672945533696
 0.86538522478011948
 -0.79842508030578996
 -0.96250208824059569
 -0.36649726022122142
 0.5189281455033995
 0.99455926362965252
 0.68479319633608504
 -0.1657497443578384
 -0.9870439493600085
 -0.90585685224972345
 -0.21096309853294973
 -0.72504855459477169
 -0.48307112512406863
 0.55772175493586962
 -0.32328573226248619
 0.40472606164912256
 0.6621058348567973
 -0.049858050913987026
 0.97291362704571205
 0.99728780989863108
 0.41592259907073292
 -0.47228473929236653
 0.54491788372008809
 -0.72293121193018939
 -0.037592029547473621
 -0.3377702626083236
 0.92729241161337761
 0.26314020788369136
 -0.9537233602852011
 -0.99999882230188708
 -0.60148131058103105
 0.27201278160118081
 -0.60393062484248683
 0.85441940454650211
 -0.034524566527187259
 -0.72926272673208903
 0.54748902268809918
 0.77474182782419287
 0.4242789487687742
 0.97765562399971406
 0.9721994811062209
 0.85601021937775568
 -0.83045570966328242
 -0.94605304094091414
 0.10646160669493009
 -0.19894598283625273
 0.99879427926736775
 0.64350579279766673
 -0.90058801035737768
 -0.98983136742132305
 -0.88108336773961071
 -0.15666183615691048
 -0.71224273251685499
 -0.46686474663636957
 0.51103476725282548
 -0.37504925466358852
 -0.96495924273552103
 0.6757944842168484
 0.86691927435109684
 0.79934819172794036
 0.9957632809772784
 0.92143835717186395
 0.7609787877609705
 -0.9947179686701888
 0.24830337378897069
 0.16726305010568898
 -0.35504638522223064
 -0.62091521972729924
 0.20946266110028544
 -0.65169172040482393
 -0.9982092555350186
 -0.94704312407739244
 -0.8057571325940257
 0.94947927516166009
 -0.31747040782897623
 0.048325171352559641
 0.28674877834389367
 0.56280668962743263
 -0.41452642614610541
 0.93620405186557298
 0.99863888959664804
 0.96772249425417678
 -0.11408843738974658
 0.64585224921887574
 0.38498633679420874
 -0.2616592559684634
 0.61002896648465676
 -0.50177110567169725
 0.60025452691696923
 -0.90844011502318567
 -0.99228306681626133
 -0.98336891810956462
 -0.10188247042275954
 -0.69919534082601087
 0.98578366236304771
 0.46278819464259663
 0.14604254134424832
 -0.97797709263318722
 -0.75798364069952995
 0.060584717496686646
 0.98076656270360296
 0.99390102147704307
 0.91412713582838767
 0.74890204634163549
 -0.99886844535843011
 0.23042228230537098
 -0.074365698426512916
 -0.37220208762835455
 -0.63524559604554065
 0.15514587246881095
 -0.69258243610723424
 -0.99338275770275697
 -0.50971497319771586
 0.37647151477281421
 0.96536081904994131
 0.79191076566087004
 -0.0069062308541822806
 0.3043425181213476
 -0.96166488978812192
 -0.36363965359780637
 0.52154952634828522
 0.99487433075577603
 0.68255314321866201
 0.83639249410950756
 -0.88682375306288164
 0.36792477034572635
 -0.20796173030008755
 0.65285502065077339
 -0.51761562011456874
 -0.7519452059868672
 -0.32618883937625204
 -0.99439821600798184
 -0.82355349158424873
 -0.046792177966206036
 0.76692062383185378
 0.97500104008487365
 0.4131292768474466
 0.16423604820363752
 -0.98801033476922906
 -0.72080705811183032
 0.11561301172658989
 0.98419470203205239
 0.99170166301589102
 0.906505872236266
 0.73657130166022011
 0.49778317453547566
 0.21246303906392794
 -0.092717815718463617
 -0.38923155116934799
 -0.64936051767992853
 -0.84878825808546021
 -0.73135951650067665
 -0.99838816415566412
 -0.93457595984954878
 -0.78340102697185532
 0.97829625774311346
 0.75698168450242054
 0.020717374963544161
 0.32183303479668407
 0.59286423571776004
 0.80847539639604582
 0.94851151593640592
 0.99894025871852765
 0.95778549015728354
 0.82615642793918065
 -0.9109891421147539
 -0.87962748441830119
 -0.15362954335073706
 0.69368868033596887
 0.99320532294327812
 -0.7639578031886699
 -0.92321742549042496
 -0.96576012155713209
 -0.79097267063101617
 -0.86461514160246733
 0.80118876405724115
 -0.4173177923328662
 0.3622095638296921
 -0.52285837562992521
 -0.99502834951811658
 0.71546700626009307
 0.89312185138248557
 0.88753191917548446
 0.98916595154481612
 0.89857715128068705
 0.72399073590500151
 -0.99802094220665827
 0.19443173525695573
 -0.1110384861372592
 0.95043808879258174
 -0.66325519730728677
 0.045259074365704664
 -0.97326726303900257
 -0.9746588744632797
 -0.41173115446567415
 -0.77182249939500824
 -0.54363038747502812
 -0.26462053999945312
 -0.11713731374898172
 0.33921439615447818
 -0.92555906657122378
 -0.25869550669401586
 0.61245826520808466
 0.99995760315919946
 0.59779672096999548
 0.81564015632847064
 0.60270667751827289
 -0.85201809329117661
 -0.098828507048008718
 -0.27053560075472688
 0.98526328999226143
 0.46006503773119856
 -0.93013761930787031
 -0.99761610861221961
 -0.97183897284212029
 0.063648249201443158
 0.83301182226409876
 0.94455120671081727
 0.31018445326869876
 0.20044979956074258
 0.4870973329339145
 0.72821175405807848
 0.22444425114614314
