# Created by Octave 8.4.0, Thu Dec 11 09:16:06 2025 IST <gamana@Samsung>
# name: iq
# type: matrix
# rows: 2048
# columns: 1
 1
 0.95326076620586331
 -0.26757933088703645
 -0.92900609941698054
 0.336325333479365
 0.036058340503170451
 -0.26757933088703667
 -0.54620409646762802
 0.46822140226297015
 -0.42010522672696088
 -0.99739959216031482
 -0.76197358843289098
 0.054455970544694823
 0.82788199261989504
 0.94753482023462932
 -0.10798748872685082
 0.19744169751515539
 -0.9985576663829947
 0.72610466550790553
 0.89991984314001949
 0.98961189288312468
 0.88325162371234833
 0.1612074989385934
 -0.68814117224586857
 -0.99406909454407066
 -0.51498691486160741
 0.37077718740857579
 0.9637408804343649
 -0.67466245436658678
 -0.86615326963267925
 -0.79657321781796042
 -0.99590323237511935
 -0.36935141386161585
 -0.76197358843289098
 0.99423482618450443
 0.6870267976200668
 -0.16272196520846155
 -0.88397021715310997
 -0.90715275704229548
 0.82788199261989504
 0.95866339707144232
 0.99983041623178193
 0.94753482023462876
 -0.32037957928655297
 0.59038960288433207
 -0.82702018425964863
 -0.052923454120163547
 0.76296659435509484
 -0.56153743692579727
 -0.7853050539592259
 -0.93566355795921996
 -0.98704394936000728
 -0.72504855459477169
 0.10951311640544466
 0.85759296924080952
 0.92843705653776321
 0.26610024882900735
 0.2154614152901913
 -0.99999882230188708
 -0.60393062484249249
 0.9077975051441477
 0.92957295411873897
 0.85601021937775568
 0.88325162371234833
 0.70029174263479022
 0.45186966259101069
 0.1612074989385934
 -0.14452409467834526
 -0.43674579739516622
 -0.68814117224586857
 -0.8752101648306293
 -0.98046585238934292
 -0.94704312407739244
 -0.91474828106395512
 0.56280668962743263
 -0.51498691486160741
 -0.23191544205296488
 0.072835130888845759
 0.37077718740857579
 0.634059560632665
 -0.15969265296119067
 0.68925392602654534
 0.99932172244443662
 0.51367074118915579
 -0.37220208762835455
 -0.96414927247383364
 0.30141723570001927
 0.0023020932183935843
 0.79750008827622731
 0.9629172873478028
 -0.79657321781796253
 -0.94200366979757377
 -0.9993770622619782
 -0.68591080477393629
 0.1642360482036235
 0.8846867284937584
 -0.36935141386161252
 0.21246303906394182
 -0.64936051767992853
 0.51630187553582951
 -0.55899496658575176
 0.32183303479668407
 0.99423482618450487
 0.98016283268951387
 0.87446671960772626
 -0.76395780318866069
 -0.97601375467033502
 -0.41731779233287913
 0.47093140178253623
 0.98728903446803762
 0.72399073590501128
 -0.1110384861372592
 -0.98392175803403514
 -0.92786582682140761
 -0.26462053999945312
 0.60759392032488957
 -0.49911366156833592
 0.60270667751827289
 -0.27053560075471322
 0.38781739206357746
 -0.85521581914818334
 -0.10493547390375864
 0.72821175405807848
 0.98629474709482945
 0.46550699135830681
 0.78435396419772463
 -0.97733185259986499
 -0.75998219468248429
 -0.019182950395057383
 0.82959975734471325
 -0.59162761605977232
 0.31601469873379551
 -0.56407461669631687
 -0.99871776062003026
 -0.64467978024643724
 0.21845776152962559
 -0.61850621691532082
 -0.35217523621993413
 0.15817743084431238
 -0.69036505634113388
 -0.99373060737930219
 -0.51235335761857304
 0.92262657540312143
 0.96455539355974218
 0.79378135772453473
 -0.0038368160058314137
 -0.79842508030578996
 0.41871200264625297
 0.1247546135053899
 -0.18086464573051755
 -0.46957695504264702
 0.68479319633608504
 -0.1657497443578384
 -0.9870439493600085
 -0.90585685224972345
 -0.21096309853294973
 0.65052688516665591
 0.99829988554123306
 0.55772175493586962
 0.10951311640544466
 -0.94899651318043343
 -0.82529072569298034
 0.85759296924080952
 0.76494721259890497
 0.97567848098621912
 0.41592259907073292
 -0.47228473929236653
 0.54491788372008809
 0.26610024882900052
 0.11256359432942846
 -0.3377702626083236
 0.92729241161337761
 0.26314020788369136
 -0.9537233602852011
 -0.99998940073362763
 -0.9527959268197127
 0.27201278160118081
 0.93070009365436368
 0.85441940454650211
 -0.034524566527187259
 0.2690577826897263
 -0.98604036598681322
 -0.46414813962684615
 0.92957295411873897
 0.99750902515076378
 0.75898381154481431
 -0.059052735788742081
 -0.83045570966328242
 0.40191732837529215
 0.10646160669493009
 0.5653412151459779
 0.99879427926736775
 0.64350579279766673
 -0.21995516458155873
 -0.90971891406342786
 -0.88108336773961071
 -0.8910413592107852
 0.69147456057248458
 -0.46686474663636957
 -0.17784495966932298
 0.1277995015959035
 0.42149746129340659
 -0.79284699542711268
 0.86691927435109684
 0.79934819172794036
 0.96208462205960266
 0.92143835717186395
 0.7609787877609705
 -0.9947179686701888
 0.24830337378897069
 0.16726305010568898
 -0.35504638522223064
 0.90520569861137001
 0.20946266110028544
 -0.65169172040482393
 -0.99980097558199144
 -0.55644722963027093
 0.32473766826230821
 -0.58915019910744659
 0.82442307956011951
 0.048325171352559641
 0.28674877834389367
 0.56280668962743263
 0.7862542940161692
 0.93620405186557298
 0.99863888959664804
 0.7218699851659488
 0.84634488309812139
 -0.85995193962079575
 -0.92671681226430636
 -0.2616592559684634
 0.61002896648465676
 -0.50177110567169725
 -0.73967757338202433
 -0.90844011502318567
 -0.93126037583336918
 -0.98336891810956462
 -0.10188247042275954
 -0.69919534082601087
 -0.45050002278269863
 0.46278819464259663
 -0.42566819512619902
 -0.97797709263318722
 0.68925392602655566
 0.060584717496686646
 0.98076656270360296
 0.94555465629370727
 0.31310105095444601
 0.74890204634163549
 -0.99886844535843011
 0.23042228230537098
 -0.074365698426512916
 0.9103551002125686
 -0.63524559604554065
 0.15514587246881095
 -0.96414927247383364
 -0.99926402882828158
 -0.9409691150517755
 0.37647151477281421
 0.96536081904994131
 -0.29995352783086127
 -0.0069062308541822806
 -0.80026942036837689
 -0.96166488978812192
 0.79750008827622731
 0.94251761959052915
 0.99943004815055925
 0.68255314321866201
 0.83639249410950756
 0.63168301221953482
 0.36792477034572635
 -0.20796173030008755
 -0.23490011927419616
 -0.51761562011456874
 0.55517139367099122
 -0.9159841062931755
 -0.99439821600798184
 -0.82355349158424873
 -0.046792177966206036
 -0.68591080477393629
 -0.43398250394614873
 0.4131292768474466
 -0.47498807387394915
 -0.98801033476922906
 -0.72080705811183032
 0.8846867284937584
 0.98419470203205239
 0.92613903012995313
 0.2601776877420115
 0.73657130166022011
 0.49778317453547566
 0.21246303906392794
 -0.092717815718463617
 0.93181846452520023
 -0.64936051767992853
 -0.84878825808546021
 -0.73135951650067665
 -0.99838816415566412
 -0.46142715960880532
 -0.78340102697185532
 -0.55899496658575176
 -0.28233491333365301
 -0.06211655650361627
 -0.83216174413215693
 0.59286423571776004
 -0.31164311913308568
 0.94851151593640592
 0.99894025871852765
 0.64115327353555451
 -0.22294841291494655
 -0.9109891421147539
 0.35073841575927878
 0.051390813039935278
 -0.25276072413051021
 0.99320532294327812
 0.5083939785619066
 -0.37789288814250754
 -0.96576012155713209
 -0.97601375467033502
 -0.86461514160246733
 0.80118876405724115
 0.9612428924147971
 0.3622095638296921
 0.18237385152714947
 -0.99502834951811658
 0.71546700626009307
 0.89312185138248557
 0.88753191917548446
 0.90389699651915167
 0.20646030966758724
 0.72399073590500151
 -0.99802094220665827
 -0.55389425006308268
 0.3276392421862615
 -0.40612900000404117
 -0.66325519730728677
 0.045259074365704664
 -0.76790462100639278
 -0.9746588744632797
 -0.92786582682140228
 -0.77182249939500824
 0.98824611464094247
 -0.26462053999945312
 -0.11713731374898172
 -0.86151446198985537
 -0.92555906657122378
 0.81917649590739106
 0.95418370796813667
 0.99999528921032244
 0.95232884322163303
 -0.27644046604345041
 0.60270667751827289
 -0.85201809329117661
 -0.098828507048008718
 0.73240532865648289
 -0.5487726593549993
 -0.7757112907044148
 -0.42844367671940398
 -0.97861311857772648
 -0.97183897284212029
 0.063648249201443158
 0.83301182226409876
 -0.40051154007206008
 -0.10493547390374451
 -0.56913300896187546
 -0.99900971917850867
 0.72821175405807848
 0.22444425114614314
