# Created by Octave 8.4.0, Thu Dec 11 09:16:06 2025 IST <gamana@Samsung>
# name: iq
# type: matrix
# rows: 2048
# columns: 1
 1
 0.60515314967079348
 -0.26757933088703645
 0.60515314967079337
 0.336325333479365
 -0.10798748872685082
 -0.26757933088703667
 -0.54620409646762802
 -0.7737705401199878
 -0.92900609941698054
 -0.97667740455693652
 -0.76197358843289098
 0.054455970544694823
 0.82788199261989504
 0.94753482023462932
 -0.10798748872685082
 -0.56153743692579583
 -0.9985576663829947
 0.72610466550790553
 0.2154614152901913
 0.98961189288312468
 0.98679653937238465
 0.1612074989385934
 -0.68814117224586857
 -0.99406909454407066
 -0.51498691486160741
 0.37077718740857579
 -0.42010522672696088
 0.7956444711141426
 -0.86615326963267925
 -0.97667740455693652
 -0.96333021840326272
 -0.36935141386161585
 0.51630187553582951
 0.99423482618450443
 -0.24978974675651788
 -0.16272196520846155
 -0.88397021715310997
 -0.90715275704229548
 -0.21396247916027278
 0.95866339707144232
 0.99847409117038255
 0.94753482023462876
 -0.32037957928655297
 0.59038960288433207
 0.31892536915557335
 0.017648480643128749
 -0.28527816079509682
 -0.56153743692579727
 0.41871200264625297
 -0.93566355795921996
 -0.98704394936000728
 -0.72504855459477169
 0.10951311640544466
 -0.64702319695337762
 0.92843705653776321
 -0.089661145336106474
 0.2154614152901913
 0.50044297299076146
 -0.60393062484249249
 0.9077975051441477
 0.92957295411873897
 0.85601021937775568
 0.88325162371234833
 0.70029174263479022
 -0.98654680508791737
 -0.46686474663636957
 -0.14452409467834526
 -0.43674579739516622
 -0.68814117224586857
 -0.8752101648306293
 -0.98046585238934292
 -0.99406909454407066
 -0.91474828106395512
 -0.74991820004097443
 -0.51498691486160741
 -0.23191544205296488
 0.072835130888845759
 -0.90844011502317967
 0.634059560632665
 -0.15969265296119067
 0.68925392602654534
 0.99932172244443662
 0.51367074118915579
 0.79564447111414049
 0.57542581511072144
 0.30141723570001927
 -0.00076736500861407635
 0.79750008827622731
 -0.57668032211486553
 0.36792477034572635
 -0.51761562011455653
 -0.9993770622619782
 -0.96333021840326272
 -0.8372327419467338
 0.8846867284937584
 -0.36935141386161252
 -0.071304391795586203
 -0.64936051767992853
 -0.99838816415566489
 0.75093258738581303
 0.32183303479668407
 0.94851151593640137
 0.98016283268951387
 0.87446671960772626
 0.68702679762006169
 -0.97601375467033502
 0.14300530760092806
 0.47093140178253623
 -0.45323823806721858
 -0.70138649497904204
 -0.1110384861372592
 -0.85838131514628069
 -0.99189780074717793
 -0.26462053999945312
 -0.73760846374062494
 -0.49911366156833592
 0.60270667751827289
 -0.27053560075471322
 0.38781739206357746
 0.64819262069187789
 0.84797579643587995
 0.96849149417710867
 0.98629474709482945
 0.46550699135830681
 0.78435396419772463
 -0.97733185259986499
 -0.75998219468248429
 -0.019182950395057383
 0.82959975734471325
 0.9465491972583544
 0.31601469873379551
 -0.94802428457192678
 -0.99871776062003026
 -0.64467978024643724
 -0.82702018425964863
 -0.61850621691532082
 -0.35217523621993413
 0.15817743084431238
 0.25127553137023834
 -0.99373060737930219
 -0.51235335761857304
 0.92262657540312143
 0.96455539355974218
 0.79378135772453473
 0.86538522478011948
 0.67352883541892117
 0.41871200264625297
 0.1247546135053899
 0.5189281455033995
 0.99455926362965252
 -0.71439393018262132
 -0.89243045547475575
 -0.88540115604661895
 -0.98939008741680945
 -0.89924955625485847
 -0.72504855459477169
 -0.48307112512406863
 -0.19593694714062365
 0.10951311640544466
 -0.94899651318043343
 0.6621058348567973
 0.85759296924080952
 0.76494721259890497
 0.97567848098621912
 0.92843705653776054
 -0.47228473929236653
 0.54491788372008809
 -0.72293121193018939
 -0.037592029547473621
 -0.3377702626083236
 -0.60637424912365256
 -0.81829530004591811
 -0.6088121604017056
 -0.99998940073362763
 -0.9527959268197127
 -0.81652712817408524
 0.93070009365436368
 0.85441940454650211
 -0.034524566527187259
 0.2690577826897263
 0.54748902268809918
 0.77474182782419287
 0.4242789487687742
 0.99750902515076378
 0.75898381154481431
 -0.059052735788742081
 0.65980243410195294
 -0.94605304094091414
 -0.31455824529877263
 0.5653412151459779
 0.99879427926736775
 -0.72715906615685566
 -0.90058801035737768
 -0.90971891406342786
 -0.98654680508791737
 -0.8910413592107852
 -0.71224273251685499
 -0.46686474663636957
 -0.17784495966932298
 -0.37504925466358852
 -0.96495924273552103
 0.6757944842168484
 0.86691927435109684
 0.79934819172794036
 0.96208462205960266
 0.92143835717186395
 -0.52023944861085925
 0.52938408740299536
 0.24830337378897069
 0.16726305010568898
 -0.35504638522223064
 0.90520569861137001
 0.20946266110028544
 -0.95909896399592787
 -0.99980097558199144
 -0.94704312407739244
 0.32473766826230821
 -0.58915019910744659
 0.82442307956011951
 -0.016113969322028313
 -0.76593482025537174
 -0.97534090919269134
 0.7862542940161692
 0.47363696438451702
 0.99863888959664804
 0.7218699851659488
 0.84634488309812139
 -0.85995193962079575
 0.38498633679420874
 -0.2616592559684634
 0.61002896648465676
 -0.50177110567169725
 0.60025452691696923
 -0.90844011502318567
 -0.93126037583336918
 -0.98336891810956462
 -0.88253094986404579
 -0.69919534082601087
 -0.45050002278269863
 0.46278819464259663
 -0.42566819512619902
 0.43812590268212964
 0.68925392602655566
 0.87595154858681679
 0.98076656270360296
 0.94555465629370727
 0.31310105095444601
 -0.56660648199307451
 -0.99886844535843011
 0.23042228230537098
 0.22145204955192735
 0.9103551002125686
 0.88035646287310099
 0.15514587246881095
 -0.96414927247383364
 -0.99926402882828158
 -0.50971497319771586
 -0.79471385035233399
 0.96536081904994131
 0.79191076566087004
 -0.0069062308541822806
 0.3043425181213476
 -0.96166488978812192
 0.79750008827622731
 0.94251761959052915
 0.99943004815055925
 0.68255314321866201
 0.83639249410950756
 -0.88682375306288164
 0.36792477034572635
 0.069773484752231343
 -0.23490011927419616
 -0.51761562011456874
 0.55517139367099122
 -0.9159841062931755
 -0.99439821600798184
 -0.82355349158424873
 -0.87372121466920871
 0.76692062383185378
 0.97500104008487365
 0.4131292768474466
 -0.47498807387394915
 0.4546057459877848
 0.70247959528018322
 0.8846867284937584
 0.86073421449037835
 0.99170166301589102
 0.2601776877420115
 0.73657130166022011
 -0.99997055768587484
 0.21246303906392794
 0.27496521772261423
 -0.38923155116934799
 0.85282053973501504
 -0.84878825808546021
 -0.73135951650067665
 -0.98552463682815961
 -0.46142715960880532
 0.42705643886636363
 -0.55899496658575176
 0.75698168450242054
 -0.06211655650361627
 0.32183303479668407
 0.59286423571776004
 0.80847539639604582
 0.94851151593640592
 0.99894025871852765
 0.95778549015728354
 -0.22294841291494655
 0.61729952884911965
 0.35073841575927878
 0.051390813039935278
 0.69368868033596887
 -0.53328457614273284
 0.5083939785619066
 -0.37789288814250754
 -0.96576012155713209
 -0.97601375467033502
 0.0084409156854071687
 -0.67239363004398134
 -0.4173177923328662
 0.3622095638296921
 0.18237385152714947
 0.47093140178253623
 0.71546700626009307
 0.17028847612566869
 0.88753191917548446
 0.90389699651915167
 0.20646030966758724
 0.72399073590500151
 -0.99802094220665827
 0.19443173525695573
 0.3276392421862615
 0.95043808879258174
 0.82268196381360825
 0.045259074365704664
 -0.76790462100639278
 -0.99717367862900375
 -0.41173115446567415
 0.47633806457826483
 0.98824611464094247
 -0.26462053999945312
 0.039125630047652724
 -0.86151446198985537
 0.60759392032490089
 -0.25869550669401586
 0.95418370796813667
 0.99995760315919946
 0.95232884322163303
 -0.27644046604345041
 -0.93237435841533678
 0.3334331020884379
 -0.098828507048008718
 0.73240532865648289
 -0.5487726593549993
 -0.7757112907044148
 -0.93013761930787031
 -0.99761610861221961
 -0.75597794531356421
 -0.85521581914817602
 0.83301182226409876
 -0.40051154007206008
 -0.10493547390374451
 -0.56913300896187546
 0.4870973329339145
 0.72821175405807848
 0.9012540563331356
