# Created by Octave 8.4.0, Thu Dec 11 09:16:06 2025 IST <gamana@Samsung>
# name: iq
# type: matrix
# rows: 2048
# columns: 1
 1
 0.95326076620586331
 0.81741217677477895
 0.60515314967079337
 -0.85680260336409175
 0.036058340503170451
 0.72610466550790553
 -0.54620409646762802
 0.46822140226297015
 -0.92900609941698054
 -0.99739959216031482
 -0.76197358843289098
 0.054455970544694823
 0.82788199261989504
 -0.40332217000396425
 0.31892536915557507
 0.19744169751515539
 0.48441433643541743
 -0.64702319695337762
 0.89991984314001949
 0.9077975051441477
 0.88325162371234833
 0.1612074989385934
 -0.68814117224586857
 0.46822140226296938
 0.17935501392598432
 0.37077718740857579
 0.9637408804343649
 -0.67466245436658678
 -0.86615326963267925
 -0.79657321781796042
 -0.96333021840326272
 -0.92203355216466776
 0.51630187553582951
 0.99423482618450443
 -0.24978974675651788
 0.054455970544694823
 0.35361122716835897
 -0.90715275704229548
 0.82788199261989504
 0.95866339707144232
 0.99847409117038255
 0.94753482023462876
 0.80666512125541268
 -0.94802428457192678
 -0.82702018425964863
 -0.052923454120163547
 -0.28527816079509682
 0.97634672945533696
 -0.7853050539592259
 -0.93566355795921996
 -0.98704394936000728
 -0.96810813435476473
 0.10951311640544466
 0.85759296924080952
 0.92843705653776321
 0.26610024882900735
 -0.60637424912365256
 0.50044297299076146
 -0.60393062484249249
 0.9077975051441477
 0.92957295411873897
 0.85601021937775568
 0.88325162371234833
 -0.72715906615685078
 0.45186966259101069
 0.1612074989385934
 -0.14452409467834526
 -0.43674579739516622
 0.7609787877609705
 -0.055988358703831516
 -0.98046585238934292
 -0.99406909454407066
 -0.31747040782898966
 0.56280668962743263
 0.99863888959664804
 0.64585224921887574
 0.072835130888845759
 0.37077718740857579
 -0.88253094986404579
 -0.15969265296119067
 0.68925392602654534
 0.99390102147704307
 0.51367074118915579
 -0.37220208762835455
 -0.96414927247383364
 0.30141723570001927
 -0.00076736500861407635
 0.79750008827622731
 -0.57668032211486553
 -0.79657321781796253
 -0.51761562011455653
 -0.9993770622619782
 -0.68591080477393629
 -0.8372327419467338
 -0.63287203175829598
 -0.36935141386161252
 0.21246303906394182
 0.23340805554780536
 0.51630187553582951
 0.75093258738581303
 0.91536727170487375
 0.99423482618450487
 0.82615642793918065
 0.87446671960772626
 -0.76395780318866069
 -0.97601375467033502
 0.14300530760092806
 -0.16272196520846155
 0.98728903446803762
 0.72399073590501128
 -0.1110384861372592
 -0.85838131514628069
 -0.92786582682140761
 -0.26462053999945312
 0.60759392032488957
 -0.49911366156833592
 -0.21396247916026584
 -0.27053560075471322
 0.38781739206357746
 -0.85521581914818334
 0.84797579643587995
 0.72821175405807848
 0.99847409117038255
 0.93512086019445517
 0.78435396419772463
 0.56026686158099936
 -0.75998219468248429
 0.057520614988206521
 -0.32037957928655969
 0.9465491972583544
 -0.80757120990081976
 -0.94802428457192678
 -0.99871776062003026
 -0.64467978024643724
 -0.82702018425964863
 -0.61850621691532082
 -0.35217523621993413
 0.15817743084431238
 -0.69036505634113388
 0.53198566524571467
 -0.51235335761857304
 0.92262657540312143
 0.96455539355974218
 0.97634672945533696
 0.86538522478011948
 0.67352883541892117
 0.41871200264625297
 0.1247546135053899
 0.5189281455033995
 -0.46957695504264702
 -0.71439393018262132
 -0.89243045547475575
 -0.88540115604661895
 -0.98939008741680945
 -0.21096309853294973
 0.65052688516665591
 0.99829988554123306
 -0.19593694714062365
 0.10951311640544466
 0.40472606164912256
 -0.82529072569298034
 -0.049858050913987026
 0.76494721259890497
 0.97567848098621912
 0.41592259907073292
 0.77279742987957578
 -0.98753179411920244
 -0.72293121193018939
 0.11256359432942846
 -0.3377702626083236
 -0.60637424912365256
 0.26314020788369136
 -0.6088121604017056
 -0.99998940073362763
 -0.60148131058103105
 0.27201278160118081
 -0.60393062484248683
 -0.33487961217098988
 -0.034524566527187259
 -0.72926272673208903
 -0.98604036598681322
 -0.46414813962684615
 0.4242789487687742
 0.99750902515076378
 0.75898381154481431
 0.85601021937775568
 0.65980243410195294
 -0.94605304094091414
 0.10646160669493009
 0.5653412151459779
 0.99879427926736775
 -0.72715906615685566
 -0.21995516458155873
 -0.98983136742132305
 -0.88108336773961071
 -0.8910413592107852
 0.69147456057248458
 0.99355785265223773
 -0.17784495966932298
 -0.37504925466358852
 0.42149746129340659
 -0.79284699542711268
 0.0053715297560473045
 0.97700577919626508
 0.96208462205960266
 0.36506888685045302
 0.7609787877609705
 0.52938408740299536
 0.24830337378897069
 -0.055988358703845706
 -0.35504638522223064
 -0.62091521972729924
 0.20946266110028544
 -0.95909896399592787
 -0.99980097558199144
 -0.94704312407739244
 -0.8057571325940257
 0.94947927516166009
 0.82442307956011951
 0.048325171352559641
 -0.76593482025537174
 -0.97534090919269134
 -0.41452642614610541
 0.93620405186557298
 0.98777222774170659
 0.96772249425417678
 0.84634488309812139
 0.64585224921887574
 -0.92671681226430636
 -0.2616592559684634
 0.61002896648465676
 0.99998115688567257
 0.60025452691696923
 -0.90844011502318567
 -0.99228306681626133
 -0.98336891810956462
 -0.88253094986404579
 -0.69919534082601087
 -0.45050002278269863
 0.46278819464259663
 -0.42566819512619902
 -0.97797709263318722
 -0.75798364069952995
 0.060584717496686646
 0.83130970592959941
 0.99390102147704307
 0.31310105095444601
 0.74890204634163549
 -0.99886844535843011
 0.23042228230537098
 -0.074365698426512916
 0.9103551002125686
 0.88035646287310099
 0.15514587246881095
 -0.69258243610723424
 -0.99338275770275697
 -0.50971497319771586
 0.37647151477281421
 -0.57416995275079008
 -0.29995352783086127
 -0.0069062308541822806
 0.3043425181213476
 -0.96166488978812192
 -0.36363965359780637
 0.94251761959052915
 0.99943004815055925
 0.96291728734779902
 0.83639249410950756
 -0.88682375306288164
 0.36792477034572635
 0.069773484752231343
 -0.23490011927419616
 -0.51761562011456874
 0.55517139367099122
 -0.9159841062931755
 -0.99439821600798184
 -0.82355349158424873
 -0.046792177966206036
 0.76692062383185378
 -0.43398250394614873
 0.4131292768474466
 0.16423604820363752
 0.4546057459877848
 -0.72080705811183032
 0.8846867284937584
 0.86073421449037835
 0.99170166301589102
 0.2601776877420115
 0.73657130166022011
 0.49778317453547566
 0.21246303906392794
 -0.092717815718463617
 0.93181846452520023
 0.85282053973501504
 -0.84878825808546021
 -0.73135951650067665
 -0.98552463682815961
 -0.93457595984954878
 -0.78340102697185532
 0.97829625774311346
 -0.28233491333365301
 -0.06211655650361627
 -0.83216174413215693
 0.59286423571776004
 -0.31164311913308568
 0.5678704142573785
 0.99894025871852765
 0.64115327353555451
 0.82615642793918065
 -0.9109891421147539
 -0.87962748441830119
 0.051390813039935278
 -0.25276072413051021
 0.99320532294327812
 -0.7639578031886699
 -0.92321742549042496
 -0.96576012155713209
 -0.79097267063101617
 0.0084409156854071687
 0.80118876405724115
 0.9612428924147971
 0.3622095638296921
 -0.52285837562992521
 -0.99502834951811658
 0.71546700626009307
 0.89312185138248557
 0.98728903446803762
 0.98916595154481612
 0.89857715128068705
 0.72399073590500151
 0.48172677598880875
 -0.55389425006308268
 -0.1110384861372592
 -0.40612900000404117
 0.82268196381360825
 -0.85838131514628802
 -0.97326726303900257
 -0.9746588744632797
 -0.92786582682140228
 0.47633806457826483
 0.98824611464094247
 -0.26462053999945312
 -0.11713731374898172
 -0.86151446198985537
 0.60759392032490089
 0.81917649590739106
 0.61245826520808466
 0.99995760315919946
 0.59779672096999548
 0.81564015632847064
 -0.93237435841533678
 0.3334331020884379
 0.032990711232170816
 0.73240532865648289
 0.98526328999226143
 0.46006503773119856
 -0.93013761930787031
 -0.97861311857772648
 -0.75597794531356421
 -0.85521581914817602
 -0.65864840122301938
 0.94455120671081727
 -0.10493547390374451
 -0.56913300896187546
 -0.99900971917850867
 -0.63997474726332781
