# Created by Octave 8.4.0, Thu Dec 11 09:16:06 2025 IST <gamana@Samsung>
# name: iq
# type: matrix
# rows: 2048
# columns: 1
 1
 0.60515314967079348
 -0.26757933088703645
 -0.92900609941698054
 0.336325333479365
 -0.10798748872685082
 0.72610466550790553
 0.98679653937238487
 0.46822140226297015
 -0.42010522672696088
 -0.99739959216031482
 -0.76197358843289098
 -0.85680260336409153
 0.82788199261989504
 -0.40332217000396425
 -0.10798748872685082
 -0.56153743692579583
 0.48441433643541743
 -0.64702319695337762
 0.2154614152901913
 0.9077975051441477
 0.98679653937238465
 0.1612074989385934
 0.71331917142438028
 -0.99406909454407066
 0.17935501392598432
 0.37077718740857579
 0.9637408804343649
 0.7956444711141426
 -0.00076736500861407635
 -0.79657321781796042
 -0.96333021840326272
 -0.92203355216466776
 0.51630187553582951
 0.99423482618450443
 0.6870267976200668
 -0.16272196520846155
 -0.88397021715310997
 0.61971144815431445
 0.82788199261989504
 0.64819262069187789
 0.99983041623178193
 0.56026686158099936
 0.80666512125541268
 0.59038960288433207
 0.31892536915557335
 0.017648480643128749
 0.76296659435509484
 -0.56153743692579727
 -0.7853050539592259
 -0.93566355795921996
 -0.98704394936000728
 -0.96810813435476473
 -0.84716133746730915
 0.85759296924080952
 -0.38640231949417558
 0.26610024882900735
 0.2154614152901913
 0.50044297299076146
 -0.60393062484249249
 0.9077975051441477
 0.92957295411873897
 0.85601021937775568
 0.10646160669493715
 -0.72715906615685078
 -0.98654680508791737
 0.1612074989385934
 0.42149746129340016
 0.97700577919626364
 0.7609787877609705
 -0.8752101648306293
 -0.98046585238934292
 -0.99406909454407066
 -0.31747040782898966
 -0.74991820004097443
 0.99863888959664804
 0.64585224921887574
 -0.21695984392310549
 -0.90844011502317967
 -0.88253094986404579
 0.83807101776911563
 0.9637408804343649
 0.99390102147704307
 0.51367074118915579
 0.79564447111414049
 0.57542581511072144
 0.30141723570001927
 0.0023020932183935843
 -0.30288023361216132
 -0.57668032211486553
 0.36792477034572635
 -0.51761562011455653
 -0.9993770622619782
 -0.96333021840326272
 -0.8372327419467338
 -0.63287203175829598
 -0.36935141386161252
 -0.071304391795586203
 -0.64936051767992853
 0.51630187553582951
 -0.55899496658575176
 0.91536727170487375
 0.94851151593640137
 0.98016283268951387
 0.87446671960772626
 -0.76395780318866069
 0.43536466339879998
 -0.41731779233287913
 0.47093140178253623
 -0.45323823806721858
 0.72399073590501128
 -0.1110384861372592
 -0.85838131514628069
 -0.92786582682140761
 -0.26462053999945312
 -0.73760846374062494
 0.99999528921032244
 0.60270667751827289
 -0.27053560075471322
 -0.93013761930787031
 0.64819262069187789
 -0.10493547390375864
 0.96849149417710867
 0.99847409117038255
 0.93512086019445517
 0.78435396419772463
 0.56026686158099936
 -0.75998219468248429
 -0.019182950395057383
 -0.32037957928655969
 -0.59162761605977232
 -0.80757120990081976
 -0.56407461669631687
 -0.9998575018847834
 -0.64467978024643724
 0.21845776152962559
 0.90908058516579637
 0.8818081973056815
 -0.052923454120163547
 -0.69036505634113388
 -0.99373060737930219
 0.76296659435509939
 0.3736261111647376
 0.96455539355974218
 0.97634672945533696
 0.86538522478011948
 0.67352883541892117
 0.41871200264625297
 -0.36649726022122142
 0.5189281455033995
 -0.46957695504264702
 0.68479319633608504
 -0.89243045547475575
 -0.9870439493600085
 -0.98939008741680945
 -0.89924955625485847
 -0.72504855459477169
 -0.48307112512406863
 -0.19593694714062365
 0.10951311640544466
 0.40472606164912256
 0.6621058348567973
 -0.049858050913987026
 0.97291362704571205
 0.99728780989863108
 0.41592259907073292
 0.77279742987957578
 -0.98753179411920244
 -0.72293121193018939
 0.11256359432942846
 -0.3377702626083236
 0.92729241161337761
 0.26314020788369136
 -0.9537233602852011
 -0.99998940073362763
 -0.9527959268197127
 0.27201278160118081
 -0.60393062484248683
 0.85441940454650211
 0.10340909394795389
 -0.72926272673208903
 0.54748902268809918
 -0.46414813962684615
 0.92957295411873897
 0.99750902515076378
 0.75898381154481431
 0.85601021937775568
 -0.83045570966328242
 0.40191732837529215
 -0.31455824529877263
 0.5653412151459779
 -0.48575640675906639
 0.64350579279766673
 -0.21995516458155873
 -0.98983136742132305
 -0.98654680508791737
 -0.8910413592107852
 0.69147456057248458
 0.99355785265223773
 0.51103476725282548
 -0.37504925466358852
 0.42149746129340659
 -0.79284699542711268
 0.86691927435109684
 0.79934819172794036
 0.96208462205960266
 0.36506888685045302
 -0.52023944861085925
 0.52938408740299536
 0.24830337378897069
 -0.055988358703845706
 0.88611349812894491
 -0.62091521972729924
 -0.82874185099002262
 -0.65169172040482393
 -0.9982092555350186
 -0.94704312407739244
 -0.8057571325940257
 -0.58915019910744659
 -0.31747040782897623
 -0.016113969322028313
 -0.76593482025537174
 -0.97534090919269134
 0.7862542940161692
 0.93620405186557298
 0.98777222774170659
 0.7218699851659488
 -0.11408843738974658
 -0.85995193962079575
 -0.92671681226430636
 -0.2616592559684634
 -0.21695984392310549
 0.99998115688567257
 -0.73967757338202433
 -0.90844011502318567
 -0.99228306681626133
 -0.98336891810956462
 -0.10188247042275954
 0.73031198170342548
 0.98578366236304771
 0.46278819464259663
 0.14604254134424832
 0.43812590268212964
 0.68925392602655566
 0.060584717496686646
 0.83130970592959941
 0.94555465629370727
 0.91412713582838767
 0.74890204634163549
 -0.99886844535843011
 0.23042228230537098
 0.22145204955192735
 0.9103551002125686
 -0.63524559604554065
 0.15514587246881095
 -0.69258243610723424
 -0.99338275770275697
 -0.50971497319771586
 -0.79471385035233399
 -0.57416995275079008
 -0.29995352783086127
 0.0023020932183935843
 -0.80026942036837689
 0.57793347080836122
 0.79750008827622731
 0.94251761959052915
 0.99487433075577603
 0.96291728734779902
 0.83639249410950756
 0.63168301221953482
 -0.90455241285493049
 -0.20796173030008755
 0.65285502065077339
 0.99811627435049122
 -0.7519452059868672
 -0.32618883937625204
 -0.99439821600798184
 -0.97985750431784746
 -0.046792177966206036
 0.76692062383185378
 -0.43398250394614873
 0.4131292768474466
 -0.47498807387394915
 -0.98801033476922906
 -0.72080705811183032
 0.11561301172658989
 0.86073421449037835
 0.92613903012995313
 0.2601776877420115
 -0.61124433570766012
 0.49778317453547566
 0.21246303906392794
 0.27496521772261423
 0.93181846452520023
 0.85282053973501504
 0.10035560692400715
 -0.73135951650067665
 -0.98552463682815961
 -0.93457595984954878
 0.42705643886636363
 0.97829625774311346
 0.75698168450242054
 0.020717374963544161
 0.32183303479668407
 0.59286423571776004
 0.80847539639604582
 0.94851151593640592
 0.99988223247719876
 0.64115327353555451
 0.82615642793918065
 0.61729952884911965
 -0.87962748441830119
 0.051390813039935278
 -0.25276072413051021
 -0.53328457614273284
 0.5083939785619066
 -0.92321742549042496
 -0.99617609760654102
 -0.79097267063101617
 0.0084409156854071687
 -0.67239363004398134
 -0.4173177923328662
 0.3622095638296921
 -0.52285837562992521
 -0.99502834951811658
 -0.68143070381530291
 0.89312185138248557
 0.88753191917548446
 0.98916595154481612
 0.20646030966758724
 -0.65401678316449274
 -0.99802094220665827
 0.19443173525695573
 -0.1110384861372592
 0.95043808879258174
 -0.66325519730728677
 0.045259074365704664
 -0.76790462100639278
 -0.99717367862900375
 -0.41173115446567415
 0.47633806457826483
 -0.54363038747502812
 -0.26462053999945312
 -0.11713731374898172
 -0.86151446198985537
 -0.92555906657122378
 -0.25869550669401586
 0.61245826520808466
 0.99999528921032244
 0.59779672096999548
 -0.27644046604345041
 -0.93237435841533678
 0.3334331020884379
 -0.098828507048008718
 -0.27053560075472688
 -0.5487726593549993
 0.46006503773119856
 -0.93013761930787031
 -0.99761610861221961
 -0.75597794531356421
 0.063648249201443158
 -0.65864840122301938
 -0.40051154007206008
 0.31018445326869876
 0.20044979956074258
 -0.99900971917850867
 0.72821175405807848
 0.9012540563331356
