# Created by Octave 8.4.0, Thu Dec 11 09:16:06 2025 IST <gamana@Samsung>
# name: iq
# type: matrix
# rows: 2048
# columns: 1
 1
 0.60515314967079348
 -0.26757933088703645
 0.60515314967079337
 0.336325333479365
 -0.10798748872685082
 -0.26757933088703667
 0.98679653937238487
 0.46822140226297015
 -0.42010522672696088
 -0.99739959216031482
 -0.97255769945533388
 -0.85680260336409153
 -0.66095491288473074
 -0.40332217000396425
 0.31892536915557507
 0.19744169751515539
 -0.9985576663829947
 -0.64702319695337762
 0.2154614152901913
 0.98961189288312468
 0.88325162371234833
 0.89173695753970295
 0.71331917142438028
 0.46822140226296938
 -0.51498691486160741
 -0.126277206267076
 0.9637408804343649
 -0.67466245436658678
 -0.86615326963267925
 -0.97667740455693652
 -0.99590323237511935
 -0.36935141386161585
 0.51630187553582951
 -0.53068550131166847
 -0.24978974675651788
 -0.16272196520846155
 0.35361122716835897
 -0.90715275704229548
 0.82788199261989504
 0.64819262069187789
 0.99847409117038255
 0.56026686158099936
 0.80666512125541268
 -0.94802428457192678
 0.31892536915557335
 0.017648480643128749
 0.76296659435509484
 -0.56153743692579727
 0.41871200264625297
 -0.46957695504264702
 -0.99855766638299481
 -0.96810813435476473
 0.10951311640544466
 0.85759296924080952
 0.92843705653776321
 0.26610024882900735
 0.2154614152901913
 -0.99999882230188708
 0.73864388846083573
 0.9077975051441477
 0.9920916021661278
 0.85601021937775568
 0.88325162371234833
 -0.72715906615685078
 -0.98654680508791737
 0.1612074989385934
 0.42149746129340016
 -0.43674579739516622
 -0.68814117224586857
 -0.8752101648306293
 -0.82874185099002262
 -0.99406909454407066
 -0.91474828106395512
 0.56280668962743263
 -0.51498691486160741
 0.64585224921887574
 0.072835130888845759
 0.37077718740857579
 0.634059560632665
 0.83807101776911563
 0.68925392602654534
 0.99390102147704307
 0.51367074118915579
 0.79564447111414049
 0.57542581511072144
 -0.79471385035234265
 -0.00076736500861407635
 0.79750008827622731
 0.9629172873478028
 0.36792477034572635
 -0.51761562011455653
 -0.99439821600798184
 -0.68591080477393629
 -0.8372327419467338
 0.8846867284937584
 -0.36935141386161252
 -0.071304391795586203
 -0.64936051767992853
 0.51630187553582951
 0.75093258738581303
 0.32183303479668407
 0.94851151593640137
 0.82615642793918065
 0.051390813039935278
 0.68702679762006169
 0.43536466339879998
 -0.41731779233287913
 -0.16272196520846155
 0.98728903446803762
 -0.70138649497904204
 -0.1110384861372592
 -0.98392175803403514
 -0.99189780074717793
 -0.90715275704229548
 0.60759392032488957
 0.99999528921032244
 0.60270667751827289
 0.091189587921087126
 -0.93013761930787031
 0.64819262069187789
 0.84797579643587995
 0.72821175405807848
 0.98629474709482945
 0.46550699135830681
 0.78435396419772463
 0.56026686158099936
 -0.75998219468248429
 0.057520614988206521
 0.82959975734471325
 0.9465491972583544
 0.31601469873379551
 -0.56407461669631687
 -0.99871776062003026
 -0.95822557211480941
 0.21845776152962559
 0.90908058516579637
 0.8818081973056815
 -0.052923454120163547
 0.25127553137023834
 -0.99373060737930219
 0.76296659435509939
 0.3736261111647376
 0.96455539355974218
 0.79378135772453473
 -0.0038368160058314137
 0.67352883541892117
 0.41871200264625297
 0.1247546135053899
 -0.18086464573051755
 0.99455926362965252
 0.68479319633608504
 -0.89243045547475575
 -0.9870439493600085
 -0.90585685224972345
 -0.21096309853294973
 0.65052688516665591
 -0.48307112512406863
 0.55772175493586962
 0.10951311640544466
 -0.94899651318043343
 -0.82529072569298034
 -0.049858050913987026
 0.97291362704571205
 0.97567848098621912
 0.41592259907073292
 0.77279742987957578
 0.54491788372008809
 -0.72293121193018939
 -0.037592029547473621
 0.85916763922364559
 -0.60637424912365256
 -0.81829530004591811
 -0.9537233602852011
 -0.99999882230188708
 -0.60148131058103105
 -0.81652712817408524
 0.93070009365436368
 -0.33487961217098988
 -0.034524566527187259
 0.2690577826897263
 -0.98604036598681322
 0.77474182782419287
 0.92957295411873897
 0.97765562399971406
 0.75898381154481431
 0.85601021937775568
 -0.83045570966328242
 0.40191732837529215
 0.10646160669493009
 0.5653412151459779
 0.99879427926736775
 -0.72715906615685566
 -0.90058801035737768
 -0.98983136742132305
 -0.88108336773961071
 -0.15666183615691048
 0.69147456057248458
 -0.46686474663636957
 -0.17784495966932298
 0.1277995015959035
 0.42149746129340659
 -0.79284699542711268
 0.0053715297560473045
 0.97700577919626508
 0.9957632809772784
 0.36506888685045302
 0.7609787877609705
 -0.9947179686701888
 -0.68367397493892357
 -0.055988358703845706
 -0.35504638522223064
 -0.62091521972729924
 -0.82874185099002262
 -0.95909896399592787
 -0.99980097558199144
 -0.55644722963027093
 -0.8057571325940257
 0.94947927516166009
 -0.31747040782897623
 -0.016113969322028313
 0.28674877834389367
 -0.97534090919269134
 0.7862542940161692
 0.93620405186557298
 0.99863888959664804
 0.7218699851659488
 -0.11408843738974658
 0.64585224921887574
 -0.92671681226430636
 0.088132491563609597
 -0.21695984392310549
 -0.50177110567169725
 0.60025452691696923
 -0.90844011502318567
 -0.93126037583336918
 -0.85362097744857279
 -0.88253094986404579
 -0.69919534082601087
 -0.45050002278269863
 -0.15969265296119067
 -0.42566819512619902
 -0.97797709263318722
 -0.75798364069952995
 0.87595154858681679
 0.98076656270360296
 0.99390102147704307
 0.91412713582838767
 0.74890204634163549
 0.51367074118914369
 0.23042228230537098
 -0.074365698426512916
 -0.37220208762835455
 0.88035646287310099
 0.15514587246881095
 -0.96414927247383364
 -0.99926402882828158
 -0.50971497319771586
 -0.79471385035233399
 -0.57416995275079008
 -0.29995352783086127
 -0.0069062308541822806
 -0.80026942036837689
 0.57793347080836122
 -0.36363965359780637
 0.94251761959052915
 0.99943004815055925
 0.68255314321866201
 0.83639249410950756
 0.63168301221953482
 -0.90455241285493049
 -0.20796173030008755
 0.65285502065077339
 0.99811627435049122
 0.55517139367099122
 -0.9159841062931755
 -0.99439821600798184
 -0.97985750431784746
 -0.87372121466920871
 -0.68591080477393629
 0.97500104008487365
 0.4131292768474466
 -0.47498807387394915
 -0.98801033476922906
 -0.72080705811183032
 0.8846867284937584
 0.86073421449037835
 0.99170166301589102
 0.906505872236266
 -0.61124433570766012
 0.49778317453547566
 0.21246303906392794
 -0.092717815718463617
 -0.38923155116934799
 -0.64936051767992853
 0.10035560692400715
 -0.73135951650067665
 -0.98552463682815961
 -0.93457595984954878
 0.42705643886636363
 0.97829625774311346
 0.75698168450242054
 0.020717374963544161
 0.32183303479668407
 -0.94505404449062247
 -0.31164311913308568
 0.5678704142573785
 0.99894025871852765
 0.64115327353555451
 -0.22294841291494655
 0.61729952884911965
 0.35073841575927878
 -0.15362954335073706
 0.69368868033596887
 -0.53328457614273284
 0.5083939785619066
 -0.92321742549042496
 -0.99617609760654102
 -0.79097267063101617
 0.0084409156854071687
 0.80118876405724115
 0.9612428924147971
 0.3622095638296921
 -0.52285837562992521
 0.47093140178253623
 0.71546700626009307
 0.17028847612566869
 0.98728903446803762
 0.90389699651915167
 0.20646030966758724
 -0.65401678316449274
 0.48172677598880875
 0.19443173525695573
 0.3276392421862615
 0.95043808879258174
 0.82268196381360825
 -0.85838131514628802
 -0.97326726303900257
 -0.9746588744632797
 -0.92786582682140228
 -0.77182249939500824
 -0.54363038747502812
 -0.26462053999945312
 -0.11713731374898172
 -0.86151446198985537
 -0.92555906657122378
 0.81917649590739106
 0.95418370796813667
 0.99999528921032244
 0.95232884322163303
 0.81564015632847064
 -0.93237435841533678
 -0.85201809329117661
 -0.098828507048008718
 0.73240532865648289
 0.98526328999226143
 0.46006503773119856
 -0.93013761930787031
 -0.97861311857772648
 -0.75597794531356421
 0.063648249201443158
 0.83301182226409876
 0.94455120671081727
 -0.10493547390374451
 0.20044979956074258
 -0.99900971917850867
 0.72821175405807848
 0.22444425114614314
