# Created by Octave 8.4.0, Thu Dec 11 09:16:06 2025 IST <gamana@Samsung>
# name: iq
# type: matrix
# rows: 2048
# columns: 1
 1
 0.95326076620586331
 -0.26757933088703645
 0.60515314967079337
 0.336325333479365
 0.036058340503170451
 -0.26757933088703667
 -0.54620409646762802
 -0.7737705401199878
 -0.42010522672696088
 -0.99739959216031482
 -0.76197358843289098
 0.054455970544694823
 0.82788199261989504
 -0.40332217000396425
 0.31892536915557507
 0.19744169751515539
 0.48441433643541743
 0.72610466550790553
 0.89991984314001949
 0.9077975051441477
 0.98679653937238465
 0.89173695753970295
 0.71331917142438028
 -0.99406909454407066
 -0.51498691486160741
 0.37077718740857579
 -0.42010522672696088
 -0.67466245436658678
 -0.86615326963267925
 -0.79657321781796042
 -0.99590323237511935
 -0.92203355216466776
 -0.76197358843289098
 -0.53068550131166847
 0.6870267976200668
 0.054455970544694823
 0.35361122716835897
 0.61971144815431445
 0.82788199261989504
 0.64819262069187789
 0.99983041623178193
 0.94753482023462876
 0.80666512125541268
 -0.94802428457192678
 0.31892536915557335
 -0.052923454120163547
 0.76296659435509484
 0.97634672945533696
 0.41871200264625297
 -0.46957695504264702
 -0.98704394936000728
 -0.96810813435476473
 -0.84716133746730915
 -0.64702319695337762
 0.92843705653776321
 -0.089661145336106474
 0.2154614152901913
 -0.99999882230188708
 0.73864388846083573
 0.9077975051441477
 0.92957295411873897
 0.98364649651042202
 0.88325162371234833
 0.70029174263479022
 -0.98654680508791737
 0.1612074989385934
 -0.14452409467834526
 -0.43674579739516622
 -0.68814117224586857
 -0.055988358703831516
 -0.82874185099002262
 -0.94704312407739244
 -0.91474828106395512
 -0.74991820004097443
 -0.51498691486160741
 0.64585224921887574
 0.072835130888845759
 -0.90844011502317967
 -0.88253094986404579
 0.83807101776911563
 0.9637408804343649
 0.99932172244443662
 0.51367074118915579
 0.79564447111414049
 -0.96414927247383364
 0.30141723570001927
 -0.00076736500861407635
 0.79750008827622731
 0.9629172873478028
 -0.79657321781796253
 -0.51761562011455653
 -0.9993770622619782
 -0.68591080477393629
 -0.8372327419467338
 0.8846867284937584
 0.906505872236266
 -0.071304391795586203
 -0.64936051767992853
 -0.99838816415566489
 0.75093258738581303
 0.91536727170487375
 0.99423482618450487
 0.82615642793918065
 0.051390813039935278
 -0.76395780318866069
 -0.97601375467033502
 0.14300530760092806
 -0.16272196520846155
 -0.45323823806721858
 0.72399073590501128
 -0.88397021715310997
 -0.85838131514628069
 -0.92786582682140761
 -0.90715275704229548
 -0.73760846374062494
 0.99999528921032244
 -0.21396247916026584
 0.091189587921087126
 -0.93013761930787031
 0.64819262069187789
 0.84797579643587995
 0.96849149417710867
 0.98629474709482945
 0.93512086019445517
 -0.42288870306631471
 -0.97733185259986499
 -0.75998219468248429
 -0.019182950395057383
 -0.32037957928655969
 -0.59162761605977232
 -0.80757120990081976
 -0.56407461669631687
 -0.99871776062003026
 -0.64467978024643724
 -0.82702018425964863
 0.90908058516579637
 0.8818081973056815
 0.15817743084431238
 -0.69036505634113388
 -0.99373060737930219
 0.76296659435509939
 0.92262657540312143
 0.99604083802624588
 0.79378135772453473
 0.86538522478011948
 0.67352883541892117
 0.41871200264625297
 0.1247546135053899
 -0.18086464573051755
 0.99455926362965252
 0.68479319633608504
 -0.89243045547475575
 -0.9870439493600085
 -0.98939008741680945
 -0.89924955625485847
 -0.72504855459477169
 -0.48307112512406863
 0.55772175493586962
 -0.32328573226248619
 -0.94899651318043343
 -0.82529072569298034
 -0.049858050913987026
 0.76494721259890497
 0.97567848098621912
 0.41592259907073292
 0.77279742987957578
 0.54491788372008809
 -0.72293121193018939
 -0.037592029547473621
 0.85916763922364559
 -0.60637424912365256
 -0.81829530004591811
 -0.6088121604017056
 -0.99999882230188708
 -0.60148131058103105
 -0.81652712817408524
 0.93070009365436368
 0.85441940454650211
 -0.034524566527187259
 -0.72926272673208903
 0.54748902268809918
 -0.46414813962684615
 0.4242789487687742
 0.99750902515076378
 0.75898381154481431
 0.85601021937775568
 -0.83045570966328242
 -0.94605304094091414
 -0.31455824529877263
 -0.19894598283625273
 -0.48575640675906639
 0.64350579279766673
 -0.90058801035737768
 -0.90971891406342786
 -0.88108336773961071
 -0.15666183615691048
 0.69147456057248458
 -0.46686474663636957
 -0.17784495966932298
 -0.37504925466358852
 -0.96495924273552103
 0.6757944842168484
 0.0053715297560473045
 0.79934819172794036
 0.96208462205960266
 0.36506888685045302
 -0.52023944861085925
 -0.9947179686701888
 0.24830337378897069
 0.16726305010568898
 -0.35504638522223064
 0.90520569861137001
 0.20946266110028544
 -0.95909896399592787
 -0.9982092555350186
 -0.94704312407739244
 0.32473766826230821
 0.94947927516166009
 -0.31747040782897623
 0.048325171352559641
 -0.76593482025537174
 -0.97534090919269134
 0.7862542940161692
 0.93620405186557298
 0.98777222774170659
 0.96772249425417678
 -0.11408843738974658
 -0.85995193962079575
 0.38498633679420874
 -0.2616592559684634
 0.61002896648465676
 0.99998115688567257
 0.60025452691696923
 -0.90844011502318567
 -0.93126037583336918
 -0.98336891810956462
 -0.88253094986404579
 -0.69919534082601087
 0.98578366236304771
 0.46278819464259663
 -0.42566819512619902
 -0.97797709263318722
 0.68925392602655566
 0.060584717496686646
 0.83130970592959941
 0.99390102147704307
 0.91412713582838767
 0.74890204634163549
 0.51367074118914369
 -0.6423302896377806
 -0.074365698426512916
 -0.37220208762835455
 0.88035646287310099
 0.15514587246881095
 -0.69258243610723424
 -0.99338275770275697
 -0.50971497319771586
 0.37647151477281421
 -0.57416995275079008
 -0.29995352783086127
 -0.0069062308541822806
 0.3043425181213476
 0.57793347080836122
 -0.36363965359780637
 0.52154952634828522
 0.99487433075577603
 0.68255314321866201
 -0.16877596188281066
 -0.88682375306288164
 0.36792477034572635
 0.069773484752231343
 0.65285502065077339
 0.99811627435049122
 -0.7519452059868672
 -0.9159841062931755
 -0.99439821600798184
 -0.97985750431784746
 -0.046792177966206036
 0.76692062383185378
 0.97500104008487365
 0.4131292768474466
 -0.47498807387394915
 0.4546057459877848
 0.70247959528018322
 0.11561301172658989
 0.98419470203205239
 0.99170166301589102
 0.906505872236266
 -0.61124433570766012
 -0.99997055768587484
 0.21246303906392794
 -0.092717815718463617
 0.93181846452520023
 -0.64936051767992853
 0.10035560692400715
 -0.96887257281824157
 -0.98552463682815961
 -0.93457595984954878
 0.42705643886636363
 -0.55899496658575176
 -0.28233491333365301
 -0.06211655650361627
 0.32183303479668407
 -0.94505404449062247
 -0.31164311913308568
 0.94851151593640592
 0.99894025871852765
 0.64115327353555451
 0.82615642793918065
 0.61729952884911965
 0.35073841575927878
 -0.15362954335073706
 -0.25276072413051021
 0.99320532294327812
 -0.7639578031886699
 -0.92321742549042496
 -0.96576012155713209
 -0.79097267063101617
 -0.86461514160246733
 0.80118876405724115
 0.9612428924147971
 -0.12323172689716683
 0.18237385152714947
 -0.99502834951811658
 0.71546700626009307
 0.17028847612566869
 0.88753191917548446
 0.90389699651915167
 0.89857715128068705
 -0.65401678316449274
 -0.99802094220665827
 -0.55389425006308268
 0.3276392421862615
 0.95043808879258174
 0.82268196381360825
 0.045259074365704664
 -0.76790462100639278
 -0.99717367862900375
 -0.92786582682140228
 0.47633806457826483
 -0.54363038747502812
 -0.26462053999945312
 -0.11713731374898172
 0.33921439615447818
 -0.92555906657122378
 -0.25869550669401586
 0.61245826520808466
 0.99999528921032244
 0.95232884322163303
 0.81564015632847064
 0.60270667751827289
 -0.85201809329117661
 0.032990711232170816
 0.73240532865648289
 -0.5487726593549993
 0.46006503773119856
 -0.93013761930787031
 -0.99761610861221961
 -0.97183897284212029
 0.063648249201443158
 0.83301182226409876
 0.94455120671081727
 -0.10493547390374451
 0.20044979956074258
 0.4870973329339145
 0.72821175405807848
