# Created by Octave 8.4.0, Thu Dec 11 09:16:05 2025 IST <gamana@Samsung>
# name: iq
# type: complex matrix
# rows: 2048
# columns: 1
 (0.31684721375253577,-0.31684721375253577)
 (-0.31684721375253577,-0.95054164125760732)
 (-0.95054164125760732,-0.95054164125760732)
 (-0.95054164125760732,0.95054164125760732)
 (0.31684721375253577,-0.95054164125760732)
 (-0.31684721375253577,0.95054164125760732)
 (0.95054164125760732,0.95054164125760732)
 (-0.31684721375253577,0.95054164125760732)
 (0.95054164125760732,0.95054164125760732)
 (0.31684721375253577,-0.31684721375253577)
 (0.31684721375253577,0.95054164125760732)
 (0.31684721375253577,0.95054164125760732)
 (0.31684721375253577,0.31684721375253577)
 (0.31684721375253577,-0.31684721375253577)
 (-0.95054164125760732,-0.31684721375253577)
 (0.95054164125760732,0.31684721375253577)
 (0.95054164125760732,0.95054164125760732)
 (-0.95054164125760732,-0.31684721375253577)
 (0.95054164125760732,0.95054164125760732)
 (0.31684721375253577,0.31684721375253577)
 (0.31684721375253577,-0.31684721375253577)
 (0.95054164125760732,-0.31684721375253577)
 (0.95054164125760732,-0.31684721375253577)
 (-0.31684721375253577,0.31684721375253577)
 (0.95054164125760732,-0.95054164125760732)
 (-0.31684721375253577,0.31684721375253577)
 (0.95054164125760732,0.31684721375253577)
 (0.31684721375253577,-0.31684721375253577)
 (-0.95054164125760732,0.31684721375253577)
 (-0.95054164125760732,0.95054164125760732)
 (0.31684721375253577,-0.31684721375253577)
 (0.95054164125760732,0.31684721375253577)
 (0.31684721375253577,-0.31684721375253577)
 (0.31684721375253577,0.31684721375253577)
 (0.95054164125760732,0.95054164125760732)
 (0.95054164125760732,0.95054164125760732)
 (0.95054164125760732,0.31684721375253577)
 (-0.95054164125760732,0.31684721375253577)
 (-0.95054164125760732,-0.95054164125760732)
 (0.95054164125760732,-0.95054164125760732)
 (0.31684721375253577,-0.95054164125760732)
 (-0.95054164125760732,-0.95054164125760732)
 (-0.95054164125760732,-0.31684721375253577)
 (-0.31684721375253577,0.31684721375253577)
 (-0.95054164125760732,-0.95054164125760732)
 (-0.31684721375253577,-0.95054164125760732)
 (0.95054164125760732,-0.31684721375253577)
 (0.31684721375253577,0.31684721375253577)
 (-0.31684721375253577,-0.31684721375253577)
 (-0.31684721375253577,-0.31684721375253577)
 (-0.95054164125760732,-0.95054164125760732)
 (-0.31684721375253577,0.31684721375253577)
 (-0.31684721375253577,-0.95054164125760732)
 (0.95054164125760732,-0.31684721375253577)
 (0.31684721375253577,-0.95054164125760732)
 (-0.31684721375253577,0.31684721375253577)
 (0.95054164125760732,0.95054164125760732)
 (0.95054164125760732,0.95054164125760732)
 (0.31684721375253577,-0.31684721375253577)
 (0.95054164125760732,0.31684721375253577)
 (-0.31684721375253577,0.31684721375253577)
 (-0.31684721375253577,0.95054164125760732)
 (0.95054164125760732,0.95054164125760732)
 (-0.95054164125760732,0.95054164125760732)
 (-0.31684721375253577,0.95054164125760732)
 (0.31684721375253577,0.31684721375253577)
 (0.31684721375253577,-0.95054164125760732)
 (-0.31684721375253577,0.95054164125760732)
 (-0.31684721375253577,-0.95054164125760732)
 (-0.31684721375253577,-0.95054164125760732)
 (0.95054164125760732,0.31684721375253577)
 (-0.95054164125760732,0.95054164125760732)
 (0.31684721375253577,-0.95054164125760732)
 (0.95054164125760732,0.95054164125760732)
 (0.31684721375253577,0.95054164125760732)
 (-0.95054164125760732,0.95054164125760732)
 (-0.95054164125760732,-0.95054164125760732)
 (-0.31684721375253577,0.95054164125760732)
 (0.31684721375253577,0.95054164125760732)
 (0.95054164125760732,-0.95054164125760732)
 (0.31684721375253577,-0.31684721375253577)
 (-0.31684721375253577,0.31684721375253577)
 (-0.95054164125760732,-0.31684721375253577)
 (-0.31684721375253577,-0.31684721375253577)
 (0.31684721375253577,0.31684721375253577)
 (-0.31684721375253577,-0.31684721375253577)
 (0.31684721375253577,-0.31684721375253577)
 (-0.95054164125760732,0.31684721375253577)
 (0.95054164125760732,0.31684721375253577)
 (0.95054164125760732,-0.95054164125760732)
 (-0.31684721375253577,0.95054164125760732)
 (-0.95054164125760732,0.95054164125760732)
 (-0.31684721375253577,-0.31684721375253577)
 (0.31684721375253577,-0.31684721375253577)
 (-0.95054164125760732,0.31684721375253577)
 (-0.31684721375253577,-0.95054164125760732)
 (0.95054164125760732,-0.95054164125760732)
 (0.95054164125760732,-0.31684721375253577)
 (-0.95054164125760732,-0.95054164125760732)
 (0.31684721375253577,0.31684721375253577)
 (-0.95054164125760732,-0.95054164125760732)
 (-0.95054164125760732,0.95054164125760732)
 (-0.31684721375253577,0.95054164125760732)
 (-0.31684721375253577,0.95054164125760732)
 (0.95054164125760732,-0.95054164125760732)
 (-0.95054164125760732,0.31684721375253577)
 (0.31684721375253577,-0.95054164125760732)
 (0.95054164125760732,0.31684721375253577)
 (0.95054164125760732,-0.95054164125760732)
 (-0.31684721375253577,0.95054164125760732)
 (0.31684721375253577,0.31684721375253577)
 (0.31684721375253577,0.95054164125760732)
 (-0.95054164125760732,0.95054164125760732)
 (-0.95054164125760732,-0.95054164125760732)
 (0.31684721375253577,-0.31684721375253577)
 (0.95054164125760732,-0.31684721375253577)
 (0.31684721375253577,0.31684721375253577)
 (-0.95054164125760732,0.31684721375253577)
 (-0.95054164125760732,-0.95054164125760732)
 (-0.95054164125760732,-0.31684721375253577)
 (-0.95054164125760732,-0.95054164125760732)
 (0.31684721375253577,0.31684721375253577)
 (0.31684721375253577,0.95054164125760732)
 (0.31684721375253577,0.31684721375253577)
 (-0.31684721375253577,0.95054164125760732)
 (-0.95054164125760732,-0.31684721375253577)
 (-0.95054164125760732,-0.95054164125760732)
 (-0.31684721375253577,-0.31684721375253577)
 (-0.95054164125760732,0.95054164125760732)
 (0.95054164125760732,-0.95054164125760732)
 (-0.95054164125760732,0.95054164125760732)
 (-0.95054164125760732,0.95054164125760732)
 (0.95054164125760732,0.31684721375253577)
 (0.31684721375253577,-0.31684721375253577)
 (-0.31684721375253577,-0.31684721375253577)
 (-0.31684721375253577,0.31684721375253577)
 (0.95054164125760732,-0.95054164125760732)
 (0.95054164125760732,0.95054164125760732)
 (-0.31684721375253577,0.31684721375253577)
 (0.95054164125760732,-0.31684721375253577)
 (0.95054164125760732,0.95054164125760732)
 (0.95054164125760732,-0.31684721375253577)
 (-0.95054164125760732,0.31684721375253577)
 (0.31684721375253577,-0.31684721375253577)
 (-0.31684721375253577,-0.95054164125760732)
 (-0.95054164125760732,0.31684721375253577)
 (0.95054164125760732,-0.31684721375253577)
 (-0.31684721375253577,-0.31684721375253577)
 (-0.95054164125760732,-0.31684721375253577)
 (0.31684721375253577,0.95054164125760732)
 (0.95054164125760732,-0.31684721375253577)
 (0.31684721375253577,0.95054164125760732)
 (0.95054164125760732,0.31684721375253577)
 (-0.31684721375253577,0.95054164125760732)
 (-0.95054164125760732,-0.31684721375253577)
 (-0.95054164125760732,-0.31684721375253577)
 (-0.95054164125760732,-0.31684721375253577)
 (0.31684721375253577,0.95054164125760732)
 (-0.95054164125760732,0.31684721375253577)
 (0.95054164125760732,-0.95054164125760732)
 (0.31684721375253577,-0.31684721375253577)
 (-0.31684721375253577,-0.31684721375253577)
 (-0.31684721375253577,-0.31684721375253577)
 (0.95054164125760732,-0.95054164125760732)
 (0.31684721375253577,0.31684721375253577)
 (0.95054164125760732,0.31684721375253577)
 (0.31684721375253577,0.95054164125760732)
 (-0.95054164125760732,-0.31684721375253577)
 (-0.95054164125760732,0.31684721375253577)
 (0.31684721375253577,-0.95054164125760732)
 (-0.95054164125760732,0.95054164125760732)
 (0.31684721375253577,-0.31684721375253577)
 (0.95054164125760732,0.95054164125760732)
 (0.31684721375253577,0.95054164125760732)
 (0.95054164125760732,-0.95054164125760732)
 (0.31684721375253577,0.31684721375253577)
 (-0.31684721375253577,-0.95054164125760732)
 (0.31684721375253577,-0.95054164125760732)
