# Created by Octave 8.4.0, Thu Dec 11 09:16:05 2025 IST <gamana@Samsung>
# name: iq
# type: complex matrix
# rows: 2048
# columns: 1
 (0.9413574486632833,0.31378581622109447)
 (-0.31378581622109447,-0.31378581622109447)
 (-0.9413574486632833,-0.9413574486632833)
 (0.9413574486632833,-0.9413574486632833)
 (-0.31378581622109447,-0.9413574486632833)
 (0.31378581622109447,0.31378581622109447)
 (0.9413574486632833,0.31378581622109447)
 (-0.31378581622109447,0.9413574486632833)
 (-0.31378581622109447,-0.31378581622109447)
 (0.9413574486632833,-0.31378581622109447)
 (0.31378581622109447,0.31378581622109447)
 (0.9413574486632833,-0.31378581622109447)
 (0.31378581622109447,-0.31378581622109447)
 (-0.31378581622109447,0.31378581622109447)
 (-0.31378581622109447,-0.9413574486632833)
 (0.31378581622109447,-0.31378581622109447)
 (-0.9413574486632833,0.31378581622109447)
 (0.9413574486632833,0.9413574486632833)
 (0.31378581622109447,0.9413574486632833)
 (-0.9413574486632833,-0.31378581622109447)
 (-0.31378581622109447,0.31378581622109447)
 (0.9413574486632833,-0.31378581622109447)
 (0.9413574486632833,0.9413574486632833)
 (0.31378581622109447,0.31378581622109447)
 (-0.9413574486632833,-0.9413574486632833)
 (0.31378581622109447,0.31378581622109447)
 (0.31378581622109447,-0.9413574486632833)
 (0.31378581622109447,-0.31378581622109447)
 (-0.31378581622109447,0.31378581622109447)
 (0.31378581622109447,0.31378581622109447)
 (-0.31378581622109447,-0.31378581622109447)
 (-0.9413574486632833,-0.9413574486632833)
 (-0.9413574486632833,0.9413574486632833)
 (-0.31378581622109447,-0.31378581622109447)
 (-0.9413574486632833,-0.31378581622109447)
 (-0.31378581622109447,-0.31378581622109447)
 (0.9413574486632833,-0.9413574486632833)
 (0.31378581622109447,0.9413574486632833)
 (0.9413574486632833,-0.9413574486632833)
 (-0.9413574486632833,0.31378581622109447)
 (0.31378581622109447,0.31378581622109447)
 (-0.9413574486632833,-0.31378581622109447)
 (0.9413574486632833,0.9413574486632833)
 (0.9413574486632833,0.31378581622109447)
 (0.31378581622109447,0.31378581622109447)
 (0.9413574486632833,-0.31378581622109447)
 (0.9413574486632833,-0.9413574486632833)
 (-0.31378581622109447,0.31378581622109447)
 (0.31378581622109447,0.9413574486632833)
 (-0.9413574486632833,0.31378581622109447)
 (0.9413574486632833,-0.31378581622109447)
 (-0.31378581622109447,0.9413574486632833)
 (0.9413574486632833,-0.31378581622109447)
 (-0.31378581622109447,0.9413574486632833)
 (-0.9413574486632833,0.9413574486632833)
 (0.9413574486632833,0.31378581622109447)
 (-0.31378581622109447,-0.9413574486632833)
 (0.9413574486632833,-0.9413574486632833)
 (0.9413574486632833,0.9413574486632833)
 (0.31378581622109447,0.31378581622109447)
 (0.9413574486632833,0.31378581622109447)
 (0.9413574486632833,-0.31378581622109447)
 (0.31378581622109447,0.31378581622109447)
 (-0.9413574486632833,-0.31378581622109447)
 (-0.9413574486632833,-0.31378581622109447)
 (0.9413574486632833,0.31378581622109447)
 (0.31378581622109447,-0.31378581622109447)
 (0.9413574486632833,0.31378581622109447)
 (0.9413574486632833,0.31378581622109447)
 (-0.31378581622109447,0.31378581622109447)
 (0.9413574486632833,-0.9413574486632833)
 (0.31378581622109447,-0.31378581622109447)
 (0.9413574486632833,-0.9413574486632833)
 (-0.31378581622109447,-0.31378581622109447)
 (0.9413574486632833,0.31378581622109447)
 (0.9413574486632833,0.31378581622109447)
 (-0.9413574486632833,-0.9413574486632833)
 (-0.9413574486632833,-0.9413574486632833)
 (0.9413574486632833,-0.31378581622109447)
 (0.9413574486632833,-0.9413574486632833)
 (0.9413574486632833,-0.31378581622109447)
 (-0.9413574486632833,-0.9413574486632833)
 (0.9413574486632833,0.31378581622109447)
 (0.31378581622109447,-0.31378581622109447)
 (0.31378581622109447,-0.31378581622109447)
 (-0.31378581622109447,-0.31378581622109447)
 (0.31378581622109447,-0.9413574486632833)
 (0.9413574486632833,-0.9413574486632833)
 (0.31378581622109447,0.9413574486632833)
 (-0.31378581622109447,0.31378581622109447)
 (-0.9413574486632833,0.9413574486632833)
 (-0.9413574486632833,0.9413574486632833)
 (-0.31378581622109447,-0.9413574486632833)
 (-0.9413574486632833,-0.31378581622109447)
 (0.9413574486632833,-0.9413574486632833)
 (0.9413574486632833,0.9413574486632833)
 (0.9413574486632833,-0.31378581622109447)
 (0.9413574486632833,-0.9413574486632833)
 (-0.31378581622109447,-0.31378581622109447)
 (-0.9413574486632833,0.31378581622109447)
 (-0.31378581622109447,0.31378581622109447)
 (0.31378581622109447,0.9413574486632833)
 (-0.9413574486632833,0.9413574486632833)
 (0.31378581622109447,0.31378581622109447)
 (0.9413574486632833,0.31378581622109447)
 (-0.9413574486632833,0.31378581622109447)
 (-0.9413574486632833,-0.31378581622109447)
 (0.9413574486632833,-0.9413574486632833)
 (-0.9413574486632833,0.9413574486632833)
 (0.31378581622109447,0.31378581622109447)
 (0.9413574486632833,0.9413574486632833)
 (0.9413574486632833,0.31378581622109447)
 (-0.9413574486632833,0.31378581622109447)
 (0.31378581622109447,-0.9413574486632833)
 (0.31378581622109447,-0.31378581622109447)
 (0.31378581622109447,0.9413574486632833)
 (0.31378581622109447,-0.31378581622109447)
 (0.31378581622109447,0.31378581622109447)
 (-0.31378581622109447,-0.31378581622109447)
 (0.9413574486632833,-0.31378581622109447)
 (0.31378581622109447,0.31378581622109447)
 (-0.9413574486632833,-0.9413574486632833)
 (-0.9413574486632833,-0.9413574486632833)
 (-0.9413574486632833,-0.9413574486632833)
 (0.31378581622109447,0.31378581622109447)
 (-0.9413574486632833,-0.31378581622109447)
 (0.31378581622109447,0.9413574486632833)
 (-0.31378581622109447,-0.9413574486632833)
 (-0.9413574486632833,0.31378581622109447)
 (0.31378581622109447,0.9413574486632833)
 (0.31378581622109447,-0.31378581622109447)
 (0.9413574486632833,-0.31378581622109447)
 (-0.9413574486632833,-0.31378581622109447)
 (-0.31378581622109447,-0.31378581622109447)
 (0.9413574486632833,-0.31378581622109447)
 (-0.31378581622109447,-0.9413574486632833)
 (0.31378581622109447,0.31378581622109447)
 (0.31378581622109447,0.9413574486632833)
 (-0.31378581622109447,0.9413574486632833)
 (-0.31378581622109447,-0.31378581622109447)
 (0.31378581622109447,-0.9413574486632833)
 (0.9413574486632833,0.9413574486632833)
 (0.9413574486632833,0.9413574486632833)
 (0.9413574486632833,0.31378581622109447)
 (-0.31378581622109447,-0.31378581622109447)
 (0.9413574486632833,-0.31378581622109447)
 (0.31378581622109447,0.9413574486632833)
 (0.31378581622109447,-0.9413574486632833)
 (0.31378581622109447,-0.9413574486632833)
 (-0.9413574486632833,0.31378581622109447)
 (0.9413574486632833,0.9413574486632833)
 (-0.9413574486632833,0.31378581622109447)
 (0.9413574486632833,-0.9413574486632833)
 (0.9413574486632833,0.31378581622109447)
 (-0.31378581622109447,0.31378581622109447)
 (-0.9413574486632833,-0.31378581622109447)
 (-0.31378581622109447,0.9413574486632833)
 (0.9413574486632833,0.9413574486632833)
 (-0.9413574486632833,0.9413574486632833)
 (-0.9413574486632833,-0.9413574486632833)
 (0.31378581622109447,0.9413574486632833)
 (-0.31378581622109447,0.9413574486632833)
 (-0.9413574486632833,0.31378581622109447)
 (0.31378581622109447,-0.9413574486632833)
 (0.31378581622109447,-0.31378581622109447)
 (0.31378581622109447,0.9413574486632833)
 (-0.9413574486632833,0.31378581622109447)
 (0.31378581622109447,-0.31378581622109447)
 (0.9413574486632833,0.9413574486632833)
 (0.9413574486632833,0.9413574486632833)
 (0.9413574486632833,0.31378581622109447)
 (-0.31378581622109447,0.31378581622109447)
 (-0.9413574486632833,-0.9413574486632833)
 (-0.9413574486632833,-0.31378581622109447)
 (0.9413574486632833,-0.31378581622109447)
 (-0.31378581622109447,-0.9413574486632833)
 (-0.31378581622109447,-0.31378581622109447)
 (-0.31378581622109447,-0.31378581622109447)
 (0.9413574486632833,-0.9413574486632833)
 (-0.9413574486632833,0.9413574486632833)
 (0.9413574486632833,-0.31378581622109447)
 (0.9413574486632833,0.9413574486632833)
 (0.31378581622109447,0.9413574486632833)
