# Created by Octave 8.4.0, Thu Dec 11 09:16:05 2025 IST <gamana@Samsung>
# name: iq
# type: complex matrix
# rows: 2048
# columns: 1
 (-0.9366856707011576,0.31222855690038587)
 (-0.31222855690038587,0.9366856707011576)
 (0.31222855690038587,0.31222855690038587)
 (0.31222855690038587,-0.9366856707011576)
 (0.31222855690038587,0.9366856707011576)
 (0.9366856707011576,0.9366856707011576)
 (-0.9366856707011576,-0.9366856707011576)
 (-0.31222855690038587,-0.31222855690038587)
 (0.31222855690038587,0.9366856707011576)
 (0.31222855690038587,0.9366856707011576)
 (0.31222855690038587,0.9366856707011576)
 (0.31222855690038587,-0.9366856707011576)
 (0.31222855690038587,-0.31222855690038587)
 (-0.9366856707011576,0.9366856707011576)
 (-0.9366856707011576,0.9366856707011576)
 (-0.31222855690038587,0.9366856707011576)
 (0.9366856707011576,0.31222855690038587)
 (0.9366856707011576,-0.9366856707011576)
 (0.31222855690038587,-0.9366856707011576)
 (-0.9366856707011576,-0.31222855690038587)
 (0.31222855690038587,-0.31222855690038587)
 (0.31222855690038587,-0.31222855690038587)
 (0.31222855690038587,0.9366856707011576)
 (0.9366856707011576,0.9366856707011576)
 (0.31222855690038587,0.9366856707011576)
 (-0.9366856707011576,-0.31222855690038587)
 (0.9366856707011576,0.31222855690038587)
 (0.9366856707011576,-0.9366856707011576)
 (-0.31222855690038587,0.9366856707011576)
 (0.9366856707011576,0.9366856707011576)
 (-0.9366856707011576,-0.31222855690038587)
 (-0.9366856707011576,-0.9366856707011576)
 (0.31222855690038587,-0.31222855690038587)
 (-0.31222855690038587,-0.9366856707011576)
 (0.9366856707011576,-0.31222855690038587)
 (-0.9366856707011576,0.9366856707011576)
 (-0.9366856707011576,-0.9366856707011576)
 (0.31222855690038587,-0.9366856707011576)
 (0.31222855690038587,-0.31222855690038587)
 (-0.9366856707011576,-0.9366856707011576)
 (0.9366856707011576,0.9366856707011576)
 (-0.9366856707011576,-0.9366856707011576)
 (0.9366856707011576,-0.31222855690038587)
 (-0.31222855690038587,-0.9366856707011576)
 (-0.31222855690038587,0.31222855690038587)
 (-0.9366856707011576,-0.31222855690038587)
 (-0.31222855690038587,-0.9366856707011576)
 (0.31222855690038587,-0.9366856707011576)
 (-0.31222855690038587,0.31222855690038587)
 (-0.31222855690038587,0.31222855690038587)
 (0.9366856707011576,-0.31222855690038587)
 (0.9366856707011576,0.9366856707011576)
 (-0.31222855690038587,0.9366856707011576)
 (0.31222855690038587,-0.9366856707011576)
 (-0.31222855690038587,0.9366856707011576)
 (-0.9366856707011576,0.9366856707011576)
 (0.31222855690038587,-0.31222855690038587)
 (0.9366856707011576,-0.9366856707011576)
 (-0.9366856707011576,-0.9366856707011576)
 (-0.9366856707011576,-0.9366856707011576)
 (-0.9366856707011576,0.9366856707011576)
 (-0.31222855690038587,0.9366856707011576)
 (0.9366856707011576,0.9366856707011576)
 (0.9366856707011576,-0.31222855690038587)
 (-0.9366856707011576,0.9366856707011576)
 (-0.9366856707011576,-0.9366856707011576)
 (0.9366856707011576,-0.9366856707011576)
 (-0.9366856707011576,0.9366856707011576)
 (0.9366856707011576,-0.9366856707011576)
 (-0.9366856707011576,-0.9366856707011576)
 (-0.9366856707011576,0.9366856707011576)
 (-0.31222855690038587,0.31222855690038587)
 (-0.31222855690038587,-0.9366856707011576)
 (0.9366856707011576,-0.9366856707011576)
 (0.9366856707011576,0.9366856707011576)
 (0.31222855690038587,-0.9366856707011576)
 (0.9366856707011576,-0.31222855690038587)
 (0.9366856707011576,0.31222855690038587)
 (0.31222855690038587,-0.9366856707011576)
 (0.9366856707011576,-0.9366856707011576)
 (0.31222855690038587,0.9366856707011576)
 (-0.9366856707011576,-0.9366856707011576)
 (0.9366856707011576,0.9366856707011576)
 (-0.31222855690038587,-0.31222855690038587)
 (0.31222855690038587,0.9366856707011576)
 (-0.9366856707011576,-0.9366856707011576)
 (-0.9366856707011576,-0.31222855690038587)
 (-0.31222855690038587,0.31222855690038587)
 (0.31222855690038587,0.9366856707011576)
 (-0.31222855690038587,-0.31222855690038587)
 (0.31222855690038587,-0.31222855690038587)
 (0.9366856707011576,-0.31222855690038587)
 (0.9366856707011576,0.31222855690038587)
 (0.9366856707011576,0.31222855690038587)
 (0.31222855690038587,-0.9366856707011576)
 (-0.9366856707011576,0.31222855690038587)
 (0.31222855690038587,0.31222855690038587)
 (-0.9366856707011576,0.9366856707011576)
 (-0.31222855690038587,-0.31222855690038587)
 (-0.31222855690038587,-0.31222855690038587)
 (0.31222855690038587,0.9366856707011576)
 (-0.9366856707011576,0.31222855690038587)
 (-0.9366856707011576,0.31222855690038587)
 (-0.31222855690038587,0.31222855690038587)
 (0.9366856707011576,-0.9366856707011576)
 (-0.31222855690038587,0.31222855690038587)
 (0.31222855690038587,0.9366856707011576)
 (-0.9366856707011576,0.9366856707011576)
 (-0.9366856707011576,0.31222855690038587)
 (0.9366856707011576,-0.31222855690038587)
 (0.9366856707011576,0.31222855690038587)
 (-0.31222855690038587,0.31222855690038587)
 (0.9366856707011576,-0.9366856707011576)
 (-0.9366856707011576,0.31222855690038587)
 (-0.9366856707011576,0.9366856707011576)
 (-0.31222855690038587,0.31222855690038587)
 (0.9366856707011576,-0.9366856707011576)
 (-0.9366856707011576,-0.31222855690038587)
 (0.9366856707011576,-0.9366856707011576)
 (-0.31222855690038587,0.31222855690038587)
 (0.31222855690038587,0.31222855690038587)
 (0.31222855690038587,0.31222855690038587)
 (0.9366856707011576,0.31222855690038587)
 (0.31222855690038587,-0.9366856707011576)
 (0.9366856707011576,-0.9366856707011576)
 (-0.31222855690038587,-0.9366856707011576)
 (0.9366856707011576,0.9366856707011576)
 (-0.9366856707011576,-0.9366856707011576)
 (-0.31222855690038587,0.9366856707011576)
 (0.31222855690038587,0.9366856707011576)
 (0.9366856707011576,0.9366856707011576)
 (0.9366856707011576,0.9366856707011576)
 (-0.9366856707011576,-0.31222855690038587)
 (-0.9366856707011576,-0.9366856707011576)
 (-0.9366856707011576,-0.31222855690038587)
 (0.9366856707011576,0.9366856707011576)
 (0.9366856707011576,-0.31222855690038587)
 (0.31222855690038587,-0.9366856707011576)
 (-0.31222855690038587,0.9366856707011576)
 (0.31222855690038587,0.31222855690038587)
 (0.9366856707011576,-0.31222855690038587)
 (-0.9366856707011576,0.31222855690038587)
 (-0.31222855690038587,0.9366856707011576)
 (-0.31222855690038587,-0.9366856707011576)
 (0.9366856707011576,-0.9366856707011576)
 (0.31222855690038587,0.9366856707011576)
 (0.9366856707011576,-0.9366856707011576)
 (-0.31222855690038587,0.31222855690038587)
 (-0.31222855690038587,0.9366856707011576)
 (-0.9366856707011576,0.9366856707011576)
 (0.9366856707011576,0.31222855690038587)
 (0.31222855690038587,-0.9366856707011576)
 (-0.9366856707011576,-0.31222855690038587)
 (0.9366856707011576,0.31222855690038587)
 (-0.31222855690038587,-0.31222855690038587)
 (0.9366856707011576,0.31222855690038587)
 (-0.9366856707011576,0.9366856707011576)
 (-0.31222855690038587,-0.31222855690038587)
 (0.31222855690038587,0.9366856707011576)
 (-0.9366856707011576,0.31222855690038587)
 (0.31222855690038587,-0.9366856707011576)
 (0.9366856707011576,-0.9366856707011576)
 (-0.9366856707011576,0.9366856707011576)
 (-0.9366856707011576,0.31222855690038587)
 (0.31222855690038587,-0.31222855690038587)
 (-0.9366856707011576,-0.31222855690038587)
 (0.31222855690038587,-0.9366856707011576)
 (0.9366856707011576,-0.9366856707011576)
 (0.31222855690038587,-0.9366856707011576)
 (-0.31222855690038587,0.9366856707011576)
 (-0.9366856707011576,0.31222855690038587)
 (-0.9366856707011576,0.9366856707011576)
 (-0.31222855690038587,0.9366856707011576)
 (0.9366856707011576,-0.9366856707011576)
 (-0.9366856707011576,0.9366856707011576)
 (-0.9366856707011576,0.31222855690038587)
 (0.9366856707011576,-0.9366856707011576)
 (0.31222855690038587,-0.31222855690038587)
 (-0.9366856707011576,-0.9366856707011576)
 (-0.9366856707011576,0.9366856707011576)
 (-0.9366856707011576,0.9366856707011576)
 (0.9366856707011576,0.9366856707011576)
 (-0.9366856707011576,-0.31222855690038587)
