# Created by Octave 8.4.0, Thu Dec 11 09:16:05 2025 IST <gamana@Samsung>
# name: iq
# type: complex matrix
# rows: 2048
# columns: 1
 (0.3144517075802809,0.94335512274084277)
 (0.94335512274084277,0.94335512274084277)
 (-0.3144517075802809,-0.3144517075802809)
 (0.94335512274084277,0.3144517075802809)
 (-0.3144517075802809,-0.3144517075802809)
 (-0.3144517075802809,0.3144517075802809)
 (-0.94335512274084277,0.94335512274084277)
 (-0.3144517075802809,0.3144517075802809)
 (0.3144517075802809,-0.3144517075802809)
 (-0.3144517075802809,-0.3144517075802809)
 (0.94335512274084277,-0.94335512274084277)
 (-0.3144517075802809,-0.94335512274084277)
 (0.3144517075802809,0.94335512274084277)
 (0.94335512274084277,0.94335512274084277)
 (-0.3144517075802809,0.3144517075802809)
 (-0.94335512274084277,0.94335512274084277)
 (-0.94335512274084277,-0.94335512274084277)
 (-0.3144517075802809,0.3144517075802809)
 (-0.94335512274084277,0.94335512274084277)
 (0.94335512274084277,-0.94335512274084277)
 (-0.94335512274084277,0.94335512274084277)
 (0.94335512274084277,0.94335512274084277)
 (0.94335512274084277,-0.94335512274084277)
 (0.94335512274084277,-0.3144517075802809)
 (-0.3144517075802809,-0.94335512274084277)
 (-0.94335512274084277,-0.94335512274084277)
 (-0.94335512274084277,-0.94335512274084277)
 (0.3144517075802809,-0.94335512274084277)
 (0.3144517075802809,0.94335512274084277)
 (0.3144517075802809,-0.94335512274084277)
 (-0.3144517075802809,-0.3144517075802809)
 (0.3144517075802809,0.3144517075802809)
 (-0.3144517075802809,0.3144517075802809)
 (0.94335512274084277,0.3144517075802809)
 (0.94335512274084277,0.3144517075802809)
 (-0.3144517075802809,-0.94335512274084277)
 (0.94335512274084277,-0.94335512274084277)
 (-0.3144517075802809,0.3144517075802809)
 (0.3144517075802809,0.94335512274084277)
 (-0.94335512274084277,0.3144517075802809)
 (-0.94335512274084277,0.3144517075802809)
 (-0.3144517075802809,0.3144517075802809)
 (-0.94335512274084277,0.94335512274084277)
 (-0.94335512274084277,-0.3144517075802809)
 (-0.94335512274084277,-0.3144517075802809)
 (-0.94335512274084277,0.3144517075802809)
 (0.94335512274084277,-0.94335512274084277)
 (-0.94335512274084277,-0.3144517075802809)
 (0.94335512274084277,-0.3144517075802809)
 (0.94335512274084277,0.94335512274084277)
 (0.94335512274084277,-0.94335512274084277)
 (0.94335512274084277,-0.94335512274084277)
 (-0.94335512274084277,0.3144517075802809)
 (-0.94335512274084277,0.3144517075802809)
 (-0.3144517075802809,-0.94335512274084277)
 (0.3144517075802809,-0.3144517075802809)
 (-0.94335512274084277,-0.3144517075802809)
 (0.94335512274084277,0.3144517075802809)
 (0.94335512274084277,0.94335512274084277)
 (0.94335512274084277,0.3144517075802809)
 (0.3144517075802809,-0.94335512274084277)
 (-0.94335512274084277,-0.94335512274084277)
 (-0.94335512274084277,-0.3144517075802809)
 (-0.94335512274084277,-0.94335512274084277)
 (-0.3144517075802809,-0.3144517075802809)
 (0.94335512274084277,0.94335512274084277)
 (0.3144517075802809,0.3144517075802809)
 (-0.3144517075802809,0.3144517075802809)
 (0.94335512274084277,0.94335512274084277)
 (0.94335512274084277,0.94335512274084277)
 (-0.3144517075802809,-0.94335512274084277)
 (0.94335512274084277,-0.3144517075802809)
 (-0.94335512274084277,-0.3144517075802809)
 (-0.3144517075802809,-0.94335512274084277)
 (-0.3144517075802809,-0.3144517075802809)
 (-0.94335512274084277,0.94335512274084277)
 (0.3144517075802809,0.94335512274084277)
 (-0.94335512274084277,-0.94335512274084277)
 (-0.3144517075802809,-0.3144517075802809)
 (0.3144517075802809,-0.3144517075802809)
 (0.3144517075802809,-0.3144517075802809)
 (0.3144517075802809,-0.3144517075802809)
 (-0.94335512274084277,-0.94335512274084277)
 (0.3144517075802809,-0.94335512274084277)
 (0.3144517075802809,-0.3144517075802809)
 (0.3144517075802809,-0.3144517075802809)
 (-0.94335512274084277,-0.94335512274084277)
 (0.94335512274084277,-0.3144517075802809)
 (0.3144517075802809,-0.3144517075802809)
 (0.3144517075802809,0.94335512274084277)
 (-0.3144517075802809,-0.94335512274084277)
 (0.94335512274084277,-0.94335512274084277)
 (0.94335512274084277,-0.94335512274084277)
 (0.3144517075802809,-0.3144517075802809)
 (0.94335512274084277,-0.94335512274084277)
 (0.3144517075802809,-0.3144517075802809)
 (0.94335512274084277,0.94335512274084277)
 (0.94335512274084277,-0.3144517075802809)
 (0.94335512274084277,-0.3144517075802809)
 (-0.94335512274084277,0.3144517075802809)
 (0.94335512274084277,0.3144517075802809)
 (0.94335512274084277,-0.94335512274084277)
 (-0.3144517075802809,-0.3144517075802809)
 (-0.3144517075802809,0.94335512274084277)
 (0.94335512274084277,-0.94335512274084277)
 (-0.94335512274084277,-0.94335512274084277)
 (-0.94335512274084277,-0.3144517075802809)
 (0.94335512274084277,0.94335512274084277)
 (-0.94335512274084277,0.3144517075802809)
 (-0.3144517075802809,-0.3144517075802809)
 (0.3144517075802809,0.3144517075802809)
 (-0.94335512274084277,-0.94335512274084277)
 (-0.3144517075802809,-0.94335512274084277)
 (-0.3144517075802809,0.3144517075802809)
 (0.94335512274084277,0.94335512274084277)
 (-0.3144517075802809,-0.94335512274084277)
 (-0.94335512274084277,0.94335512274084277)
 (0.94335512274084277,-0.94335512274084277)
 (-0.94335512274084277,-0.3144517075802809)
 (0.94335512274084277,0.3144517075802809)
 (-0.3144517075802809,0.94335512274084277)
 (0.3144517075802809,-0.3144517075802809)
 (0.94335512274084277,0.3144517075802809)
 (-0.94335512274084277,-0.3144517075802809)
 (-0.3144517075802809,0.3144517075802809)
 (-0.94335512274084277,-0.94335512274084277)
 (-0.3144517075802809,-0.94335512274084277)
 (-0.3144517075802809,-0.3144517075802809)
 (0.94335512274084277,-0.3144517075802809)
 (0.3144517075802809,-0.3144517075802809)
 (0.94335512274084277,0.94335512274084277)
 (0.94335512274084277,-0.3144517075802809)
 (0.3144517075802809,-0.3144517075802809)
 (-0.94335512274084277,0.3144517075802809)
 (-0.94335512274084277,0.94335512274084277)
 (0.94335512274084277,0.94335512274084277)
 (0.3144517075802809,-0.94335512274084277)
 (-0.3144517075802809,0.94335512274084277)
 (-0.94335512274084277,-0.3144517075802809)
 (-0.94335512274084277,0.3144517075802809)
 (-0.3144517075802809,-0.3144517075802809)
 (-0.94335512274084277,0.94335512274084277)
 (0.3144517075802809,0.94335512274084277)
 (-0.94335512274084277,-0.3144517075802809)
 (0.94335512274084277,0.3144517075802809)
 (-0.3144517075802809,0.3144517075802809)
 (-0.3144517075802809,0.3144517075802809)
 (-0.94335512274084277,0.94335512274084277)
 (-0.94335512274084277,0.94335512274084277)
 (-0.3144517075802809,0.94335512274084277)
 (-0.94335512274084277,-0.94335512274084277)
 (-0.3144517075802809,0.94335512274084277)
 (-0.94335512274084277,-0.94335512274084277)
 (0.94335512274084277,-0.94335512274084277)
 (0.3144517075802809,0.94335512274084277)
 (0.3144517075802809,-0.94335512274084277)
 (-0.3144517075802809,-0.94335512274084277)
 (0.94335512274084277,-0.3144517075802809)
 (0.94335512274084277,0.3144517075802809)
 (0.3144517075802809,-0.94335512274084277)
 (-0.3144517075802809,0.94335512274084277)
 (-0.94335512274084277,0.3144517075802809)
 (-0.94335512274084277,0.94335512274084277)
 (-0.94335512274084277,0.3144517075802809)
 (0.94335512274084277,-0.3144517075802809)
 (-0.3144517075802809,0.94335512274084277)
 (0.3144517075802809,-0.94335512274084277)
 (0.94335512274084277,0.94335512274084277)
 (0.3144517075802809,-0.3144517075802809)
 (0.94335512274084277,-0.94335512274084277)
 (-0.3144517075802809,0.3144517075802809)
 (0.3144517075802809,0.94335512274084277)
 (-0.94335512274084277,-0.3144517075802809)
 (0.3144517075802809,-0.94335512274084277)
 (-0.3144517075802809,-0.3144517075802809)
 (-0.3144517075802809,-0.3144517075802809)
 (0.94335512274084277,0.3144517075802809)
 (-0.94335512274084277,-0.3144517075802809)
 (0.3144517075802809,-0.94335512274084277)
 (-0.3144517075802809,0.94335512274084277)
 (-0.94335512274084277,-0.94335512274084277)
 (-0.94335512274084277,0.94335512274084277)
