# Created by Octave 8.4.0, Thu Dec 11 09:16:05 2025 IST <gamana@Samsung>
# name: iq
# type: complex matrix
# rows: 2048
# columns: 1
 (0.9537260442854445,-0.9537260442854445)
 (0.3179086814284815,0.3179086814284815)
 (0.3179086814284815,-0.9537260442854445)
 (-0.9537260442854445,0.9537260442854445)
 (0.9537260442854445,0.3179086814284815)
 (0.9537260442854445,-0.3179086814284815)
 (-0.9537260442854445,-0.9537260442854445)
 (0.9537260442854445,-0.3179086814284815)
 (-0.9537260442854445,0.3179086814284815)
 (0.3179086814284815,-0.9537260442854445)
 (0.3179086814284815,0.9537260442854445)
 (-0.3179086814284815,-0.3179086814284815)
 (-0.9537260442854445,-0.9537260442854445)
 (-0.9537260442854445,-0.9537260442854445)
 (0.3179086814284815,0.9537260442854445)
 (0.9537260442854445,-0.3179086814284815)
 (-0.3179086814284815,0.3179086814284815)
 (0.9537260442854445,-0.9537260442854445)
 (0.3179086814284815,-0.3179086814284815)
 (0.9537260442854445,0.9537260442854445)
 (0.9537260442854445,0.9537260442854445)
 (-0.9537260442854445,0.9537260442854445)
 (0.3179086814284815,0.3179086814284815)
 (0.3179086814284815,0.3179086814284815)
 (0.3179086814284815,-0.9537260442854445)
 (-0.9537260442854445,-0.9537260442854445)
 (0.3179086814284815,-0.3179086814284815)
 (0.3179086814284815,0.9537260442854445)
 (0.3179086814284815,-0.3179086814284815)
 (-0.9537260442854445,-0.3179086814284815)
 (0.9537260442854445,0.9537260442854445)
 (-0.9537260442854445,0.9537260442854445)
 (-0.3179086814284815,0.9537260442854445)
 (-0.9537260442854445,-0.3179086814284815)
 (-0.9537260442854445,0.9537260442854445)
 (-0.9537260442854445,-0.3179086814284815)
 (-0.9537260442854445,-0.9537260442854445)
 (-0.3179086814284815,-0.9537260442854445)
 (-0.9537260442854445,0.3179086814284815)
 (0.9537260442854445,0.9537260442854445)
 (-0.3179086814284815,-0.9537260442854445)
 (-0.9537260442854445,-0.3179086814284815)
 (0.9537260442854445,0.9537260442854445)
 (-0.3179086814284815,-0.3179086814284815)
 (-0.9537260442854445,-0.9537260442854445)
 (0.9537260442854445,-0.9537260442854445)
 (-0.9537260442854445,-0.9537260442854445)
 (0.3179086814284815,0.3179086814284815)
 (0.9537260442854445,0.3179086814284815)
 (0.9537260442854445,-0.3179086814284815)
 (0.3179086814284815,0.3179086814284815)
 (0.3179086814284815,-0.3179086814284815)
 (-0.9537260442854445,-0.9537260442854445)
 (0.9537260442854445,0.9537260442854445)
 (-0.3179086814284815,0.3179086814284815)
 (0.9537260442854445,-0.3179086814284815)
 (0.3179086814284815,-0.3179086814284815)
 (-0.3179086814284815,0.3179086814284815)
 (-0.9537260442854445,-0.3179086814284815)
 (0.9537260442854445,0.9537260442854445)
 (-0.3179086814284815,-0.9537260442854445)
 (-0.9537260442854445,-0.3179086814284815)
 (-0.3179086814284815,0.9537260442854445)
 (0.9537260442854445,-0.9537260442854445)
 (-0.9537260442854445,0.3179086814284815)
 (0.3179086814284815,0.3179086814284815)
 (-0.9537260442854445,0.3179086814284815)
 (-0.9537260442854445,-0.3179086814284815)
 (0.9537260442854445,-0.9537260442854445)
 (0.9537260442854445,-0.3179086814284815)
 (-0.3179086814284815,-0.9537260442854445)
 (0.3179086814284815,0.3179086814284815)
 (0.9537260442854445,0.9537260442854445)
 (-0.3179086814284815,0.9537260442854445)
 (0.3179086814284815,-0.3179086814284815)
 (0.3179086814284815,-0.9537260442854445)
 (-0.3179086814284815,-0.3179086814284815)
 (0.3179086814284815,-0.9537260442854445)
 (0.9537260442854445,-0.3179086814284815)
 (0.9537260442854445,0.9537260442854445)
 (-0.3179086814284815,0.3179086814284815)
 (0.3179086814284815,-0.9537260442854445)
 (0.3179086814284815,-0.3179086814284815)
 (0.3179086814284815,0.9537260442854445)
 (0.3179086814284815,0.9537260442854445)
 (-0.9537260442854445,0.9537260442854445)
 (0.3179086814284815,0.3179086814284815)
 (-0.3179086814284815,-0.9537260442854445)
 (-0.9537260442854445,-0.9537260442854445)
 (-0.3179086814284815,0.3179086814284815)
 (0.3179086814284815,-0.9537260442854445)
 (0.9537260442854445,0.3179086814284815)
 (-0.3179086814284815,0.9537260442854445)
 (-0.3179086814284815,0.9537260442854445)
 (0.9537260442854445,-0.3179086814284815)
 (-0.9537260442854445,-0.3179086814284815)
 (0.9537260442854445,0.3179086814284815)
 (0.9537260442854445,0.9537260442854445)
 (-0.3179086814284815,-0.3179086814284815)
 (-0.3179086814284815,-0.9537260442854445)
 (0.9537260442854445,-0.9537260442854445)
 (-0.9537260442854445,0.9537260442854445)
 (0.3179086814284815,0.3179086814284815)
 (0.3179086814284815,0.9537260442854445)
 (0.3179086814284815,0.3179086814284815)
 (-0.9537260442854445,0.9537260442854445)
 (-0.9537260442854445,-0.9537260442854445)
 (-0.9537260442854445,-0.9537260442854445)
 (0.3179086814284815,0.9537260442854445)
 (-0.3179086814284815,0.9537260442854445)
 (-0.3179086814284815,-0.9537260442854445)
 (0.3179086814284815,0.9537260442854445)
 (0.3179086814284815,-0.3179086814284815)
 (0.3179086814284815,0.9537260442854445)
 (-0.3179086814284815,-0.9537260442854445)
 (0.9537260442854445,0.9537260442854445)
 (-0.9537260442854445,0.9537260442854445)
 (-0.9537260442854445,0.3179086814284815)
 (0.9537260442854445,0.9537260442854445)
 (0.3179086814284815,0.3179086814284815)
 (0.9537260442854445,0.3179086814284815)
 (-0.9537260442854445,-0.3179086814284815)
 (-0.9537260442854445,0.3179086814284815)
 (-0.9537260442854445,0.9537260442854445)
 (-0.3179086814284815,0.3179086814284815)
 (-0.3179086814284815,0.9537260442854445)
 (0.3179086814284815,0.9537260442854445)
 (-0.9537260442854445,0.9537260442854445)
 (-0.3179086814284815,0.3179086814284815)
 (-0.9537260442854445,-0.9537260442854445)
 (0.3179086814284815,0.9537260442854445)
 (0.9537260442854445,0.3179086814284815)
 (0.3179086814284815,0.3179086814284815)
 (-0.3179086814284815,0.3179086814284815)
 (0.3179086814284815,-0.3179086814284815)
 (-0.3179086814284815,-0.9537260442854445)
 (-0.9537260442854445,-0.9537260442854445)
 (-0.9537260442854445,-0.9537260442854445)
 (-0.3179086814284815,-0.3179086814284815)
 (0.9537260442854445,-0.3179086814284815)
 (-0.3179086814284815,-0.3179086814284815)
 (0.3179086814284815,0.9537260442854445)
 (-0.3179086814284815,0.3179086814284815)
 (0.9537260442854445,0.3179086814284815)
 (0.3179086814284815,-0.3179086814284815)
 (0.3179086814284815,0.9537260442854445)
 (0.9537260442854445,-0.9537260442854445)
 (0.9537260442854445,0.9537260442854445)
 (0.3179086814284815,-0.9537260442854445)
 (0.9537260442854445,-0.3179086814284815)
 (-0.9537260442854445,0.3179086814284815)
 (0.3179086814284815,0.3179086814284815)
 (0.3179086814284815,-0.9537260442854445)
 (0.3179086814284815,0.3179086814284815)
 (-0.9537260442854445,0.3179086814284815)
 (-0.3179086814284815,0.3179086814284815)
 (-0.3179086814284815,-0.9537260442854445)
 (-0.3179086814284815,-0.3179086814284815)
 (0.9537260442854445,0.3179086814284815)
 (0.3179086814284815,0.3179086814284815)
 (-0.9537260442854445,-0.9537260442854445)
 (-0.9537260442854445,-0.9537260442854445)
 (0.3179086814284815,-0.9537260442854445)
 (-0.3179086814284815,0.9537260442854445)
 (0.9537260442854445,-0.9537260442854445)
 (0.9537260442854445,-0.9537260442854445)
 (-0.9537260442854445,-0.9537260442854445)
 (-0.3179086814284815,-0.9537260442854445)
 (0.3179086814284815,-0.9537260442854445)
 (-0.9537260442854445,0.9537260442854445)
 (0.9537260442854445,-0.3179086814284815)
 (0.3179086814284815,-0.3179086814284815)
 (-0.9537260442854445,0.9537260442854445)
 (-0.9537260442854445,0.3179086814284815)
 (0.3179086814284815,-0.9537260442854445)
 (-0.9537260442854445,0.9537260442854445)
 (0.3179086814284815,-0.3179086814284815)
 (-0.3179086814284815,0.3179086814284815)
 (-0.9537260442854445,0.9537260442854445)
 (-0.3179086814284815,-0.9537260442854445)
 (-0.9537260442854445,0.3179086814284815)
 (-0.3179086814284815,0.3179086814284815)
 (-0.9537260442854445,0.3179086814284815)
 (0.3179086814284815,-0.3179086814284815)
 (-0.9537260442854445,0.3179086814284815)
 (-0.3179086814284815,0.3179086814284815)
 (-0.9537260442854445,0.3179086814284815)
