# Created by Octave 8.4.0, Thu Dec 11 09:16:05 2025 IST <gamana@Samsung>
# name: iq
# type: complex matrix
# rows: 2048
# columns: 1
 (-0.94979699434248588,-0.94979699434248588)
 (-0.31659899811416198,-0.31659899811416198)
 (-0.94979699434248588,-0.94979699434248588)
 (-0.31659899811416198,0.31659899811416198)
 (0.31659899811416198,0.94979699434248588)
 (0.94979699434248588,0.31659899811416198)
 (0.31659899811416198,-0.94979699434248588)
 (-0.31659899811416198,0.94979699434248588)
 (0.31659899811416198,0.31659899811416198)
 (0.94979699434248588,0.31659899811416198)
 (-0.31659899811416198,-0.31659899811416198)
 (0.31659899811416198,-0.31659899811416198)
 (0.94979699434248588,-0.31659899811416198)
 (-0.94979699434248588,0.94979699434248588)
 (-0.31659899811416198,0.31659899811416198)
 (-0.31659899811416198,-0.94979699434248588)
 (-0.94979699434248588,-0.31659899811416198)
 (0.31659899811416198,0.31659899811416198)
 (0.31659899811416198,0.94979699434248588)
 (-0.94979699434248588,-0.31659899811416198)
 (0.94979699434248588,-0.94979699434248588)
 (0.31659899811416198,0.31659899811416198)
 (-0.31659899811416198,-0.94979699434248588)
 (0.31659899811416198,-0.94979699434248588)
 (-0.31659899811416198,0.94979699434248588)
 (0.94979699434248588,0.94979699434248588)
 (-0.94979699434248588,0.94979699434248588)
 (-0.31659899811416198,0.94979699434248588)
 (-0.94979699434248588,-0.31659899811416198)
 (0.31659899811416198,0.94979699434248588)
 (0.31659899811416198,-0.31659899811416198)
 (-0.94979699434248588,-0.94979699434248588)
 (0.31659899811416198,0.94979699434248588)
 (-0.31659899811416198,0.31659899811416198)
 (0.31659899811416198,0.31659899811416198)
 (-0.31659899811416198,-0.31659899811416198)
 (0.31659899811416198,0.31659899811416198)
 (-0.31659899811416198,0.31659899811416198)
 (-0.94979699434248588,-0.31659899811416198)
 (0.94979699434248588,-0.31659899811416198)
 (-0.31659899811416198,0.31659899811416198)
 (0.94979699434248588,-0.31659899811416198)
 (0.31659899811416198,0.94979699434248588)
 (0.94979699434248588,-0.31659899811416198)
 (-0.94979699434248588,0.31659899811416198)
 (-0.31659899811416198,-0.94979699434248588)
 (0.31659899811416198,0.94979699434248588)
 (0.31659899811416198,-0.94979699434248588)
 (-0.94979699434248588,0.94979699434248588)
 (-0.31659899811416198,0.94979699434248588)
 (-0.94979699434248588,-0.31659899811416198)
 (0.31659899811416198,-0.94979699434248588)
 (-0.31659899811416198,0.94979699434248588)
 (-0.94979699434248588,-0.31659899811416198)
 (0.31659899811416198,-0.94979699434248588)
 (0.31659899811416198,-0.31659899811416198)
 (-0.94979699434248588,0.31659899811416198)
 (0.31659899811416198,0.94979699434248588)
 (-0.94979699434248588,0.94979699434248588)
 (0.31659899811416198,-0.94979699434248588)
 (0.31659899811416198,0.94979699434248588)
 (-0.94979699434248588,-0.94979699434248588)
 (0.31659899811416198,-0.94979699434248588)
 (-0.31659899811416198,-0.31659899811416198)
 (-0.31659899811416198,0.94979699434248588)
 (0.31659899811416198,0.94979699434248588)
 (0.31659899811416198,0.94979699434248588)
 (0.94979699434248588,0.31659899811416198)
 (0.31659899811416198,-0.31659899811416198)
 (-0.31659899811416198,0.94979699434248588)
 (-0.94979699434248588,0.94979699434248588)
 (0.94979699434248588,-0.31659899811416198)
 (-0.94979699434248588,0.94979699434248588)
 (-0.94979699434248588,-0.31659899811416198)
 (0.31659899811416198,0.94979699434248588)
 (-0.31659899811416198,-0.31659899811416198)
 (0.94979699434248588,-0.94979699434248588)
 (-0.31659899811416198,-0.94979699434248588)
 (-0.94979699434248588,0.94979699434248588)
 (0.94979699434248588,0.31659899811416198)
 (-0.94979699434248588,-0.31659899811416198)
 (-0.31659899811416198,0.94979699434248588)
 (-0.31659899811416198,-0.31659899811416198)
 (0.94979699434248588,-0.94979699434248588)
 (-0.31659899811416198,0.31659899811416198)
 (0.94979699434248588,0.94979699434248588)
 (0.31659899811416198,-0.94979699434248588)
 (-0.31659899811416198,-0.94979699434248588)
 (-0.94979699434248588,-0.31659899811416198)
 (0.94979699434248588,-0.94979699434248588)
 (-0.31659899811416198,0.94979699434248588)
 (0.31659899811416198,-0.94979699434248588)
 (0.31659899811416198,-0.94979699434248588)
 (-0.94979699434248588,-0.94979699434248588)
 (-0.94979699434248588,0.94979699434248588)
 (0.94979699434248588,0.31659899811416198)
 (-0.94979699434248588,-0.31659899811416198)
 (0.94979699434248588,0.94979699434248588)
 (-0.94979699434248588,0.94979699434248588)
 (0.94979699434248588,-0.31659899811416198)
 (-0.94979699434248588,-0.31659899811416198)
 (-0.31659899811416198,0.94979699434248588)
 (-0.94979699434248588,-0.31659899811416198)
 (0.31659899811416198,-0.94979699434248588)
 (-0.94979699434248588,0.94979699434248588)
 (-0.94979699434248588,0.94979699434248588)
 (-0.94979699434248588,0.31659899811416198)
 (-0.94979699434248588,0.31659899811416198)
 (0.94979699434248588,0.31659899811416198)
 (-0.94979699434248588,-0.31659899811416198)
 (0.31659899811416198,-0.94979699434248588)
 (-0.31659899811416198,0.31659899811416198)
 (0.94979699434248588,0.31659899811416198)
 (0.31659899811416198,0.31659899811416198)
 (-0.31659899811416198,0.31659899811416198)
 (0.31659899811416198,-0.31659899811416198)
 (0.31659899811416198,-0.31659899811416198)
 (0.31659899811416198,-0.94979699434248588)
 (-0.94979699434248588,-0.94979699434248588)
 (-0.31659899811416198,-0.31659899811416198)
 (-0.94979699434248588,-0.94979699434248588)
 (-0.31659899811416198,0.94979699434248588)
 (-0.94979699434248588,-0.31659899811416198)
 (-0.94979699434248588,0.94979699434248588)
 (-0.31659899811416198,0.94979699434248588)
 (-0.31659899811416198,0.94979699434248588)
 (0.31659899811416198,-0.31659899811416198)
 (0.94979699434248588,0.94979699434248588)
 (-0.31659899811416198,0.94979699434248588)
 (0.31659899811416198,0.94979699434248588)
 (0.31659899811416198,0.31659899811416198)
 (-0.94979699434248588,-0.31659899811416198)
 (-0.94979699434248588,-0.94979699434248588)
 (0.31659899811416198,0.94979699434248588)
 (-0.31659899811416198,-0.94979699434248588)
 (0.94979699434248588,0.31659899811416198)
 (-0.31659899811416198,-0.31659899811416198)
 (0.31659899811416198,-0.31659899811416198)
 (0.94979699434248588,-0.94979699434248588)
 (-0.94979699434248588,-0.94979699434248588)
 (-0.31659899811416198,-0.31659899811416198)
 (-0.94979699434248588,0.31659899811416198)
 (-0.94979699434248588,0.94979699434248588)
 (0.31659899811416198,0.31659899811416198)
 (0.31659899811416198,-0.31659899811416198)
 (-0.31659899811416198,0.94979699434248588)
 (0.31659899811416198,-0.31659899811416198)
 (0.31659899811416198,0.31659899811416198)
 (0.31659899811416198,0.31659899811416198)
 (-0.94979699434248588,0.94979699434248588)
 (0.31659899811416198,-0.94979699434248588)
 (0.31659899811416198,0.94979699434248588)
 (0.31659899811416198,-0.31659899811416198)
 (-0.31659899811416198,-0.94979699434248588)
 (0.31659899811416198,0.31659899811416198)
 (-0.94979699434248588,0.94979699434248588)
 (-0.31659899811416198,0.31659899811416198)
 (0.94979699434248588,-0.31659899811416198)
 (0.31659899811416198,0.31659899811416198)
 (-0.94979699434248588,0.31659899811416198)
 (-0.94979699434248588,-0.94979699434248588)
 (0.31659899811416198,-0.31659899811416198)
 (0.94979699434248588,-0.94979699434248588)
 (-0.94979699434248588,0.94979699434248588)
 (0.31659899811416198,0.31659899811416198)
 (-0.31659899811416198,-0.31659899811416198)
 (0.31659899811416198,0.94979699434248588)
 (-0.31659899811416198,-0.94979699434248588)
 (0.31659899811416198,0.31659899811416198)
 (-0.94979699434248588,0.31659899811416198)
 (-0.94979699434248588,-0.94979699434248588)
 (-0.31659899811416198,-0.31659899811416198)
 (-0.31659899811416198,-0.94979699434248588)
 (-0.94979699434248588,-0.94979699434248588)
 (0.31659899811416198,-0.31659899811416198)
 (0.31659899811416198,-0.94979699434248588)
 (-0.31659899811416198,-0.94979699434248588)
 (0.31659899811416198,0.31659899811416198)
