# Created by Octave 8.4.0, Thu Dec 11 09:16:05 2025 IST <gamana@Samsung>
# name: iq
# type: complex matrix
# rows: 2048
# columns: 1
 (0.31457323481480065,-0.9437197044444019)
 (0.31457323481480065,0.9437197044444019)
 (-0.31457323481480065,-0.9437197044444019)
 (-0.31457323481480065,0.9437197044444019)
 (0.31457323481480065,-0.9437197044444019)
 (0.9437197044444019,0.31457323481480065)
 (0.31457323481480065,-0.9437197044444019)
 (0.9437197044444019,-0.9437197044444019)
 (-0.9437197044444019,-0.9437197044444019)
 (-0.9437197044444019,0.31457323481480065)
 (0.9437197044444019,0.9437197044444019)
 (0.9437197044444019,0.31457323481480065)
 (-0.9437197044444019,-0.31457323481480065)
 (0.9437197044444019,0.9437197044444019)
 (-0.9437197044444019,0.9437197044444019)
 (0.31457323481480065,0.31457323481480065)
 (-0.31457323481480065,0.31457323481480065)
 (-0.31457323481480065,0.31457323481480065)
 (0.9437197044444019,-0.9437197044444019)
 (-0.31457323481480065,0.9437197044444019)
 (0.31457323481480065,0.9437197044444019)
 (0.31457323481480065,0.31457323481480065)
 (0.9437197044444019,-0.9437197044444019)
 (-0.31457323481480065,-0.31457323481480065)
 (0.31457323481480065,-0.31457323481480065)
 (0.9437197044444019,-0.9437197044444019)
 (0.31457323481480065,0.9437197044444019)
 (0.9437197044444019,0.31457323481480065)
 (0.31457323481480065,0.31457323481480065)
 (0.9437197044444019,0.31457323481480065)
 (0.9437197044444019,-0.31457323481480065)
 (0.9437197044444019,-0.31457323481480065)
 (0.31457323481480065,0.31457323481480065)
 (0.9437197044444019,-0.9437197044444019)
 (0.9437197044444019,0.31457323481480065)
 (-0.9437197044444019,0.31457323481480065)
 (0.31457323481480065,-0.31457323481480065)
 (-0.31457323481480065,0.31457323481480065)
 (-0.9437197044444019,0.9437197044444019)
 (0.31457323481480065,0.9437197044444019)
 (0.9437197044444019,-0.31457323481480065)
 (-0.9437197044444019,-0.9437197044444019)
 (0.9437197044444019,0.9437197044444019)
 (0.31457323481480065,0.9437197044444019)
 (0.31457323481480065,0.31457323481480065)
 (-0.9437197044444019,0.9437197044444019)
 (0.9437197044444019,0.31457323481480065)
 (0.9437197044444019,-0.31457323481480065)
 (0.9437197044444019,-0.31457323481480065)
 (-0.31457323481480065,-0.9437197044444019)
 (0.9437197044444019,-0.31457323481480065)
 (-0.31457323481480065,-0.31457323481480065)
 (-0.9437197044444019,-0.9437197044444019)
 (0.9437197044444019,0.9437197044444019)
 (-0.9437197044444019,-0.9437197044444019)
 (-0.31457323481480065,-0.9437197044444019)
 (-0.31457323481480065,0.31457323481480065)
 (0.9437197044444019,0.9437197044444019)
 (-0.31457323481480065,-0.9437197044444019)
 (-0.31457323481480065,0.9437197044444019)
 (0.31457323481480065,-0.9437197044444019)
 (0.9437197044444019,0.9437197044444019)
 (-0.9437197044444019,0.31457323481480065)
 (0.31457323481480065,-0.31457323481480065)
 (0.31457323481480065,0.9437197044444019)
 (0.9437197044444019,-0.31457323481480065)
 (-0.31457323481480065,0.31457323481480065)
 (-0.9437197044444019,-0.31457323481480065)
 (-0.31457323481480065,-0.9437197044444019)
 (0.9437197044444019,0.9437197044444019)
 (-0.31457323481480065,0.9437197044444019)
 (-0.9437197044444019,0.31457323481480065)
 (0.9437197044444019,-0.31457323481480065)
 (0.31457323481480065,0.31457323481480065)
 (-0.9437197044444019,-0.31457323481480065)
 (-0.9437197044444019,0.31457323481480065)
 (0.31457323481480065,0.31457323481480065)
 (0.9437197044444019,-0.9437197044444019)
 (-0.31457323481480065,-0.9437197044444019)
 (0.31457323481480065,-0.9437197044444019)
 (-0.31457323481480065,0.31457323481480065)
 (-0.9437197044444019,0.9437197044444019)
 (-0.9437197044444019,0.9437197044444019)
 (-0.31457323481480065,0.31457323481480065)
 (-0.31457323481480065,0.9437197044444019)
 (0.31457323481480065,-0.31457323481480065)
 (0.9437197044444019,-0.31457323481480065)
 (-0.31457323481480065,-0.9437197044444019)
 (-0.9437197044444019,-0.31457323481480065)
 (-0.31457323481480065,-0.9437197044444019)
 (0.31457323481480065,0.31457323481480065)
 (-0.9437197044444019,-0.31457323481480065)
 (0.31457323481480065,0.9437197044444019)
 (0.9437197044444019,-0.31457323481480065)
 (-0.31457323481480065,-0.9437197044444019)
 (-0.31457323481480065,-0.31457323481480065)
 (0.31457323481480065,-0.9437197044444019)
 (0.9437197044444019,0.9437197044444019)
 (0.9437197044444019,0.9437197044444019)
 (0.9437197044444019,-0.9437197044444019)
 (0.31457323481480065,-0.31457323481480065)
 (0.9437197044444019,-0.9437197044444019)
 (0.9437197044444019,-0.9437197044444019)
 (0.9437197044444019,-0.31457323481480065)
 (-0.31457323481480065,0.31457323481480065)
 (0.31457323481480065,-0.9437197044444019)
 (0.31457323481480065,0.9437197044444019)
 (0.31457323481480065,-0.31457323481480065)
 (-0.31457323481480065,0.31457323481480065)
 (0.31457323481480065,-0.9437197044444019)
 (0.31457323481480065,-0.31457323481480065)
 (-0.31457323481480065,0.31457323481480065)
 (-0.31457323481480065,0.9437197044444019)
 (0.9437197044444019,-0.9437197044444019)
 (-0.31457323481480065,-0.31457323481480065)
 (-0.31457323481480065,-0.9437197044444019)
 (0.9437197044444019,0.9437197044444019)
 (0.31457323481480065,0.9437197044444019)
 (-0.9437197044444019,-0.9437197044444019)
 (-0.31457323481480065,-0.31457323481480065)
 (0.31457323481480065,0.9437197044444019)
 (0.31457323481480065,-0.31457323481480065)
 (0.9437197044444019,0.9437197044444019)
 (-0.9437197044444019,-0.31457323481480065)
 (-0.31457323481480065,-0.31457323481480065)
 (-0.31457323481480065,0.9437197044444019)
 (0.9437197044444019,0.9437197044444019)
 (-0.31457323481480065,0.9437197044444019)
 (-0.9437197044444019,-0.31457323481480065)
 (-0.9437197044444019,0.9437197044444019)
 (-0.9437197044444019,-0.31457323481480065)
 (0.31457323481480065,0.31457323481480065)
 (0.31457323481480065,-0.9437197044444019)
 (-0.31457323481480065,0.9437197044444019)
 (0.9437197044444019,-0.31457323481480065)
 (-0.9437197044444019,0.9437197044444019)
 (0.31457323481480065,-0.31457323481480065)
 (0.31457323481480065,-0.9437197044444019)
 (0.9437197044444019,-0.31457323481480065)
 (0.31457323481480065,-0.9437197044444019)
 (-0.9437197044444019,-0.9437197044444019)
 (0.9437197044444019,-0.31457323481480065)
 (-0.9437197044444019,-0.9437197044444019)
 (-0.9437197044444019,-0.9437197044444019)
 (-0.31457323481480065,0.31457323481480065)
 (0.9437197044444019,-0.9437197044444019)
 (0.31457323481480065,-0.31457323481480065)
 (-0.9437197044444019,-0.9437197044444019)
 (0.9437197044444019,0.9437197044444019)
 (-0.9437197044444019,-0.31457323481480065)
 (0.31457323481480065,-0.31457323481480065)
 (-0.31457323481480065,-0.9437197044444019)
 (0.9437197044444019,-0.31457323481480065)
 (0.9437197044444019,-0.9437197044444019)
 (0.9437197044444019,0.9437197044444019)
 (0.31457323481480065,-0.9437197044444019)
 (-0.9437197044444019,0.9437197044444019)
 (-0.9437197044444019,0.31457323481480065)
 (-0.9437197044444019,-0.31457323481480065)
 (-0.9437197044444019,0.9437197044444019)
 (-0.31457323481480065,0.31457323481480065)
 (0.31457323481480065,0.9437197044444019)
 (-0.31457323481480065,-0.31457323481480065)
 (-0.31457323481480065,0.31457323481480065)
 (0.9437197044444019,-0.31457323481480065)
 (-0.9437197044444019,-0.9437197044444019)
 (0.9437197044444019,-0.9437197044444019)
 (0.31457323481480065,0.9437197044444019)
 (0.31457323481480065,0.9437197044444019)
 (-0.9437197044444019,-0.9437197044444019)
 (0.9437197044444019,-0.31457323481480065)
 (-0.9437197044444019,0.9437197044444019)
 (0.31457323481480065,-0.9437197044444019)
 (-0.9437197044444019,-0.9437197044444019)
 (-0.9437197044444019,-0.9437197044444019)
 (0.9437197044444019,0.9437197044444019)
 (0.9437197044444019,0.31457323481480065)
 (0.31457323481480065,0.9437197044444019)
 (-0.9437197044444019,-0.9437197044444019)
 (-0.9437197044444019,0.9437197044444019)
 (-0.31457323481480065,0.31457323481480065)
 (-0.31457323481480065,-0.31457323481480065)
 (-0.31457323481480065,-0.31457323481480065)
