# Created by Octave 8.4.0, Thu Dec 11 09:16:05 2025 IST <gamana@Samsung>
# name: iq
# type: complex matrix
# rows: 2048
# columns: 1
 (0.95599322508590756,-0.95599322508590756)
 (-0.95599322508590756,0.31866440836196919)
 (-0.95599322508590756,-0.95599322508590756)
 (0.95599322508590756,-0.31866440836196919)
 (-0.95599322508590756,0.31866440836196919)
 (-0.31866440836196919,0.31866440836196919)
 (-0.95599322508590756,0.31866440836196919)
 (0.31866440836196919,0.31866440836196919)
 (0.31866440836196919,-0.31866440836196919)
 (0.31866440836196919,0.95599322508590756)
 (-0.31866440836196919,0.95599322508590756)
 (0.95599322508590756,0.31866440836196919)
 (-0.95599322508590756,0.95599322508590756)
 (-0.95599322508590756,-0.31866440836196919)
 (-0.95599322508590756,-0.31866440836196919)
 (0.95599322508590756,-0.95599322508590756)
 (0.31866440836196919,0.31866440836196919)
 (0.95599322508590756,-0.31866440836196919)
 (0.95599322508590756,0.95599322508590756)
 (-0.95599322508590756,-0.95599322508590756)
 (-0.95599322508590756,-0.31866440836196919)
 (0.95599322508590756,0.31866440836196919)
 (-0.95599322508590756,0.95599322508590756)
 (-0.95599322508590756,-0.95599322508590756)
 (-0.31866440836196919,-0.31866440836196919)
 (-0.95599322508590756,-0.95599322508590756)
 (-0.95599322508590756,-0.95599322508590756)
 (0.31866440836196919,0.95599322508590756)
 (0.31866440836196919,0.31866440836196919)
 (0.31866440836196919,0.31866440836196919)
 (0.31866440836196919,-0.31866440836196919)
 (-0.31866440836196919,-0.31866440836196919)
 (0.31866440836196919,0.31866440836196919)
 (-0.31866440836196919,0.95599322508590756)
 (0.95599322508590756,0.95599322508590756)
 (0.31866440836196919,0.95599322508590756)
 (-0.31866440836196919,-0.95599322508590756)
 (0.95599322508590756,0.95599322508590756)
 (-0.95599322508590756,-0.31866440836196919)
 (-0.95599322508590756,-0.95599322508590756)
 (0.95599322508590756,0.31866440836196919)
 (0.95599322508590756,0.31866440836196919)
 (0.95599322508590756,0.95599322508590756)
 (0.31866440836196919,0.31866440836196919)
 (0.95599322508590756,-0.31866440836196919)
 (-0.31866440836196919,-0.31866440836196919)
 (-0.31866440836196919,-0.31866440836196919)
 (-0.95599322508590756,0.31866440836196919)
 (0.31866440836196919,-0.95599322508590756)
 (-0.95599322508590756,-0.95599322508590756)
 (0.31866440836196919,0.31866440836196919)
 (0.31866440836196919,-0.31866440836196919)
 (0.95599322508590756,0.31866440836196919)
 (0.95599322508590756,-0.31866440836196919)
 (-0.31866440836196919,0.31866440836196919)
 (0.95599322508590756,0.95599322508590756)
 (-0.31866440836196919,0.31866440836196919)
 (0.31866440836196919,-0.31866440836196919)
 (-0.31866440836196919,0.95599322508590756)
 (-0.95599322508590756,0.95599322508590756)
 (0.95599322508590756,0.31866440836196919)
 (-0.95599322508590756,0.95599322508590756)
 (0.31866440836196919,-0.31866440836196919)
 (-0.95599322508590756,-0.95599322508590756)
 (-0.31866440836196919,0.31866440836196919)
 (-0.95599322508590756,-0.95599322508590756)
 (0.31866440836196919,0.95599322508590756)
 (0.95599322508590756,0.95599322508590756)
 (0.95599322508590756,-0.31866440836196919)
 (0.95599322508590756,-0.31866440836196919)
 (-0.95599322508590756,-0.31866440836196919)
 (0.95599322508590756,-0.31866440836196919)
 (0.95599322508590756,0.31866440836196919)
 (0.31866440836196919,0.95599322508590756)
 (0.31866440836196919,-0.31866440836196919)
 (0.95599322508590756,0.95599322508590756)
 (-0.31866440836196919,-0.31866440836196919)
 (-0.95599322508590756,0.95599322508590756)
 (-0.95599322508590756,0.95599322508590756)
 (0.95599322508590756,-0.31866440836196919)
 (0.31866440836196919,0.95599322508590756)
 (-0.95599322508590756,-0.31866440836196919)
 (-0.31866440836196919,0.95599322508590756)
 (0.31866440836196919,0.95599322508590756)
 (0.95599322508590756,-0.31866440836196919)
 (-0.95599322508590756,-0.95599322508590756)
 (-0.95599322508590756,-0.31866440836196919)
 (0.31866440836196919,0.31866440836196919)
 (0.95599322508590756,-0.95599322508590756)
 (-0.31866440836196919,0.95599322508590756)
 (0.95599322508590756,0.95599322508590756)
 (-0.95599322508590756,-0.31866440836196919)
 (0.95599322508590756,-0.95599322508590756)
 (-0.31866440836196919,-0.95599322508590756)
 (0.95599322508590756,0.95599322508590756)
 (-0.95599322508590756,0.95599322508590756)
 (0.95599322508590756,0.31866440836196919)
 (-0.95599322508590756,-0.31866440836196919)
 (-0.95599322508590756,0.31866440836196919)
 (-0.95599322508590756,-0.31866440836196919)
 (-0.95599322508590756,0.95599322508590756)
 (0.95599322508590756,0.95599322508590756)
 (-0.31866440836196919,0.95599322508590756)
 (-0.31866440836196919,0.31866440836196919)
 (-0.31866440836196919,-0.31866440836196919)
 (-0.31866440836196919,-0.31866440836196919)
 (0.31866440836196919,-0.31866440836196919)
 (0.95599322508590756,0.95599322508590756)
 (-0.95599322508590756,-0.31866440836196919)
 (-0.95599322508590756,0.95599322508590756)
 (-0.31866440836196919,0.95599322508590756)
 (-0.31866440836196919,-0.31866440836196919)
 (-0.95599322508590756,-0.95599322508590756)
 (-0.31866440836196919,0.95599322508590756)
 (0.31866440836196919,0.95599322508590756)
 (0.95599322508590756,-0.31866440836196919)
 (0.31866440836196919,0.31866440836196919)
 (0.31866440836196919,0.31866440836196919)
 (0.31866440836196919,-0.31866440836196919)
 (0.95599322508590756,-0.31866440836196919)
 (-0.95599322508590756,-0.31866440836196919)
 (-0.95599322508590756,0.95599322508590756)
 (0.95599322508590756,0.95599322508590756)
 (-0.31866440836196919,0.31866440836196919)
 (-0.95599322508590756,-0.31866440836196919)
 (-0.31866440836196919,0.31866440836196919)
 (0.31866440836196919,0.31866440836196919)
 (0.31866440836196919,0.31866440836196919)
 (0.95599322508590756,0.31866440836196919)
 (-0.95599322508590756,0.95599322508590756)
 (0.31866440836196919,-0.95599322508590756)
 (-0.31866440836196919,-0.95599322508590756)
 (0.95599322508590756,-0.31866440836196919)
 (-0.95599322508590756,-0.31866440836196919)
 (0.95599322508590756,0.95599322508590756)
 (0.31866440836196919,-0.95599322508590756)
 (-0.95599322508590756,0.95599322508590756)
 (-0.31866440836196919,-0.31866440836196919)
 (-0.95599322508590756,0.31866440836196919)
 (-0.95599322508590756,-0.95599322508590756)
 (0.31866440836196919,0.31866440836196919)
 (-0.95599322508590756,0.95599322508590756)
 (0.95599322508590756,0.95599322508590756)
 (-0.31866440836196919,-0.95599322508590756)
 (-0.31866440836196919,0.95599322508590756)
 (-0.31866440836196919,-0.95599322508590756)
 (0.95599322508590756,-0.95599322508590756)
 (-0.95599322508590756,0.95599322508590756)
 (0.31866440836196919,-0.31866440836196919)
 (-0.31866440836196919,-0.95599322508590756)
 (0.31866440836196919,0.95599322508590756)
 (0.95599322508590756,-0.31866440836196919)
 (0.31866440836196919,0.95599322508590756)
 (-0.95599322508590756,0.95599322508590756)
 (-0.95599322508590756,-0.31866440836196919)
 (-0.95599322508590756,0.95599322508590756)
 (0.95599322508590756,-0.95599322508590756)
 (-0.31866440836196919,0.95599322508590756)
 (-0.95599322508590756,-0.95599322508590756)
 (0.95599322508590756,-0.31866440836196919)
 (-0.95599322508590756,-0.31866440836196919)
 (0.31866440836196919,0.95599322508590756)
 (0.95599322508590756,-0.31866440836196919)
 (-0.31866440836196919,-0.31866440836196919)
 (-0.95599322508590756,-0.95599322508590756)
 (0.95599322508590756,0.95599322508590756)
 (0.31866440836196919,-0.31866440836196919)
 (0.95599322508590756,-0.95599322508590756)
 (0.31866440836196919,-0.95599322508590756)
 (0.31866440836196919,0.31866440836196919)
 (0.31866440836196919,0.31866440836196919)
 (0.95599322508590756,0.31866440836196919)
 (-0.95599322508590756,-0.31866440836196919)
 (0.95599322508590756,-0.31866440836196919)
 (0.31866440836196919,-0.31866440836196919)
 (-0.31866440836196919,0.31866440836196919)
 (-0.95599322508590756,-0.31866440836196919)
 (0.31866440836196919,-0.31866440836196919)
