# Created by Octave 8.4.0, Thu Dec 11 09:16:05 2025 IST <gamana@Samsung>
# name: iq
# type: complex matrix
# rows: 2048
# columns: 1
 (0.93901284365608684,0.93901284365608684)
 (-0.31300428121869561,0.31300428121869561)
 (-0.93901284365608684,0.31300428121869561)
 (-0.93901284365608684,-0.31300428121869561)
 (-0.31300428121869561,-0.93901284365608684)
 (-0.31300428121869561,0.31300428121869561)
 (0.93901284365608684,-0.31300428121869561)
 (0.93901284365608684,-0.31300428121869561)
 (-0.93901284365608684,-0.93901284365608684)
 (0.93901284365608684,-0.93901284365608684)
 (-0.31300428121869561,-0.93901284365608684)
 (-0.31300428121869561,-0.93901284365608684)
 (0.31300428121869561,0.93901284365608684)
 (0.31300428121869561,-0.93901284365608684)
 (0.93901284365608684,0.93901284365608684)
 (-0.31300428121869561,0.31300428121869561)
 (0.93901284365608684,0.31300428121869561)
 (0.31300428121869561,0.31300428121869561)
 (-0.93901284365608684,0.93901284365608684)
 (0.93901284365608684,0.93901284365608684)
 (0.31300428121869561,-0.93901284365608684)
 (0.93901284365608684,0.31300428121869561)
 (-0.93901284365608684,0.93901284365608684)
 (-0.93901284365608684,-0.93901284365608684)
 (0.31300428121869561,-0.31300428121869561)
 (-0.31300428121869561,-0.93901284365608684)
 (-0.31300428121869561,-0.93901284365608684)
 (0.31300428121869561,0.31300428121869561)
 (-0.93901284365608684,-0.93901284365608684)
 (-0.93901284365608684,-0.31300428121869561)
 (0.93901284365608684,0.31300428121869561)
 (-0.31300428121869561,-0.31300428121869561)
 (-0.31300428121869561,-0.93901284365608684)
 (0.31300428121869561,0.93901284365608684)
 (0.93901284365608684,-0.31300428121869561)
 (0.93901284365608684,0.31300428121869561)
 (0.93901284365608684,-0.93901284365608684)
 (0.93901284365608684,-0.31300428121869561)
 (-0.93901284365608684,0.93901284365608684)
 (0.93901284365608684,-0.31300428121869561)
 (-0.93901284365608684,0.93901284365608684)
 (-0.93901284365608684,0.93901284365608684)
 (-0.93901284365608684,0.93901284365608684)
 (-0.31300428121869561,0.93901284365608684)
 (0.93901284365608684,0.31300428121869561)
 (-0.31300428121869561,0.31300428121869561)
 (-0.31300428121869561,-0.31300428121869561)
 (-0.93901284365608684,-0.31300428121869561)
 (0.31300428121869561,0.93901284365608684)
 (0.31300428121869561,0.31300428121869561)
 (-0.31300428121869561,-0.31300428121869561)
 (-0.31300428121869561,-0.31300428121869561)
 (-0.31300428121869561,0.31300428121869561)
 (0.93901284365608684,0.31300428121869561)
 (-0.93901284365608684,-0.31300428121869561)
 (-0.31300428121869561,-0.31300428121869561)
 (0.93901284365608684,-0.31300428121869561)
 (-0.31300428121869561,0.31300428121869561)
 (-0.31300428121869561,-0.93901284365608684)
 (0.93901284365608684,0.93901284365608684)
 (0.31300428121869561,0.93901284365608684)
 (-0.31300428121869561,0.93901284365608684)
 (0.31300428121869561,0.93901284365608684)
 (-0.93901284365608684,0.31300428121869561)
 (-0.31300428121869561,-0.93901284365608684)
 (0.31300428121869561,-0.93901284365608684)
 (-0.93901284365608684,0.93901284365608684)
 (0.31300428121869561,0.93901284365608684)
 (0.93901284365608684,0.93901284365608684)
 (-0.93901284365608684,0.31300428121869561)
 (0.93901284365608684,0.93901284365608684)
 (-0.93901284365608684,-0.93901284365608684)
 (-0.31300428121869561,0.93901284365608684)
 (0.31300428121869561,0.93901284365608684)
 (0.31300428121869561,-0.93901284365608684)
 (-0.93901284365608684,-0.31300428121869561)
 (0.31300428121869561,-0.31300428121869561)
 (-0.93901284365608684,0.31300428121869561)
 (0.93901284365608684,0.31300428121869561)
 (0.93901284365608684,0.93901284365608684)
 (0.93901284365608684,0.31300428121869561)
 (-0.93901284365608684,-0.31300428121869561)
 (0.93901284365608684,-0.93901284365608684)
 (0.93901284365608684,-0.31300428121869561)
 (0.31300428121869561,-0.31300428121869561)
 (-0.31300428121869561,0.93901284365608684)
 (0.31300428121869561,0.93901284365608684)
 (-0.93901284365608684,-0.31300428121869561)
 (0.93901284365608684,-0.93901284365608684)
 (0.93901284365608684,0.93901284365608684)
 (0.93901284365608684,-0.31300428121869561)
 (0.93901284365608684,-0.93901284365608684)
 (-0.93901284365608684,0.93901284365608684)
 (0.93901284365608684,-0.93901284365608684)
 (0.31300428121869561,0.93901284365608684)
 (0.31300428121869561,-0.93901284365608684)
 (0.93901284365608684,-0.31300428121869561)
 (0.93901284365608684,0.93901284365608684)
 (0.93901284365608684,-0.93901284365608684)
 (-0.93901284365608684,0.93901284365608684)
 (0.31300428121869561,0.93901284365608684)
 (0.93901284365608684,-0.93901284365608684)
 (-0.93901284365608684,0.31300428121869561)
 (-0.31300428121869561,0.31300428121869561)
 (0.31300428121869561,0.31300428121869561)
 (0.93901284365608684,-0.31300428121869561)
 (0.31300428121869561,-0.93901284365608684)
 (-0.31300428121869561,0.93901284365608684)
 (0.93901284365608684,-0.31300428121869561)
 (-0.31300428121869561,0.93901284365608684)
 (-0.31300428121869561,0.93901284365608684)
 (0.93901284365608684,-0.31300428121869561)
 (0.31300428121869561,0.31300428121869561)
 (0.31300428121869561,0.31300428121869561)
 (0.93901284365608684,0.93901284365608684)
 (0.31300428121869561,-0.93901284365608684)
 (-0.31300428121869561,-0.31300428121869561)
 (0.93901284365608684,0.31300428121869561)
 (-0.93901284365608684,-0.31300428121869561)
 (0.31300428121869561,0.93901284365608684)
 (0.31300428121869561,0.93901284365608684)
 (0.31300428121869561,0.31300428121869561)
 (-0.31300428121869561,-0.31300428121869561)
 (-0.31300428121869561,0.93901284365608684)
 (-0.93901284365608684,0.31300428121869561)
 (-0.93901284365608684,-0.93901284365608684)
 (0.31300428121869561,-0.93901284365608684)
 (-0.93901284365608684,-0.31300428121869561)
 (-0.31300428121869561,0.93901284365608684)
 (-0.31300428121869561,0.31300428121869561)
 (0.31300428121869561,-0.93901284365608684)
 (-0.93901284365608684,-0.31300428121869561)
 (0.93901284365608684,0.93901284365608684)
 (-0.31300428121869561,-0.93901284365608684)
 (0.93901284365608684,0.31300428121869561)
 (0.31300428121869561,0.93901284365608684)
 (-0.31300428121869561,0.31300428121869561)
 (-0.31300428121869561,-0.93901284365608684)
 (-0.93901284365608684,-0.93901284365608684)
 (-0.31300428121869561,0.31300428121869561)
 (0.31300428121869561,-0.93901284365608684)
 (-0.93901284365608684,-0.31300428121869561)
 (-0.93901284365608684,0.93901284365608684)
 (0.93901284365608684,-0.93901284365608684)
 (0.31300428121869561,0.31300428121869561)
 (-0.31300428121869561,0.93901284365608684)
 (-0.31300428121869561,-0.93901284365608684)
 (0.93901284365608684,0.93901284365608684)
 (0.93901284365608684,-0.31300428121869561)
 (0.93901284365608684,-0.31300428121869561)
 (-0.93901284365608684,-0.93901284365608684)
 (0.93901284365608684,-0.93901284365608684)
 (0.31300428121869561,0.31300428121869561)
 (0.31300428121869561,-0.31300428121869561)
 (0.93901284365608684,0.93901284365608684)
 (-0.31300428121869561,0.31300428121869561)
 (-0.93901284365608684,-0.93901284365608684)
 (0.31300428121869561,0.93901284365608684)
 (-0.93901284365608684,0.93901284365608684)
 (0.31300428121869561,0.31300428121869561)
 (-0.31300428121869561,0.93901284365608684)
 (0.93901284365608684,-0.93901284365608684)
 (-0.31300428121869561,-0.93901284365608684)
 (-0.31300428121869561,-0.93901284365608684)
 (-0.93901284365608684,0.93901284365608684)
 (-0.93901284365608684,0.31300428121869561)
 (0.31300428121869561,-0.31300428121869561)
 (0.31300428121869561,0.31300428121869561)
 (-0.31300428121869561,-0.93901284365608684)
 (0.93901284365608684,0.93901284365608684)
 (0.31300428121869561,0.93901284365608684)
 (0.31300428121869561,0.31300428121869561)
 (-0.93901284365608684,-0.93901284365608684)
 (0.93901284365608684,0.31300428121869561)
 (-0.31300428121869561,0.31300428121869561)
 (-0.31300428121869561,0.31300428121869561)
 (-0.31300428121869561,0.31300428121869561)
 (-0.31300428121869561,0.31300428121869561)
 (-0.31300428121869561,-0.93901284365608684)
