# Created by Octave 8.4.0, Thu Dec 11 09:16:05 2025 IST <gamana@Samsung>
# name: iq
# type: complex matrix
# rows: 2048
# columns: 1
 (-0.94153853117888797,-0.31384617705962931)
 (-0.31384617705962931,-0.31384617705962931)
 (0.94153853117888797,-0.94153853117888797)
 (0.94153853117888797,-0.31384617705962931)
 (-0.94153853117888797,0.94153853117888797)
 (0.31384617705962931,0.94153853117888797)
 (0.31384617705962931,-0.94153853117888797)
 (-0.31384617705962931,0.94153853117888797)
 (-0.31384617705962931,-0.94153853117888797)
 (0.94153853117888797,0.94153853117888797)
 (0.94153853117888797,0.94153853117888797)
 (-0.31384617705962931,-0.94153853117888797)
 (0.31384617705962931,-0.94153853117888797)
 (-0.94153853117888797,-0.31384617705962931)
 (-0.31384617705962931,0.94153853117888797)
 (-0.31384617705962931,-0.31384617705962931)
 (0.94153853117888797,-0.31384617705962931)
 (0.94153853117888797,0.94153853117888797)
 (-0.31384617705962931,0.94153853117888797)
 (0.31384617705962931,0.94153853117888797)
 (-0.31384617705962931,-0.94153853117888797)
 (0.31384617705962931,0.94153853117888797)
 (-0.31384617705962931,0.31384617705962931)
 (-0.31384617705962931,-0.94153853117888797)
 (-0.94153853117888797,0.31384617705962931)
 (-0.31384617705962931,-0.31384617705962931)
 (-0.31384617705962931,0.31384617705962931)
 (0.31384617705962931,0.94153853117888797)
 (0.31384617705962931,0.94153853117888797)
 (0.31384617705962931,-0.31384617705962931)
 (-0.31384617705962931,-0.31384617705962931)
 (-0.94153853117888797,-0.31384617705962931)
 (0.31384617705962931,-0.94153853117888797)
 (-0.31384617705962931,0.94153853117888797)
 (0.94153853117888797,0.31384617705962931)
 (0.31384617705962931,-0.94153853117888797)
 (0.94153853117888797,0.94153853117888797)
 (-0.31384617705962931,-0.31384617705962931)
 (-0.94153853117888797,0.31384617705962931)
 (-0.94153853117888797,-0.94153853117888797)
 (0.94153853117888797,-0.94153853117888797)
 (-0.94153853117888797,-0.31384617705962931)
 (0.31384617705962931,-0.31384617705962931)
 (-0.94153853117888797,-0.31384617705962931)
 (0.31384617705962931,-0.31384617705962931)
 (-0.94153853117888797,0.94153853117888797)
 (-0.94153853117888797,-0.94153853117888797)
 (0.94153853117888797,0.94153853117888797)
 (-0.94153853117888797,-0.31384617705962931)
 (0.31384617705962931,0.31384617705962931)
 (-0.94153853117888797,0.31384617705962931)
 (-0.94153853117888797,-0.94153853117888797)
 (0.31384617705962931,-0.94153853117888797)
 (-0.31384617705962931,-0.94153853117888797)
 (0.94153853117888797,-0.94153853117888797)
 (0.94153853117888797,-0.31384617705962931)
 (0.31384617705962931,0.31384617705962931)
 (0.31384617705962931,-0.94153853117888797)
 (-0.31384617705962931,0.94153853117888797)
 (0.94153853117888797,-0.31384617705962931)
 (-0.94153853117888797,-0.31384617705962931)
 (0.31384617705962931,-0.94153853117888797)
 (0.31384617705962931,0.94153853117888797)
 (0.94153853117888797,0.31384617705962931)
 (0.94153853117888797,0.94153853117888797)
 (-0.94153853117888797,-0.94153853117888797)
 (0.31384617705962931,0.94153853117888797)
 (-0.31384617705962931,-0.94153853117888797)
 (0.94153853117888797,-0.31384617705962931)
 (0.94153853117888797,0.94153853117888797)
 (0.94153853117888797,0.94153853117888797)
 (-0.31384617705962931,0.94153853117888797)
 (-0.31384617705962931,0.31384617705962931)
 (0.31384617705962931,0.94153853117888797)
 (-0.94153853117888797,0.94153853117888797)
 (0.94153853117888797,-0.94153853117888797)
 (0.94153853117888797,0.94153853117888797)
 (0.31384617705962931,0.31384617705962931)
 (0.31384617705962931,0.94153853117888797)
 (0.31384617705962931,-0.31384617705962931)
 (0.31384617705962931,0.31384617705962931)
 (0.31384617705962931,-0.94153853117888797)
 (-0.94153853117888797,-0.31384617705962931)
 (-0.94153853117888797,-0.94153853117888797)
 (-0.31384617705962931,-0.31384617705962931)
 (-0.31384617705962931,-0.31384617705962931)
 (-0.94153853117888797,-0.94153853117888797)
 (0.94153853117888797,0.31384617705962931)
 (0.31384617705962931,0.94153853117888797)
 (-0.31384617705962931,-0.94153853117888797)
 (-0.31384617705962931,-0.31384617705962931)
 (-0.31384617705962931,0.94153853117888797)
 (-0.31384617705962931,0.31384617705962931)
 (0.94153853117888797,0.94153853117888797)
 (-0.94153853117888797,-0.94153853117888797)
 (0.31384617705962931,-0.94153853117888797)
 (-0.94153853117888797,0.94153853117888797)
 (-0.31384617705962931,-0.94153853117888797)
 (-0.31384617705962931,0.31384617705962931)
 (0.94153853117888797,-0.94153853117888797)
 (-0.94153853117888797,0.31384617705962931)
 (0.94153853117888797,0.31384617705962931)
 (-0.94153853117888797,0.94153853117888797)
 (-0.94153853117888797,0.94153853117888797)
 (-0.31384617705962931,-0.94153853117888797)
 (0.31384617705962931,0.94153853117888797)
 (-0.94153853117888797,0.94153853117888797)
 (-0.94153853117888797,-0.94153853117888797)
 (-0.94153853117888797,0.94153853117888797)
 (0.94153853117888797,-0.31384617705962931)
 (0.94153853117888797,0.94153853117888797)
 (-0.94153853117888797,-0.31384617705962931)
 (0.31384617705962931,0.31384617705962931)
 (-0.31384617705962931,-0.94153853117888797)
 (-0.94153853117888797,-0.31384617705962931)
 (0.31384617705962931,-0.31384617705962931)
 (-0.31384617705962931,-0.31384617705962931)
 (0.31384617705962931,-0.94153853117888797)
 (-0.31384617705962931,0.94153853117888797)
 (0.31384617705962931,0.31384617705962931)
 (0.31384617705962931,-0.31384617705962931)
 (-0.31384617705962931,-0.94153853117888797)
 (-0.31384617705962931,0.31384617705962931)
 (-0.94153853117888797,-0.94153853117888797)
 (0.31384617705962931,0.94153853117888797)
 (0.94153853117888797,0.94153853117888797)
 (-0.31384617705962931,0.31384617705962931)
 (0.31384617705962931,-0.94153853117888797)
 (-0.31384617705962931,0.94153853117888797)
 (-0.31384617705962931,0.31384617705962931)
 (-0.94153853117888797,-0.31384617705962931)
 (-0.31384617705962931,-0.31384617705962931)
 (0.94153853117888797,-0.94153853117888797)
 (-0.94153853117888797,-0.31384617705962931)
 (0.94153853117888797,0.94153853117888797)
 (0.31384617705962931,0.31384617705962931)
 (0.31384617705962931,-0.94153853117888797)
 (0.31384617705962931,-0.31384617705962931)
 (0.31384617705962931,-0.31384617705962931)
 (-0.31384617705962931,0.94153853117888797)
 (-0.94153853117888797,-0.31384617705962931)
 (-0.31384617705962931,0.94153853117888797)
 (-0.94153853117888797,0.94153853117888797)
 (0.31384617705962931,-0.94153853117888797)
 (0.94153853117888797,0.31384617705962931)
 (-0.94153853117888797,0.31384617705962931)
 (0.31384617705962931,0.94153853117888797)
 (0.31384617705962931,0.94153853117888797)
 (-0.94153853117888797,0.31384617705962931)
 (-0.31384617705962931,0.31384617705962931)
 (0.94153853117888797,-0.31384617705962931)
 (0.31384617705962931,0.31384617705962931)
 (0.31384617705962931,-0.94153853117888797)
 (-0.31384617705962931,-0.31384617705962931)
 (-0.94153853117888797,-0.31384617705962931)
 (0.94153853117888797,0.31384617705962931)
 (0.94153853117888797,-0.31384617705962931)
 (-0.94153853117888797,0.94153853117888797)
 (0.31384617705962931,0.31384617705962931)
 (0.31384617705962931,-0.94153853117888797)
 (-0.94153853117888797,0.31384617705962931)
 (0.31384617705962931,-0.31384617705962931)
 (-0.94153853117888797,-0.94153853117888797)
 (0.94153853117888797,0.31384617705962931)
 (0.94153853117888797,-0.31384617705962931)
 (0.94153853117888797,0.31384617705962931)
 (-0.94153853117888797,0.31384617705962931)
 (-0.94153853117888797,0.31384617705962931)
 (0.94153853117888797,-0.94153853117888797)
 (0.31384617705962931,-0.94153853117888797)
 (-0.31384617705962931,-0.94153853117888797)
 (0.94153853117888797,-0.94153853117888797)
 (0.94153853117888797,0.94153853117888797)
 (0.94153853117888797,-0.31384617705962931)
 (0.94153853117888797,-0.94153853117888797)
 (0.31384617705962931,0.94153853117888797)
 (-0.94153853117888797,-0.94153853117888797)
 (-0.94153853117888797,0.31384617705962931)
