# Created by Octave 8.4.0, Thu Dec 11 09:16:05 2025 IST <gamana@Samsung>
# name: iq
# type: complex matrix
# rows: 2048
# columns: 1
 (0.31324413127781392,0.31324413127781392)
 (-0.93973239383344176,0.93973239383344176)
 (0.93973239383344176,0.93973239383344176)
 (-0.31324413127781392,0.93973239383344176)
 (-0.93973239383344176,0.93973239383344176)
 (0.31324413127781392,-0.31324413127781392)
 (0.93973239383344176,-0.31324413127781392)
 (0.31324413127781392,-0.93973239383344176)
 (-0.31324413127781392,-0.31324413127781392)
 (-0.93973239383344176,0.31324413127781392)
 (-0.93973239383344176,0.93973239383344176)
 (0.31324413127781392,0.93973239383344176)
 (0.93973239383344176,0.31324413127781392)
 (-0.31324413127781392,-0.93973239383344176)
 (0.93973239383344176,0.93973239383344176)
 (0.31324413127781392,0.93973239383344176)
 (-0.93973239383344176,0.93973239383344176)
 (-0.93973239383344176,-0.31324413127781392)
 (-0.31324413127781392,-0.31324413127781392)
 (0.31324413127781392,-0.93973239383344176)
 (-0.31324413127781392,-0.31324413127781392)
 (-0.93973239383344176,0.93973239383344176)
 (-0.31324413127781392,0.93973239383344176)
 (0.93973239383344176,-0.31324413127781392)
 (-0.93973239383344176,0.93973239383344176)
 (-0.31324413127781392,-0.93973239383344176)
 (0.93973239383344176,-0.93973239383344176)
 (-0.31324413127781392,-0.31324413127781392)
 (-0.31324413127781392,-0.93973239383344176)
 (0.31324413127781392,0.31324413127781392)
 (0.31324413127781392,-0.93973239383344176)
 (-0.93973239383344176,-0.31324413127781392)
 (0.31324413127781392,0.31324413127781392)
 (0.93973239383344176,0.31324413127781392)
 (-0.93973239383344176,-0.31324413127781392)
 (0.31324413127781392,0.31324413127781392)
 (0.93973239383344176,-0.31324413127781392)
 (-0.31324413127781392,-0.31324413127781392)
 (-0.31324413127781392,0.93973239383344176)
 (0.31324413127781392,-0.31324413127781392)
 (0.31324413127781392,-0.31324413127781392)
 (0.31324413127781392,-0.93973239383344176)
 (-0.93973239383344176,-0.93973239383344176)
 (-0.93973239383344176,-0.31324413127781392)
 (-0.93973239383344176,-0.31324413127781392)
 (-0.93973239383344176,-0.93973239383344176)
 (0.93973239383344176,-0.31324413127781392)
 (0.31324413127781392,0.31324413127781392)
 (0.93973239383344176,-0.31324413127781392)
 (0.93973239383344176,0.31324413127781392)
 (-0.93973239383344176,-0.31324413127781392)
 (0.93973239383344176,0.93973239383344176)
 (0.93973239383344176,-0.93973239383344176)
 (-0.93973239383344176,-0.93973239383344176)
 (0.93973239383344176,0.93973239383344176)
 (0.93973239383344176,0.93973239383344176)
 (0.31324413127781392,0.31324413127781392)
 (-0.31324413127781392,0.93973239383344176)
 (-0.31324413127781392,0.31324413127781392)
 (-0.93973239383344176,-0.93973239383344176)
 (0.93973239383344176,0.93973239383344176)
 (0.93973239383344176,-0.93973239383344176)
 (-0.31324413127781392,0.31324413127781392)
 (-0.93973239383344176,-0.93973239383344176)
 (-0.93973239383344176,0.93973239383344176)
 (0.93973239383344176,-0.93973239383344176)
 (0.31324413127781392,0.93973239383344176)
 (0.93973239383344176,-0.93973239383344176)
 (0.31324413127781392,0.93973239383344176)
 (-0.31324413127781392,-0.93973239383344176)
 (0.93973239383344176,0.93973239383344176)
 (-0.93973239383344176,0.31324413127781392)
 (-0.31324413127781392,-0.93973239383344176)
 (0.93973239383344176,-0.31324413127781392)
 (-0.93973239383344176,0.93973239383344176)
 (-0.93973239383344176,0.93973239383344176)
 (-0.31324413127781392,0.31324413127781392)
 (0.93973239383344176,-0.31324413127781392)
 (0.31324413127781392,-0.31324413127781392)
 (0.31324413127781392,-0.93973239383344176)
 (0.93973239383344176,0.31324413127781392)
 (-0.93973239383344176,-0.93973239383344176)
 (-0.31324413127781392,0.31324413127781392)
 (-0.93973239383344176,0.93973239383344176)
 (0.31324413127781392,0.31324413127781392)
 (0.31324413127781392,-0.93973239383344176)
 (-0.93973239383344176,-0.31324413127781392)
 (-0.31324413127781392,0.93973239383344176)
 (-0.31324413127781392,-0.31324413127781392)
 (0.31324413127781392,-0.31324413127781392)
 (-0.93973239383344176,-0.31324413127781392)
 (-0.31324413127781392,0.93973239383344176)
 (0.93973239383344176,-0.93973239383344176)
 (-0.93973239383344176,0.93973239383344176)
 (-0.31324413127781392,-0.93973239383344176)
 (-0.93973239383344176,0.31324413127781392)
 (-0.93973239383344176,-0.93973239383344176)
 (0.31324413127781392,0.93973239383344176)
 (-0.31324413127781392,-0.31324413127781392)
 (0.93973239383344176,-0.31324413127781392)
 (-0.31324413127781392,0.31324413127781392)
 (-0.31324413127781392,-0.93973239383344176)
 (-0.31324413127781392,-0.31324413127781392)
 (-0.31324413127781392,-0.93973239383344176)
 (0.93973239383344176,0.93973239383344176)
 (-0.31324413127781392,0.93973239383344176)
 (0.93973239383344176,-0.31324413127781392)
 (0.31324413127781392,0.31324413127781392)
 (-0.93973239383344176,0.31324413127781392)
 (-0.31324413127781392,0.93973239383344176)
 (0.31324413127781392,-0.31324413127781392)
 (-0.93973239383344176,-0.31324413127781392)
 (0.31324413127781392,-0.93973239383344176)
 (0.93973239383344176,-0.93973239383344176)
 (-0.93973239383344176,0.31324413127781392)
 (-0.93973239383344176,0.31324413127781392)
 (-0.93973239383344176,-0.93973239383344176)
 (-0.93973239383344176,0.31324413127781392)
 (0.93973239383344176,-0.93973239383344176)
 (0.31324413127781392,-0.93973239383344176)
 (0.31324413127781392,-0.31324413127781392)
 (0.31324413127781392,0.93973239383344176)
 (-0.93973239383344176,0.31324413127781392)
 (-0.31324413127781392,-0.31324413127781392)
 (0.31324413127781392,0.31324413127781392)
 (-0.31324413127781392,0.93973239383344176)
 (0.93973239383344176,-0.93973239383344176)
 (-0.31324413127781392,0.31324413127781392)
 (0.93973239383344176,-0.93973239383344176)
 (0.93973239383344176,0.93973239383344176)
 (-0.31324413127781392,-0.31324413127781392)
 (-0.93973239383344176,-0.31324413127781392)
 (-0.93973239383344176,-0.93973239383344176)
 (-0.93973239383344176,-0.93973239383344176)
 (-0.31324413127781392,0.93973239383344176)
 (-0.93973239383344176,-0.31324413127781392)
 (0.93973239383344176,0.93973239383344176)
 (-0.31324413127781392,-0.31324413127781392)
 (-0.31324413127781392,0.93973239383344176)
 (-0.31324413127781392,0.31324413127781392)
 (-0.31324413127781392,-0.93973239383344176)
 (-0.93973239383344176,0.93973239383344176)
 (-0.93973239383344176,0.93973239383344176)
 (0.31324413127781392,-0.93973239383344176)
 (0.93973239383344176,0.31324413127781392)
 (-0.93973239383344176,0.31324413127781392)
 (-0.93973239383344176,-0.31324413127781392)
 (0.93973239383344176,0.31324413127781392)
 (-0.31324413127781392,0.31324413127781392)
 (-0.31324413127781392,-0.31324413127781392)
 (0.93973239383344176,0.31324413127781392)
 (-0.93973239383344176,-0.31324413127781392)
 (0.31324413127781392,0.31324413127781392)
 (0.31324413127781392,0.93973239383344176)
 (0.31324413127781392,0.31324413127781392)
 (-0.93973239383344176,0.31324413127781392)
 (0.31324413127781392,-0.93973239383344176)
 (0.31324413127781392,-0.31324413127781392)
 (0.31324413127781392,-0.31324413127781392)
 (0.93973239383344176,-0.93973239383344176)
 (0.93973239383344176,0.31324413127781392)
 (0.31324413127781392,-0.93973239383344176)
 (0.31324413127781392,0.93973239383344176)
 (0.93973239383344176,0.93973239383344176)
 (0.31324413127781392,-0.31324413127781392)
 (0.31324413127781392,-0.93973239383344176)
 (0.93973239383344176,-0.93973239383344176)
 (-0.31324413127781392,0.31324413127781392)
 (0.93973239383344176,0.31324413127781392)
 (-0.31324413127781392,0.31324413127781392)
 (0.93973239383344176,0.31324413127781392)
 (0.31324413127781392,0.31324413127781392)
 (-0.93973239383344176,-0.31324413127781392)
 (0.93973239383344176,0.93973239383344176)
 (0.93973239383344176,-0.31324413127781392)
 (0.31324413127781392,-0.93973239383344176)
 (-0.31324413127781392,-0.31324413127781392)
 (-0.31324413127781392,0.31324413127781392)
