# Created by Octave 8.4.0, Thu Dec 11 09:16:05 2025 IST <gamana@Samsung>
# name: iq
# type: complex matrix
# rows: 2048
# columns: 1
 (0.31728299949660632,-0.31728299949660632)
 (0.95184899848981908,0.31728299949660632)
 (-0.95184899848981908,-0.95184899848981908)
 (-0.31728299949660632,-0.31728299949660632)
 (-0.95184899848981908,0.95184899848981908)
 (-0.95184899848981908,0.31728299949660632)
 (0.95184899848981908,0.95184899848981908)
 (-0.95184899848981908,0.95184899848981908)
 (-0.95184899848981908,-0.95184899848981908)
 (-0.95184899848981908,-0.95184899848981908)
 (0.31728299949660632,-0.31728299949660632)
 (0.31728299949660632,0.95184899848981908)
 (-0.31728299949660632,-0.31728299949660632)
 (-0.31728299949660632,-0.31728299949660632)
 (0.95184899848981908,0.31728299949660632)
 (0.31728299949660632,0.95184899848981908)
 (-0.95184899848981908,0.95184899848981908)
 (-0.31728299949660632,-0.95184899848981908)
 (-0.31728299949660632,0.95184899848981908)
 (0.95184899848981908,0.95184899848981908)
 (-0.31728299949660632,-0.95184899848981908)
 (-0.31728299949660632,-0.31728299949660632)
 (-0.31728299949660632,0.95184899848981908)
 (-0.95184899848981908,0.31728299949660632)
 (0.31728299949660632,0.31728299949660632)
 (-0.95184899848981908,0.95184899848981908)
 (-0.95184899848981908,-0.95184899848981908)
 (-0.31728299949660632,-0.95184899848981908)
 (-0.95184899848981908,-0.95184899848981908)
 (-0.95184899848981908,-0.31728299949660632)
 (0.31728299949660632,-0.31728299949660632)
 (-0.31728299949660632,-0.95184899848981908)
 (0.95184899848981908,0.31728299949660632)
 (0.95184899848981908,0.31728299949660632)
 (-0.31728299949660632,-0.31728299949660632)
 (0.95184899848981908,-0.95184899848981908)
 (0.31728299949660632,-0.95184899848981908)
 (0.31728299949660632,0.95184899848981908)
 (0.95184899848981908,0.31728299949660632)
 (-0.31728299949660632,0.95184899848981908)
 (-0.31728299949660632,0.95184899848981908)
 (-0.95184899848981908,0.95184899848981908)
 (0.31728299949660632,0.31728299949660632)
 (-0.95184899848981908,-0.31728299949660632)
 (0.95184899848981908,-0.31728299949660632)
 (0.95184899848981908,-0.95184899848981908)
 (-0.95184899848981908,0.31728299949660632)
 (-0.31728299949660632,0.95184899848981908)
 (-0.31728299949660632,0.31728299949660632)
 (0.95184899848981908,-0.31728299949660632)
 (0.95184899848981908,-0.95184899848981908)
 (0.31728299949660632,-0.95184899848981908)
 (-0.31728299949660632,0.95184899848981908)
 (-0.31728299949660632,0.31728299949660632)
 (0.31728299949660632,-0.95184899848981908)
 (-0.31728299949660632,0.31728299949660632)
 (-0.31728299949660632,-0.95184899848981908)
 (0.95184899848981908,0.95184899848981908)
 (-0.95184899848981908,-0.31728299949660632)
 (0.95184899848981908,-0.95184899848981908)
 (0.31728299949660632,-0.95184899848981908)
 (-0.31728299949660632,0.95184899848981908)
 (-0.95184899848981908,-0.95184899848981908)
 (0.31728299949660632,0.95184899848981908)
 (-0.95184899848981908,0.95184899848981908)
 (-0.95184899848981908,0.95184899848981908)
 (-0.95184899848981908,0.31728299949660632)
 (-0.31728299949660632,0.95184899848981908)
 (0.31728299949660632,-0.95184899848981908)
 (0.31728299949660632,0.31728299949660632)
 (0.31728299949660632,0.95184899848981908)
 (-0.95184899848981908,0.95184899848981908)
 (0.31728299949660632,0.31728299949660632)
 (-0.31728299949660632,-0.95184899848981908)
 (-0.31728299949660632,-0.95184899848981908)
 (0.95184899848981908,-0.31728299949660632)
 (0.31728299949660632,-0.95184899848981908)
 (-0.95184899848981908,-0.31728299949660632)
 (0.31728299949660632,0.95184899848981908)
 (-0.31728299949660632,-0.31728299949660632)
 (0.31728299949660632,0.31728299949660632)
 (-0.31728299949660632,-0.95184899848981908)
 (0.31728299949660632,0.31728299949660632)
 (0.95184899848981908,-0.95184899848981908)
 (0.95184899848981908,-0.95184899848981908)
 (-0.31728299949660632,-0.95184899848981908)
 (0.95184899848981908,-0.31728299949660632)
 (0.95184899848981908,0.31728299949660632)
 (0.31728299949660632,-0.31728299949660632)
 (-0.95184899848981908,-0.31728299949660632)
 (0.31728299949660632,0.95184899848981908)
 (-0.95184899848981908,0.95184899848981908)
 (0.31728299949660632,0.95184899848981908)
 (0.95184899848981908,-0.95184899848981908)
 (0.95184899848981908,-0.95184899848981908)
 (-0.95184899848981908,-0.95184899848981908)
 (-0.31728299949660632,0.31728299949660632)
 (-0.31728299949660632,-0.95184899848981908)
 (0.95184899848981908,0.31728299949660632)
 (-0.31728299949660632,-0.95184899848981908)
 (0.31728299949660632,0.95184899848981908)
 (0.95184899848981908,-0.31728299949660632)
 (-0.95184899848981908,0.31728299949660632)
 (-0.31728299949660632,0.31728299949660632)
 (0.95184899848981908,-0.95184899848981908)
 (0.31728299949660632,-0.95184899848981908)
 (-0.31728299949660632,0.95184899848981908)
 (0.95184899848981908,0.31728299949660632)
 (0.31728299949660632,0.31728299949660632)
 (0.31728299949660632,0.31728299949660632)
 (-0.95184899848981908,0.31728299949660632)
 (-0.31728299949660632,-0.95184899848981908)
 (0.31728299949660632,0.31728299949660632)
 (-0.31728299949660632,0.95184899848981908)
 (0.95184899848981908,0.31728299949660632)
 (-0.95184899848981908,-0.95184899848981908)
 (0.31728299949660632,0.31728299949660632)
 (-0.95184899848981908,-0.95184899848981908)
 (0.31728299949660632,0.31728299949660632)
 (0.95184899848981908,0.95184899848981908)
 (-0.95184899848981908,-0.31728299949660632)
 (0.95184899848981908,-0.31728299949660632)
 (-0.95184899848981908,-0.95184899848981908)
 (-0.31728299949660632,-0.31728299949660632)
 (0.31728299949660632,-0.95184899848981908)
 (-0.95184899848981908,0.31728299949660632)
 (-0.95184899848981908,-0.95184899848981908)
 (-0.31728299949660632,-0.95184899848981908)
 (-0.95184899848981908,0.31728299949660632)
 (0.95184899848981908,0.31728299949660632)
 (-0.95184899848981908,0.95184899848981908)
 (0.31728299949660632,-0.31728299949660632)
 (0.95184899848981908,-0.31728299949660632)
 (0.95184899848981908,0.31728299949660632)
 (0.31728299949660632,-0.31728299949660632)
 (0.95184899848981908,0.31728299949660632)
 (0.31728299949660632,-0.95184899848981908)
 (-0.31728299949660632,0.95184899848981908)
 (0.31728299949660632,-0.31728299949660632)
 (-0.95184899848981908,0.95184899848981908)
 (-0.95184899848981908,0.95184899848981908)
 (0.31728299949660632,0.95184899848981908)
 (-0.31728299949660632,-0.31728299949660632)
 (0.95184899848981908,0.95184899848981908)
 (0.31728299949660632,0.31728299949660632)
 (0.95184899848981908,0.95184899848981908)
 (0.95184899848981908,-0.95184899848981908)
 (0.95184899848981908,0.95184899848981908)
 (-0.31728299949660632,0.95184899848981908)
 (0.31728299949660632,0.31728299949660632)
 (0.31728299949660632,-0.31728299949660632)
 (0.95184899848981908,0.31728299949660632)
 (0.95184899848981908,-0.95184899848981908)
 (0.31728299949660632,0.95184899848981908)
 (0.95184899848981908,0.31728299949660632)
 (0.95184899848981908,0.31728299949660632)
 (-0.31728299949660632,-0.95184899848981908)
 (0.31728299949660632,-0.31728299949660632)
 (0.95184899848981908,-0.31728299949660632)
 (-0.31728299949660632,-0.31728299949660632)
 (0.95184899848981908,0.95184899848981908)
 (-0.31728299949660632,-0.95184899848981908)
 (0.31728299949660632,-0.31728299949660632)
 (-0.95184899848981908,0.95184899848981908)
 (-0.95184899848981908,-0.31728299949660632)
 (0.95184899848981908,0.95184899848981908)
 (-0.31728299949660632,0.31728299949660632)
 (-0.95184899848981908,-0.95184899848981908)
 (0.31728299949660632,-0.31728299949660632)
 (0.95184899848981908,0.95184899848981908)
 (0.95184899848981908,0.31728299949660632)
 (0.95184899848981908,-0.95184899848981908)
 (-0.31728299949660632,0.31728299949660632)
 (-0.31728299949660632,0.95184899848981908)
 (0.31728299949660632,-0.31728299949660632)
 (0.95184899848981908,-0.95184899848981908)
 (0.95184899848981908,-0.95184899848981908)
 (0.31728299949660632,0.31728299949660632)
