# Created by Octave 8.4.0, Thu Dec 11 09:16:05 2025 IST <gamana@Samsung>
# name: iq
# type: complex matrix
# rows: 2048
# columns: 1
 (-0.31354472066784822,-0.94063416200354466)
 (-0.94063416200354466,0.94063416200354466)
 (-0.94063416200354466,0.31354472066784822)
 (-0.31354472066784822,0.31354472066784822)
 (-0.31354472066784822,0.94063416200354466)
 (0.31354472066784822,-0.31354472066784822)
 (-0.31354472066784822,0.94063416200354466)
 (-0.94063416200354466,-0.94063416200354466)
 (0.94063416200354466,-0.94063416200354466)
 (-0.31354472066784822,-0.31354472066784822)
 (-0.31354472066784822,0.94063416200354466)
 (0.94063416200354466,0.94063416200354466)
 (0.94063416200354466,-0.94063416200354466)
 (0.31354472066784822,-0.94063416200354466)
 (0.31354472066784822,-0.94063416200354466)
 (-0.31354472066784822,0.94063416200354466)
 (-0.31354472066784822,-0.31354472066784822)
 (0.31354472066784822,-0.31354472066784822)
 (0.31354472066784822,0.94063416200354466)
 (-0.31354472066784822,0.31354472066784822)
 (-0.31354472066784822,0.31354472066784822)
 (-0.31354472066784822,0.31354472066784822)
 (-0.31354472066784822,0.94063416200354466)
 (-0.31354472066784822,-0.31354472066784822)
 (-0.31354472066784822,-0.31354472066784822)
 (0.94063416200354466,-0.31354472066784822)
 (0.31354472066784822,0.31354472066784822)
 (-0.94063416200354466,-0.31354472066784822)
 (0.31354472066784822,-0.31354472066784822)
 (0.31354472066784822,0.94063416200354466)
 (-0.31354472066784822,0.94063416200354466)
 (0.31354472066784822,-0.94063416200354466)
 (0.31354472066784822,0.94063416200354466)
 (-0.94063416200354466,-0.31354472066784822)
 (0.31354472066784822,-0.94063416200354466)
 (-0.31354472066784822,-0.94063416200354466)
 (-0.94063416200354466,0.94063416200354466)
 (-0.94063416200354466,-0.94063416200354466)
 (0.94063416200354466,-0.31354472066784822)
 (-0.94063416200354466,0.94063416200354466)
 (-0.31354472066784822,0.31354472066784822)
 (0.31354472066784822,-0.94063416200354466)
 (-0.94063416200354466,0.94063416200354466)
 (-0.31354472066784822,-0.31354472066784822)
 (0.94063416200354466,0.31354472066784822)
 (0.94063416200354466,0.94063416200354466)
 (0.94063416200354466,0.31354472066784822)
 (0.31354472066784822,-0.31354472066784822)
 (0.94063416200354466,0.94063416200354466)
 (-0.31354472066784822,-0.31354472066784822)
 (0.31354472066784822,-0.31354472066784822)
 (0.31354472066784822,0.94063416200354466)
 (-0.94063416200354466,-0.94063416200354466)
 (0.31354472066784822,-0.94063416200354466)
 (0.31354472066784822,0.31354472066784822)
 (-0.31354472066784822,-0.31354472066784822)
 (-0.94063416200354466,-0.31354472066784822)
 (-0.94063416200354466,0.31354472066784822)
 (0.94063416200354466,-0.94063416200354466)
 (0.94063416200354466,-0.31354472066784822)
 (0.94063416200354466,-0.31354472066784822)
 (0.94063416200354466,-0.31354472066784822)
 (0.94063416200354466,-0.31354472066784822)
 (0.94063416200354466,0.31354472066784822)
 (0.31354472066784822,-0.94063416200354466)
 (-0.31354472066784822,0.94063416200354466)
 (-0.31354472066784822,-0.94063416200354466)
 (0.31354472066784822,-0.94063416200354466)
 (-0.94063416200354466,-0.31354472066784822)
 (-0.94063416200354466,-0.31354472066784822)
 (0.94063416200354466,0.94063416200354466)
 (-0.94063416200354466,-0.94063416200354466)
 (0.31354472066784822,0.31354472066784822)
 (-0.94063416200354466,-0.31354472066784822)
 (0.31354472066784822,0.31354472066784822)
 (-0.94063416200354466,0.94063416200354466)
 (0.94063416200354466,-0.94063416200354466)
 (0.94063416200354466,-0.31354472066784822)
 (-0.31354472066784822,-0.94063416200354466)
 (0.31354472066784822,-0.94063416200354466)
 (-0.31354472066784822,0.31354472066784822)
 (0.31354472066784822,0.94063416200354466)
 (-0.31354472066784822,0.94063416200354466)
 (-0.94063416200354466,-0.94063416200354466)
 (0.94063416200354466,-0.94063416200354466)
 (-0.94063416200354466,-0.94063416200354466)
 (0.31354472066784822,0.31354472066784822)
 (-0.94063416200354466,-0.94063416200354466)
 (-0.31354472066784822,-0.94063416200354466)
 (-0.31354472066784822,-0.31354472066784822)
 (0.94063416200354466,0.94063416200354466)
 (0.31354472066784822,-0.31354472066784822)
 (0.31354472066784822,0.31354472066784822)
 (0.31354472066784822,0.94063416200354466)
 (0.94063416200354466,0.94063416200354466)
 (-0.94063416200354466,-0.94063416200354466)
 (-0.31354472066784822,-0.31354472066784822)
 (0.94063416200354466,0.31354472066784822)
 (0.31354472066784822,0.94063416200354466)
 (-0.31354472066784822,0.31354472066784822)
 (0.31354472066784822,0.94063416200354466)
 (0.31354472066784822,0.31354472066784822)
 (-0.94063416200354466,0.31354472066784822)
 (0.94063416200354466,0.31354472066784822)
 (-0.94063416200354466,0.31354472066784822)
 (-0.94063416200354466,0.94063416200354466)
 (-0.31354472066784822,-0.94063416200354466)
 (-0.31354472066784822,0.94063416200354466)
 (-0.94063416200354466,-0.94063416200354466)
 (0.31354472066784822,0.94063416200354466)
 (-0.94063416200354466,-0.31354472066784822)
 (0.94063416200354466,0.31354472066784822)
 (-0.31354472066784822,-0.31354472066784822)
 (-0.31354472066784822,-0.31354472066784822)
 (0.94063416200354466,-0.31354472066784822)
 (-0.94063416200354466,-0.94063416200354466)
 (-0.31354472066784822,-0.31354472066784822)
 (0.31354472066784822,-0.31354472066784822)
 (-0.94063416200354466,-0.31354472066784822)
 (0.31354472066784822,0.31354472066784822)
 (-0.94063416200354466,-0.31354472066784822)
 (0.31354472066784822,0.94063416200354466)
 (-0.94063416200354466,0.94063416200354466)
 (-0.94063416200354466,0.94063416200354466)
 (0.31354472066784822,0.31354472066784822)
 (-0.31354472066784822,0.31354472066784822)
 (0.94063416200354466,-0.31354472066784822)
 (-0.94063416200354466,-0.31354472066784822)
 (-0.94063416200354466,-0.31354472066784822)
 (0.94063416200354466,0.31354472066784822)
 (0.31354472066784822,-0.31354472066784822)
 (-0.31354472066784822,-0.94063416200354466)
 (-0.94063416200354466,0.94063416200354466)
 (-0.94063416200354466,0.94063416200354466)
 (-0.31354472066784822,0.31354472066784822)
 (0.31354472066784822,-0.94063416200354466)
 (0.94063416200354466,-0.94063416200354466)
 (0.94063416200354466,-0.94063416200354466)
 (0.94063416200354466,0.31354472066784822)
 (0.31354472066784822,-0.31354472066784822)
 (0.31354472066784822,-0.94063416200354466)
 (-0.31354472066784822,0.94063416200354466)
 (0.94063416200354466,0.31354472066784822)
 (-0.31354472066784822,-0.31354472066784822)
 (-0.94063416200354466,0.94063416200354466)
 (0.94063416200354466,-0.94063416200354466)
 (0.94063416200354466,0.31354472066784822)
 (0.31354472066784822,-0.94063416200354466)
 (-0.31354472066784822,-0.31354472066784822)
 (-0.94063416200354466,-0.94063416200354466)
 (0.94063416200354466,0.94063416200354466)
 (-0.94063416200354466,-0.94063416200354466)
 (0.31354472066784822,-0.94063416200354466)
 (0.94063416200354466,0.94063416200354466)
 (0.31354472066784822,-0.31354472066784822)
 (0.31354472066784822,0.31354472066784822)
 (0.31354472066784822,0.94063416200354466)
 (0.31354472066784822,-0.31354472066784822)
 (-0.31354472066784822,-0.94063416200354466)
 (0.94063416200354466,0.94063416200354466)
 (-0.94063416200354466,0.94063416200354466)
 (-0.31354472066784822,-0.31354472066784822)
 (-0.31354472066784822,0.94063416200354466)
 (0.31354472066784822,-0.31354472066784822)
 (0.31354472066784822,-0.94063416200354466)
 (-0.94063416200354466,0.94063416200354466)
 (0.94063416200354466,-0.31354472066784822)
 (0.94063416200354466,-0.94063416200354466)
 (0.31354472066784822,-0.31354472066784822)
 (-0.31354472066784822,0.31354472066784822)
 (0.94063416200354466,-0.31354472066784822)
 (-0.94063416200354466,-0.94063416200354466)
 (0.94063416200354466,0.94063416200354466)
 (0.94063416200354466,-0.31354472066784822)
 (0.31354472066784822,-0.31354472066784822)
 (-0.94063416200354466,-0.31354472066784822)
 (0.31354472066784822,0.31354472066784822)
 (-0.31354472066784822,-0.31354472066784822)
