# Created by Octave 8.4.0, Thu Dec 11 09:16:05 2025 IST <gamana@Samsung>
# name: iq
# type: complex matrix
# rows: 2048
# columns: 1
 (0.93955235122352554,-0.31318411707450849)
 (0.31318411707450849,0.31318411707450849)
 (-0.93955235122352554,-0.93955235122352554)
 (0.93955235122352554,0.31318411707450849)
 (0.93955235122352554,0.31318411707450849)
 (0.31318411707450849,-0.93955235122352554)
 (0.93955235122352554,-0.31318411707450849)
 (-0.31318411707450849,-0.31318411707450849)
 (-0.31318411707450849,-0.31318411707450849)
 (-0.31318411707450849,-0.31318411707450849)
 (-0.93955235122352554,-0.31318411707450849)
 (0.31318411707450849,-0.31318411707450849)
 (0.93955235122352554,-0.31318411707450849)
 (0.93955235122352554,-0.93955235122352554)
 (-0.31318411707450849,-0.31318411707450849)
 (-0.31318411707450849,-0.31318411707450849)
 (0.31318411707450849,-0.93955235122352554)
 (0.93955235122352554,-0.31318411707450849)
 (-0.93955235122352554,0.31318411707450849)
 (-0.31318411707450849,0.31318411707450849)
 (-0.93955235122352554,-0.31318411707450849)
 (-0.93955235122352554,-0.31318411707450849)
 (0.93955235122352554,-0.93955235122352554)
 (0.93955235122352554,-0.31318411707450849)
 (-0.31318411707450849,-0.31318411707450849)
 (-0.93955235122352554,-0.93955235122352554)
 (0.31318411707450849,0.31318411707450849)
 (-0.93955235122352554,-0.31318411707450849)
 (0.31318411707450849,0.93955235122352554)
 (0.31318411707450849,-0.31318411707450849)
 (0.31318411707450849,-0.31318411707450849)
 (0.31318411707450849,0.93955235122352554)
 (0.93955235122352554,-0.31318411707450849)
 (-0.31318411707450849,0.31318411707450849)
 (0.31318411707450849,0.93955235122352554)
 (-0.93955235122352554,-0.31318411707450849)
 (-0.93955235122352554,-0.93955235122352554)
 (-0.93955235122352554,0.31318411707450849)
 (-0.31318411707450849,0.31318411707450849)
 (-0.31318411707450849,0.31318411707450849)
 (-0.31318411707450849,-0.31318411707450849)
 (0.93955235122352554,-0.31318411707450849)
 (0.93955235122352554,-0.93955235122352554)
 (-0.31318411707450849,-0.31318411707450849)
 (-0.31318411707450849,-0.93955235122352554)
 (0.93955235122352554,0.93955235122352554)
 (-0.93955235122352554,-0.31318411707450849)
 (0.93955235122352554,0.93955235122352554)
 (0.93955235122352554,0.93955235122352554)
 (0.93955235122352554,-0.31318411707450849)
 (-0.31318411707450849,-0.31318411707450849)
 (0.93955235122352554,-0.93955235122352554)
 (-0.93955235122352554,-0.93955235122352554)
 (-0.93955235122352554,0.93955235122352554)
 (0.31318411707450849,0.31318411707450849)
 (0.31318411707450849,0.31318411707450849)
 (-0.31318411707450849,-0.31318411707450849)
 (0.31318411707450849,-0.93955235122352554)
 (0.31318411707450849,0.93955235122352554)
 (-0.31318411707450849,0.93955235122352554)
 (-0.31318411707450849,0.93955235122352554)
 (-0.93955235122352554,0.31318411707450849)
 (-0.31318411707450849,-0.31318411707450849)
 (0.31318411707450849,-0.31318411707450849)
 (-0.31318411707450849,0.31318411707450849)
 (-0.31318411707450849,0.31318411707450849)
 (-0.93955235122352554,0.31318411707450849)
 (0.93955235122352554,0.31318411707450849)
 (-0.93955235122352554,0.31318411707450849)
 (-0.31318411707450849,0.31318411707450849)
 (-0.31318411707450849,0.31318411707450849)
 (-0.93955235122352554,-0.93955235122352554)
 (0.31318411707450849,-0.93955235122352554)
 (-0.93955235122352554,-0.93955235122352554)
 (0.31318411707450849,0.93955235122352554)
 (-0.31318411707450849,0.93955235122352554)
 (0.93955235122352554,-0.31318411707450849)
 (-0.31318411707450849,-0.31318411707450849)
 (0.31318411707450849,0.31318411707450849)
 (-0.31318411707450849,-0.93955235122352554)
 (0.31318411707450849,-0.93955235122352554)
 (0.31318411707450849,-0.93955235122352554)
 (-0.93955235122352554,-0.31318411707450849)
 (0.31318411707450849,0.93955235122352554)
 (-0.31318411707450849,0.93955235122352554)
 (0.31318411707450849,-0.93955235122352554)
 (-0.93955235122352554,0.93955235122352554)
 (-0.31318411707450849,0.93955235122352554)
 (-0.93955235122352554,-0.93955235122352554)
 (0.31318411707450849,-0.31318411707450849)
 (0.31318411707450849,-0.31318411707450849)
 (0.93955235122352554,-0.93955235122352554)
 (0.31318411707450849,-0.93955235122352554)
 (-0.93955235122352554,-0.93955235122352554)
 (0.93955235122352554,0.93955235122352554)
 (-0.93955235122352554,-0.31318411707450849)
 (-0.31318411707450849,0.31318411707450849)
 (-0.93955235122352554,-0.93955235122352554)
 (0.31318411707450849,-0.31318411707450849)
 (0.93955235122352554,0.93955235122352554)
 (0.93955235122352554,0.31318411707450849)
 (-0.93955235122352554,0.93955235122352554)
 (0.31318411707450849,0.93955235122352554)
 (0.93955235122352554,0.31318411707450849)
 (-0.93955235122352554,-0.31318411707450849)
 (-0.93955235122352554,0.31318411707450849)
 (-0.31318411707450849,-0.31318411707450849)
 (0.31318411707450849,-0.93955235122352554)
 (0.31318411707450849,-0.31318411707450849)
 (0.93955235122352554,-0.93955235122352554)
 (-0.93955235122352554,0.31318411707450849)
 (0.93955235122352554,-0.93955235122352554)
 (-0.93955235122352554,-0.31318411707450849)
 (0.31318411707450849,-0.31318411707450849)
 (0.93955235122352554,-0.93955235122352554)
 (0.93955235122352554,0.93955235122352554)
 (-0.31318411707450849,-0.93955235122352554)
 (-0.31318411707450849,-0.31318411707450849)
 (0.93955235122352554,-0.31318411707450849)
 (0.93955235122352554,0.31318411707450849)
 (0.93955235122352554,0.31318411707450849)
 (-0.93955235122352554,0.31318411707450849)
 (-0.93955235122352554,0.31318411707450849)
 (-0.93955235122352554,-0.31318411707450849)
 (-0.93955235122352554,-0.31318411707450849)
 (0.93955235122352554,-0.31318411707450849)
 (0.31318411707450849,0.31318411707450849)
 (-0.93955235122352554,0.93955235122352554)
 (0.93955235122352554,-0.93955235122352554)
 (0.31318411707450849,0.93955235122352554)
 (0.93955235122352554,0.93955235122352554)
 (0.31318411707450849,0.93955235122352554)
 (-0.31318411707450849,-0.31318411707450849)
 (0.31318411707450849,0.93955235122352554)
 (0.93955235122352554,0.31318411707450849)
 (0.93955235122352554,-0.93955235122352554)
 (-0.93955235122352554,0.93955235122352554)
 (0.93955235122352554,-0.93955235122352554)
 (0.31318411707450849,0.31318411707450849)
 (-0.31318411707450849,-0.93955235122352554)
 (-0.93955235122352554,-0.93955235122352554)
 (-0.93955235122352554,-0.31318411707450849)
 (0.93955235122352554,-0.93955235122352554)
 (0.93955235122352554,-0.93955235122352554)
 (-0.93955235122352554,-0.93955235122352554)
 (0.31318411707450849,0.31318411707450849)
 (-0.93955235122352554,-0.93955235122352554)
 (-0.93955235122352554,0.31318411707450849)
 (-0.93955235122352554,-0.31318411707450849)
 (-0.93955235122352554,0.93955235122352554)
 (0.93955235122352554,-0.93955235122352554)
 (-0.93955235122352554,0.93955235122352554)
 (0.93955235122352554,0.31318411707450849)
 (0.93955235122352554,0.31318411707450849)
 (-0.93955235122352554,-0.93955235122352554)
 (0.93955235122352554,0.31318411707450849)
 (0.93955235122352554,-0.93955235122352554)
 (0.93955235122352554,0.93955235122352554)
 (-0.93955235122352554,0.31318411707450849)
 (-0.93955235122352554,-0.31318411707450849)
 (0.93955235122352554,0.93955235122352554)
 (-0.31318411707450849,-0.31318411707450849)
 (0.93955235122352554,-0.93955235122352554)
 (0.93955235122352554,0.31318411707450849)
 (-0.31318411707450849,-0.93955235122352554)
 (-0.93955235122352554,0.93955235122352554)
 (0.31318411707450849,0.93955235122352554)
 (-0.93955235122352554,0.31318411707450849)
 (0.31318411707450849,0.93955235122352554)
 (-0.93955235122352554,-0.93955235122352554)
 (0.93955235122352554,-0.93955235122352554)
 (-0.93955235122352554,-0.93955235122352554)
 (0.93955235122352554,-0.31318411707450849)
 (0.93955235122352554,0.31318411707450849)
 (-0.93955235122352554,-0.31318411707450849)
 (0.93955235122352554,-0.93955235122352554)
 (-0.93955235122352554,-0.31318411707450849)
 (0.93955235122352554,0.31318411707450849)
