# Created by Octave 8.4.0, Thu Dec 11 09:16:05 2025 IST <gamana@Samsung>
# name: iq
# type: complex matrix
# rows: 2048
# columns: 1
 (-0.95316176494744509,-0.31772058831581507)
 (-0.95316176494744509,0.95316176494744509)
 (0.31772058831581507,0.31772058831581507)
 (0.31772058831581507,0.95316176494744509)
 (0.31772058831581507,-0.31772058831581507)
 (-0.95316176494744509,0.95316176494744509)
 (0.95316176494744509,-0.31772058831581507)
 (0.31772058831581507,-0.31772058831581507)
 (-0.95316176494744509,-0.31772058831581507)
 (0.95316176494744509,-0.31772058831581507)
 (0.95316176494744509,-0.95316176494744509)
 (0.95316176494744509,0.31772058831581507)
 (-0.95316176494744509,0.95316176494744509)
 (-0.95316176494744509,-0.95316176494744509)
 (0.95316176494744509,-0.95316176494744509)
 (0.95316176494744509,-0.95316176494744509)
 (-0.95316176494744509,0.95316176494744509)
 (-0.95316176494744509,0.95316176494744509)
 (0.31772058831581507,-0.95316176494744509)
 (-0.31772058831581507,-0.95316176494744509)
 (0.31772058831581507,0.95316176494744509)
 (0.95316176494744509,0.95316176494744509)
 (0.95316176494744509,0.95316176494744509)
 (-0.95316176494744509,0.31772058831581507)
 (0.95316176494744509,0.95316176494744509)
 (0.95316176494744509,0.31772058831581507)
 (-0.31772058831581507,-0.31772058831581507)
 (0.31772058831581507,-0.95316176494744509)
 (0.31772058831581507,0.95316176494744509)
 (-0.31772058831581507,0.31772058831581507)
 (-0.31772058831581507,-0.95316176494744509)
 (0.95316176494744509,0.95316176494744509)
 (0.95316176494744509,0.31772058831581507)
 (-0.95316176494744509,-0.31772058831581507)
 (0.95316176494744509,0.95316176494744509)
 (-0.31772058831581507,-0.31772058831581507)
 (0.95316176494744509,-0.31772058831581507)
 (0.31772058831581507,-0.31772058831581507)
 (0.31772058831581507,-0.95316176494744509)
 (-0.95316176494744509,0.95316176494744509)
 (-0.31772058831581507,0.31772058831581507)
 (-0.31772058831581507,0.95316176494744509)
 (-0.31772058831581507,0.95316176494744509)
 (0.31772058831581507,-0.95316176494744509)
 (-0.95316176494744509,-0.95316176494744509)
 (-0.95316176494744509,-0.95316176494744509)
 (0.95316176494744509,-0.31772058831581507)
 (-0.31772058831581507,0.95316176494744509)
 (0.31772058831581507,-0.31772058831581507)
 (-0.31772058831581507,0.95316176494744509)
 (-0.95316176494744509,0.31772058831581507)
 (0.31772058831581507,-0.31772058831581507)
 (0.95316176494744509,-0.31772058831581507)
 (0.31772058831581507,0.31772058831581507)
 (-0.31772058831581507,0.31772058831581507)
 (0.95316176494744509,-0.31772058831581507)
 (0.95316176494744509,0.31772058831581507)
 (0.31772058831581507,-0.95316176494744509)
 (-0.95316176494744509,0.95316176494744509)
 (0.31772058831581507,0.95316176494744509)
 (-0.95316176494744509,0.31772058831581507)
 (-0.95316176494744509,0.31772058831581507)
 (0.31772058831581507,0.95316176494744509)
 (0.31772058831581507,-0.31772058831581507)
 (-0.95316176494744509,0.31772058831581507)
 (0.95316176494744509,-0.31772058831581507)
 (-0.31772058831581507,-0.31772058831581507)
 (-0.95316176494744509,0.31772058831581507)
 (0.95316176494744509,0.31772058831581507)
 (0.95316176494744509,0.95316176494744509)
 (-0.95316176494744509,-0.31772058831581507)
 (-0.95316176494744509,-0.31772058831581507)
 (0.95316176494744509,0.31772058831581507)
 (-0.95316176494744509,0.31772058831581507)
 (0.95316176494744509,-0.31772058831581507)
 (0.95316176494744509,-0.31772058831581507)
 (-0.95316176494744509,0.95316176494744509)
 (-0.95316176494744509,0.95316176494744509)
 (0.31772058831581507,0.95316176494744509)
 (0.31772058831581507,-0.31772058831581507)
 (0.31772058831581507,-0.31772058831581507)
 (0.31772058831581507,0.95316176494744509)
 (0.31772058831581507,-0.95316176494744509)
 (0.31772058831581507,-0.95316176494744509)
 (-0.31772058831581507,-0.95316176494744509)
 (0.95316176494744509,-0.95316176494744509)
 (0.95316176494744509,0.31772058831581507)
 (-0.31772058831581507,0.95316176494744509)
 (0.31772058831581507,-0.31772058831581507)
 (-0.31772058831581507,0.31772058831581507)
 (-0.31772058831581507,0.95316176494744509)
 (-0.95316176494744509,-0.95316176494744509)
 (-0.95316176494744509,-0.95316176494744509)
 (0.31772058831581507,-0.31772058831581507)
 (0.31772058831581507,-0.31772058831581507)
 (-0.31772058831581507,0.31772058831581507)
 (0.31772058831581507,0.95316176494744509)
 (-0.95316176494744509,-0.31772058831581507)
 (-0.95316176494744509,0.31772058831581507)
 (0.31772058831581507,-0.31772058831581507)
 (0.31772058831581507,-0.95316176494744509)
 (0.31772058831581507,-0.95316176494744509)
 (0.31772058831581507,0.95316176494744509)
 (-0.31772058831581507,0.95316176494744509)
 (-0.95316176494744509,0.31772058831581507)
 (0.31772058831581507,0.95316176494744509)
 (0.31772058831581507,0.95316176494744509)
 (-0.95316176494744509,0.31772058831581507)
 (-0.31772058831581507,-0.95316176494744509)
 (0.31772058831581507,0.31772058831581507)
 (0.31772058831581507,-0.95316176494744509)
 (0.31772058831581507,-0.31772058831581507)
 (-0.31772058831581507,0.31772058831581507)
 (0.31772058831581507,0.95316176494744509)
 (0.95316176494744509,-0.31772058831581507)
 (-0.31772058831581507,-0.31772058831581507)
 (0.31772058831581507,0.95316176494744509)
 (0.31772058831581507,0.31772058831581507)
 (0.31772058831581507,0.95316176494744509)
 (-0.95316176494744509,-0.31772058831581507)
 (0.95316176494744509,-0.95316176494744509)
 (-0.31772058831581507,-0.95316176494744509)
 (0.95316176494744509,-0.31772058831581507)
 (-0.95316176494744509,0.31772058831581507)
 (0.95316176494744509,-0.95316176494744509)
 (-0.31772058831581507,0.95316176494744509)
 (-0.31772058831581507,-0.31772058831581507)
 (0.31772058831581507,0.95316176494744509)
 (0.31772058831581507,0.31772058831581507)
 (-0.31772058831581507,-0.31772058831581507)
 (0.31772058831581507,-0.31772058831581507)
 (-0.95316176494744509,-0.31772058831581507)
 (0.31772058831581507,0.31772058831581507)
 (-0.31772058831581507,-0.31772058831581507)
 (0.31772058831581507,-0.31772058831581507)
 (-0.95316176494744509,0.31772058831581507)
 (0.95316176494744509,0.95316176494744509)
 (-0.95316176494744509,-0.95316176494744509)
 (0.95316176494744509,-0.31772058831581507)
 (0.95316176494744509,-0.31772058831581507)
 (-0.31772058831581507,-0.95316176494744509)
 (-0.95316176494744509,0.95316176494744509)
 (0.95316176494744509,0.31772058831581507)
 (0.31772058831581507,0.31772058831581507)
 (-0.31772058831581507,0.31772058831581507)
 (0.95316176494744509,0.95316176494744509)
 (0.95316176494744509,-0.31772058831581507)
 (-0.31772058831581507,0.95316176494744509)
 (0.95316176494744509,-0.95316176494744509)
 (-0.95316176494744509,-0.31772058831581507)
 (0.95316176494744509,-0.95316176494744509)
 (-0.95316176494744509,-0.95316176494744509)
 (0.95316176494744509,0.95316176494744509)
 (0.95316176494744509,-0.31772058831581507)
 (-0.95316176494744509,0.95316176494744509)
 (-0.31772058831581507,-0.31772058831581507)
 (0.95316176494744509,0.95316176494744509)
 (0.95316176494744509,-0.95316176494744509)
 (-0.31772058831581507,-0.95316176494744509)
 (0.31772058831581507,0.31772058831581507)
 (-0.95316176494744509,-0.95316176494744509)
 (0.31772058831581507,-0.31772058831581507)
 (0.31772058831581507,-0.95316176494744509)
 (0.95316176494744509,-0.95316176494744509)
 (0.95316176494744509,0.95316176494744509)
 (0.95316176494744509,-0.95316176494744509)
 (-0.95316176494744509,-0.31772058831581507)
 (0.31772058831581507,0.95316176494744509)
 (0.95316176494744509,0.95316176494744509)
 (-0.95316176494744509,-0.31772058831581507)
 (0.31772058831581507,0.95316176494744509)
 (0.31772058831581507,0.95316176494744509)
 (-0.95316176494744509,0.31772058831581507)
 (0.31772058831581507,-0.95316176494744509)
 (-0.95316176494744509,0.95316176494744509)
 (0.95316176494744509,0.95316176494744509)
 (0.95316176494744509,-0.31772058831581507)
 (0.31772058831581507,0.95316176494744509)
 (0.31772058831581507,-0.31772058831581507)
