# Created by Octave 8.4.0, Thu Dec 11 09:16:05 2025 IST <gamana@Samsung>
# name: iq
# type: complex matrix
# rows: 2048
# columns: 1
 (-0.94646760807011876,0.94646760807011876)
 (0.31548920269003961,0.94646760807011876)
 (-0.31548920269003961,-0.94646760807011876)
 (0.31548920269003961,0.94646760807011876)
 (-0.31548920269003961,-0.31548920269003961)
 (-0.31548920269003961,0.31548920269003961)
 (0.31548920269003961,-0.94646760807011876)
 (0.94646760807011876,-0.94646760807011876)
 (-0.31548920269003961,0.31548920269003961)
 (-0.31548920269003961,-0.31548920269003961)
 (0.94646760807011876,0.31548920269003961)
 (-0.31548920269003961,-0.94646760807011876)
 (0.94646760807011876,-0.31548920269003961)
 (-0.31548920269003961,-0.31548920269003961)
 (-0.94646760807011876,-0.31548920269003961)
 (0.31548920269003961,0.31548920269003961)
 (0.94646760807011876,-0.94646760807011876)
 (0.31548920269003961,0.31548920269003961)
 (0.94646760807011876,0.94646760807011876)
 (0.94646760807011876,0.94646760807011876)
 (0.94646760807011876,-0.94646760807011876)
 (0.94646760807011876,0.31548920269003961)
 (-0.31548920269003961,-0.94646760807011876)
 (0.31548920269003961,-0.94646760807011876)
 (-0.31548920269003961,-0.94646760807011876)
 (0.31548920269003961,0.94646760807011876)
 (0.31548920269003961,-0.31548920269003961)
 (-0.94646760807011876,-0.94646760807011876)
 (0.31548920269003961,0.31548920269003961)
 (0.94646760807011876,-0.31548920269003961)
 (-0.94646760807011876,-0.94646760807011876)
 (0.31548920269003961,-0.94646760807011876)
 (-0.31548920269003961,-0.31548920269003961)
 (0.31548920269003961,-0.31548920269003961)
 (-0.94646760807011876,-0.31548920269003961)
 (-0.31548920269003961,-0.31548920269003961)
 (0.94646760807011876,-0.94646760807011876)
 (-0.31548920269003961,0.94646760807011876)
 (0.31548920269003961,-0.94646760807011876)
 (0.94646760807011876,0.31548920269003961)
 (0.94646760807011876,-0.31548920269003961)
 (-0.31548920269003961,0.94646760807011876)
 (0.94646760807011876,0.31548920269003961)
 (0.94646760807011876,-0.94646760807011876)
 (0.94646760807011876,0.94646760807011876)
 (0.31548920269003961,0.31548920269003961)
 (-0.94646760807011876,0.94646760807011876)
 (-0.94646760807011876,-0.31548920269003961)
 (-0.94646760807011876,0.94646760807011876)
 (-0.94646760807011876,-0.94646760807011876)
 (0.94646760807011876,0.31548920269003961)
 (-0.31548920269003961,0.94646760807011876)
 (-0.31548920269003961,0.31548920269003961)
 (0.94646760807011876,0.94646760807011876)
 (0.31548920269003961,0.94646760807011876)
 (0.31548920269003961,0.94646760807011876)
 (0.94646760807011876,-0.31548920269003961)
 (-0.94646760807011876,0.31548920269003961)
 (0.94646760807011876,0.94646760807011876)
 (0.31548920269003961,-0.94646760807011876)
 (0.31548920269003961,-0.31548920269003961)
 (0.94646760807011876,-0.94646760807011876)
 (-0.31548920269003961,0.94646760807011876)
 (-0.31548920269003961,0.31548920269003961)
 (0.94646760807011876,0.94646760807011876)
 (0.31548920269003961,0.94646760807011876)
 (0.31548920269003961,0.94646760807011876)
 (0.31548920269003961,0.94646760807011876)
 (0.31548920269003961,0.31548920269003961)
 (0.94646760807011876,-0.31548920269003961)
 (0.94646760807011876,0.94646760807011876)
 (-0.94646760807011876,-0.31548920269003961)
 (0.31548920269003961,0.94646760807011876)
 (-0.31548920269003961,0.31548920269003961)
 (0.31548920269003961,0.94646760807011876)
 (-0.31548920269003961,0.31548920269003961)
 (0.31548920269003961,0.94646760807011876)
 (-0.31548920269003961,0.94646760807011876)
 (0.94646760807011876,-0.31548920269003961)
 (-0.94646760807011876,-0.94646760807011876)
 (-0.94646760807011876,0.31548920269003961)
 (0.94646760807011876,-0.94646760807011876)
 (-0.94646760807011876,0.94646760807011876)
 (-0.94646760807011876,0.31548920269003961)
 (-0.31548920269003961,-0.94646760807011876)
 (0.31548920269003961,-0.94646760807011876)
 (-0.94646760807011876,-0.31548920269003961)
 (-0.31548920269003961,-0.31548920269003961)
 (0.94646760807011876,0.94646760807011876)
 (-0.94646760807011876,-0.94646760807011876)
 (-0.31548920269003961,0.31548920269003961)
 (0.31548920269003961,-0.94646760807011876)
 (0.31548920269003961,-0.94646760807011876)
 (0.31548920269003961,0.31548920269003961)
 (-0.94646760807011876,0.94646760807011876)
 (0.94646760807011876,0.31548920269003961)
 (0.31548920269003961,0.31548920269003961)
 (-0.31548920269003961,0.31548920269003961)
 (-0.31548920269003961,-0.94646760807011876)
 (0.94646760807011876,-0.31548920269003961)
 (0.31548920269003961,-0.31548920269003961)
 (0.31548920269003961,0.31548920269003961)
 (0.94646760807011876,-0.31548920269003961)
 (0.94646760807011876,-0.94646760807011876)
 (-0.94646760807011876,0.94646760807011876)
 (-0.94646760807011876,0.94646760807011876)
 (-0.31548920269003961,0.94646760807011876)
 (0.31548920269003961,-0.31548920269003961)
 (-0.94646760807011876,-0.31548920269003961)
 (0.31548920269003961,0.31548920269003961)
 (-0.31548920269003961,-0.31548920269003961)
 (-0.94646760807011876,0.31548920269003961)
 (-0.31548920269003961,-0.94646760807011876)
 (0.94646760807011876,0.94646760807011876)
 (0.31548920269003961,0.94646760807011876)
 (0.31548920269003961,-0.31548920269003961)
 (-0.94646760807011876,-0.94646760807011876)
 (-0.94646760807011876,-0.94646760807011876)
 (0.94646760807011876,-0.31548920269003961)
 (0.31548920269003961,0.31548920269003961)
 (-0.31548920269003961,-0.31548920269003961)
 (0.94646760807011876,0.94646760807011876)
 (-0.94646760807011876,-0.94646760807011876)
 (0.31548920269003961,-0.31548920269003961)
 (0.94646760807011876,-0.94646760807011876)
 (-0.31548920269003961,0.31548920269003961)
 (0.31548920269003961,-0.94646760807011876)
 (0.31548920269003961,0.94646760807011876)
 (-0.31548920269003961,0.94646760807011876)
 (-0.94646760807011876,-0.31548920269003961)
 (0.94646760807011876,0.94646760807011876)
 (0.31548920269003961,0.94646760807011876)
 (-0.94646760807011876,0.94646760807011876)
 (0.31548920269003961,0.94646760807011876)
 (0.31548920269003961,0.94646760807011876)
 (0.94646760807011876,0.94646760807011876)
 (-0.94646760807011876,-0.31548920269003961)
 (0.94646760807011876,0.31548920269003961)
 (0.94646760807011876,0.31548920269003961)
 (0.31548920269003961,-0.94646760807011876)
 (-0.31548920269003961,-0.94646760807011876)
 (0.31548920269003961,-0.94646760807011876)
 (-0.31548920269003961,0.31548920269003961)
 (0.31548920269003961,0.31548920269003961)
 (0.31548920269003961,-0.31548920269003961)
 (-0.94646760807011876,0.31548920269003961)
 (0.31548920269003961,0.94646760807011876)
 (0.94646760807011876,-0.94646760807011876)
 (-0.31548920269003961,-0.94646760807011876)
 (0.31548920269003961,-0.94646760807011876)
 (-0.31548920269003961,0.94646760807011876)
 (0.94646760807011876,-0.94646760807011876)
 (-0.94646760807011876,-0.31548920269003961)
 (-0.94646760807011876,-0.94646760807011876)
 (-0.31548920269003961,-0.31548920269003961)
 (-0.31548920269003961,0.94646760807011876)
 (-0.31548920269003961,-0.94646760807011876)
 (-0.31548920269003961,0.94646760807011876)
 (0.31548920269003961,0.94646760807011876)
 (0.94646760807011876,0.94646760807011876)
 (0.31548920269003961,0.94646760807011876)
 (-0.94646760807011876,-0.31548920269003961)
 (0.31548920269003961,0.31548920269003961)
 (-0.94646760807011876,0.94646760807011876)
 (0.94646760807011876,-0.31548920269003961)
 (-0.94646760807011876,0.31548920269003961)
 (0.31548920269003961,-0.94646760807011876)
 (0.94646760807011876,-0.94646760807011876)
 (-0.31548920269003961,0.94646760807011876)
 (0.94646760807011876,-0.94646760807011876)
 (-0.94646760807011876,-0.31548920269003961)
 (0.94646760807011876,-0.94646760807011876)
 (0.31548920269003961,0.31548920269003961)
 (-0.31548920269003961,-0.31548920269003961)
 (-0.94646760807011876,-0.94646760807011876)
 (-0.94646760807011876,-0.94646760807011876)
 (-0.31548920269003961,0.31548920269003961)
 (0.31548920269003961,0.94646760807011876)
 (0.31548920269003961,0.31548920269003961)
