# Created by Octave 8.4.0, Thu Dec 11 09:16:05 2025 IST <gamana@Samsung>
# name: iq
# type: complex matrix
# rows: 2048
# columns: 1
 (-0.95035531534358419,0.95035531534358419)
 (-0.95035531534358419,-0.31678510511452806)
 (0.95035531534358419,0.31678510511452806)
 (-0.95035531534358419,-0.31678510511452806)
 (0.31678510511452806,-0.31678510511452806)
 (0.95035531534358419,-0.95035531534358419)
 (-0.95035531534358419,0.31678510511452806)
 (-0.31678510511452806,0.31678510511452806)
 (0.95035531534358419,0.31678510511452806)
 (0.31678510511452806,0.31678510511452806)
 (0.95035531534358419,0.31678510511452806)
 (-0.95035531534358419,0.31678510511452806)
 (0.31678510511452806,-0.95035531534358419)
 (0.95035531534358419,-0.95035531534358419)
 (-0.31678510511452806,-0.95035531534358419)
 (-0.95035531534358419,0.95035531534358419)
 (0.31678510511452806,-0.31678510511452806)
 (0.95035531534358419,-0.31678510511452806)
 (-0.31678510511452806,-0.31678510511452806)
 (0.95035531534358419,-0.95035531534358419)
 (-0.95035531534358419,0.31678510511452806)
 (-0.31678510511452806,-0.95035531534358419)
 (-0.95035531534358419,-0.95035531534358419)
 (0.31678510511452806,-0.95035531534358419)
 (0.31678510511452806,-0.31678510511452806)
 (0.31678510511452806,-0.95035531534358419)
 (0.31678510511452806,0.95035531534358419)
 (0.95035531534358419,0.95035531534358419)
 (-0.95035531534358419,-0.95035531534358419)
 (0.95035531534358419,-0.95035531534358419)
 (0.95035531534358419,0.95035531534358419)
 (-0.95035531534358419,0.31678510511452806)
 (-0.95035531534358419,0.31678510511452806)
 (0.31678510511452806,-0.31678510511452806)
 (-0.31678510511452806,-0.31678510511452806)
 (-0.95035531534358419,0.31678510511452806)
 (0.95035531534358419,-0.31678510511452806)
 (-0.95035531534358419,0.95035531534358419)
 (0.31678510511452806,0.31678510511452806)
 (0.31678510511452806,-0.31678510511452806)
 (-0.95035531534358419,0.95035531534358419)
 (0.31678510511452806,-0.95035531534358419)
 (0.95035531534358419,0.95035531534358419)
 (-0.95035531534358419,0.31678510511452806)
 (0.31678510511452806,0.31678510511452806)
 (-0.95035531534358419,-0.31678510511452806)
 (-0.31678510511452806,0.95035531534358419)
 (-0.31678510511452806,-0.95035531534358419)
 (0.31678510511452806,-0.31678510511452806)
 (0.95035531534358419,0.95035531534358419)
 (-0.95035531534358419,0.31678510511452806)
 (0.95035531534358419,-0.31678510511452806)
 (-0.31678510511452806,0.31678510511452806)
 (-0.95035531534358419,0.31678510511452806)
 (0.31678510511452806,-0.95035531534358419)
 (0.95035531534358419,-0.95035531534358419)
 (0.31678510511452806,-0.31678510511452806)
 (0.31678510511452806,0.31678510511452806)
 (-0.95035531534358419,0.95035531534358419)
 (0.95035531534358419,0.31678510511452806)
 (0.95035531534358419,-0.31678510511452806)
 (-0.31678510511452806,-0.95035531534358419)
 (0.31678510511452806,-0.31678510511452806)
 (-0.31678510511452806,0.31678510511452806)
 (-0.95035531534358419,-0.31678510511452806)
 (0.95035531534358419,-0.95035531534358419)
 (0.31678510511452806,-0.31678510511452806)
 (-0.95035531534358419,0.95035531534358419)
 (0.95035531534358419,-0.95035531534358419)
 (-0.31678510511452806,0.31678510511452806)
 (0.31678510511452806,-0.31678510511452806)
 (0.95035531534358419,0.95035531534358419)
 (0.95035531534358419,-0.95035531534358419)
 (-0.95035531534358419,-0.31678510511452806)
 (0.31678510511452806,0.31678510511452806)
 (0.31678510511452806,-0.31678510511452806)
 (0.95035531534358419,0.95035531534358419)
 (-0.95035531534358419,-0.95035531534358419)
 (-0.31678510511452806,0.95035531534358419)
 (-0.95035531534358419,-0.95035531534358419)
 (0.95035531534358419,-0.95035531534358419)
 (-0.95035531534358419,-0.95035531534358419)
 (0.95035531534358419,0.95035531534358419)
 (0.95035531534358419,-0.31678510511452806)
 (-0.95035531534358419,0.31678510511452806)
 (-0.31678510511452806,0.95035531534358419)
 (-0.31678510511452806,-0.95035531534358419)
 (0.95035531534358419,0.95035531534358419)
 (-0.31678510511452806,-0.31678510511452806)
 (-0.95035531534358419,-0.95035531534358419)
 (0.31678510511452806,-0.95035531534358419)
 (0.31678510511452806,0.95035531534358419)
 (-0.31678510511452806,0.95035531534358419)
 (0.31678510511452806,-0.31678510511452806)
 (-0.31678510511452806,-0.95035531534358419)
 (0.95035531534358419,0.31678510511452806)
 (0.95035531534358419,0.31678510511452806)
 (-0.31678510511452806,-0.31678510511452806)
 (0.95035531534358419,0.31678510511452806)
 (0.31678510511452806,-0.31678510511452806)
 (0.95035531534358419,0.31678510511452806)
 (-0.31678510511452806,-0.31678510511452806)
 (0.95035531534358419,-0.95035531534358419)
 (0.31678510511452806,0.31678510511452806)
 (0.31678510511452806,-0.95035531534358419)
 (0.95035531534358419,-0.31678510511452806)
 (0.31678510511452806,0.31678510511452806)
 (-0.31678510511452806,-0.95035531534358419)
 (-0.95035531534358419,0.31678510511452806)
 (-0.95035531534358419,-0.31678510511452806)
 (0.31678510511452806,0.31678510511452806)
 (0.95035531534358419,-0.95035531534358419)
 (-0.31678510511452806,0.95035531534358419)
 (0.31678510511452806,-0.31678510511452806)
 (-0.31678510511452806,-0.95035531534358419)
 (-0.95035531534358419,-0.31678510511452806)
 (0.95035531534358419,-0.31678510511452806)
 (-0.95035531534358419,-0.95035531534358419)
 (-0.95035531534358419,-0.31678510511452806)
 (0.31678510511452806,-0.31678510511452806)
 (0.31678510511452806,0.95035531534358419)
 (-0.31678510511452806,-0.31678510511452806)
 (0.95035531534358419,0.95035531534358419)
 (0.31678510511452806,-0.95035531534358419)
 (0.31678510511452806,0.31678510511452806)
 (-0.31678510511452806,-0.95035531534358419)
 (0.95035531534358419,0.95035531534358419)
 (0.31678510511452806,-0.95035531534358419)
 (-0.31678510511452806,0.95035531534358419)
 (0.95035531534358419,0.95035531534358419)
 (0.95035531534358419,0.95035531534358419)
 (-0.95035531534358419,0.95035531534358419)
 (0.95035531534358419,-0.31678510511452806)
 (-0.31678510511452806,0.95035531534358419)
 (-0.31678510511452806,-0.31678510511452806)
 (0.95035531534358419,-0.31678510511452806)
 (-0.95035531534358419,0.31678510511452806)
 (0.95035531534358419,-0.95035531534358419)
 (0.31678510511452806,0.31678510511452806)
 (0.95035531534358419,-0.95035531534358419)
 (-0.31678510511452806,-0.31678510511452806)
 (0.95035531534358419,-0.31678510511452806)
 (0.31678510511452806,0.31678510511452806)
 (0.95035531534358419,0.31678510511452806)
 (0.31678510511452806,-0.31678510511452806)
 (-0.95035531534358419,0.31678510511452806)
 (-0.31678510511452806,-0.31678510511452806)
 (-0.95035531534358419,0.31678510511452806)
 (-0.31678510511452806,0.95035531534358419)
 (0.31678510511452806,-0.95035531534358419)
 (-0.95035531534358419,0.31678510511452806)
 (-0.95035531534358419,-0.95035531534358419)
 (-0.95035531534358419,0.95035531534358419)
 (0.95035531534358419,0.31678510511452806)
 (-0.95035531534358419,-0.95035531534358419)
 (0.31678510511452806,0.31678510511452806)
 (-0.95035531534358419,0.95035531534358419)
 (0.31678510511452806,-0.31678510511452806)
 (-0.95035531534358419,0.31678510511452806)
 (-0.31678510511452806,0.95035531534358419)
 (-0.95035531534358419,-0.95035531534358419)
 (0.95035531534358419,0.31678510511452806)
 (-0.31678510511452806,-0.95035531534358419)
 (0.31678510511452806,-0.31678510511452806)
 (0.95035531534358419,0.31678510511452806)
 (0.95035531534358419,0.31678510511452806)
 (-0.95035531534358419,0.95035531534358419)
 (0.31678510511452806,0.31678510511452806)
 (-0.31678510511452806,-0.31678510511452806)
 (0.31678510511452806,0.95035531534358419)
 (0.31678510511452806,-0.31678510511452806)
 (0.95035531534358419,-0.31678510511452806)
 (-0.31678510511452806,-0.31678510511452806)
 (-0.31678510511452806,-0.95035531534358419)
 (0.95035531534358419,0.95035531534358419)
 (0.31678510511452806,0.95035531534358419)
 (0.31678510511452806,0.95035531534358419)
 (0.31678510511452806,-0.95035531534358419)
