# Created by Octave 8.4.0, Thu Dec 11 09:16:05 2025 IST <gamana@Samsung>
# name: iq
# type: complex matrix
# rows: 2048
# columns: 1
 (0.31936191362231964,0.31936191362231964)
 (-0.95808574086695897,0.31936191362231964)
 (0.31936191362231964,0.95808574086695897)
 (-0.31936191362231964,-0.95808574086695897)
 (-0.31936191362231964,-0.95808574086695897)
 (0.31936191362231964,-0.95808574086695897)
 (0.31936191362231964,-0.31936191362231964)
 (0.95808574086695897,0.95808574086695897)
 (0.31936191362231964,0.31936191362231964)
 (0.31936191362231964,-0.31936191362231964)
 (-0.95808574086695897,-0.95808574086695897)
 (-0.31936191362231964,-0.31936191362231964)
 (-0.31936191362231964,-0.95808574086695897)
 (0.95808574086695897,0.31936191362231964)
 (-0.95808574086695897,-0.95808574086695897)
 (0.95808574086695897,-0.95808574086695897)
 (0.31936191362231964,0.31936191362231964)
 (-0.31936191362231964,-0.95808574086695897)
 (-0.95808574086695897,0.95808574086695897)
 (-0.95808574086695897,-0.95808574086695897)
 (0.31936191362231964,-0.95808574086695897)
 (0.95808574086695897,-0.31936191362231964)
 (0.31936191362231964,0.95808574086695897)
 (0.95808574086695897,0.31936191362231964)
 (-0.31936191362231964,-0.31936191362231964)
 (-0.31936191362231964,-0.31936191362231964)
 (-0.31936191362231964,0.31936191362231964)
 (0.31936191362231964,0.95808574086695897)
 (0.95808574086695897,0.31936191362231964)
 (0.95808574086695897,-0.31936191362231964)
 (0.31936191362231964,-0.95808574086695897)
 (0.95808574086695897,0.95808574086695897)
 (0.31936191362231964,-0.31936191362231964)
 (-0.95808574086695897,0.31936191362231964)
 (-0.95808574086695897,0.31936191362231964)
 (0.31936191362231964,0.95808574086695897)
 (0.31936191362231964,0.31936191362231964)
 (-0.95808574086695897,-0.31936191362231964)
 (0.95808574086695897,-0.95808574086695897)
 (-0.31936191362231964,-0.31936191362231964)
 (0.95808574086695897,-0.95808574086695897)
 (0.31936191362231964,-0.95808574086695897)
 (0.31936191362231964,-0.31936191362231964)
 (-0.95808574086695897,-0.31936191362231964)
 (-0.31936191362231964,-0.95808574086695897)
 (0.31936191362231964,-0.31936191362231964)
 (-0.95808574086695897,0.95808574086695897)
 (0.95808574086695897,0.95808574086695897)
 (-0.31936191362231964,-0.95808574086695897)
 (-0.95808574086695897,0.95808574086695897)
 (-0.31936191362231964,-0.95808574086695897)
 (0.31936191362231964,0.31936191362231964)
 (-0.95808574086695897,-0.95808574086695897)
 (0.95808574086695897,0.95808574086695897)
 (0.31936191362231964,-0.31936191362231964)
 (-0.31936191362231964,-0.31936191362231964)
 (-0.95808574086695897,-0.95808574086695897)
 (-0.95808574086695897,-0.31936191362231964)
 (0.95808574086695897,0.31936191362231964)
 (0.31936191362231964,0.95808574086695897)
 (-0.95808574086695897,0.95808574086695897)
 (0.95808574086695897,-0.95808574086695897)
 (-0.95808574086695897,-0.31936191362231964)
 (0.95808574086695897,0.95808574086695897)
 (0.31936191362231964,0.95808574086695897)
 (-0.95808574086695897,-0.31936191362231964)
 (0.31936191362231964,0.31936191362231964)
 (-0.95808574086695897,-0.95808574086695897)
 (0.31936191362231964,0.95808574086695897)
 (0.31936191362231964,0.95808574086695897)
 (-0.31936191362231964,0.95808574086695897)
 (0.31936191362231964,0.31936191362231964)
 (0.31936191362231964,0.95808574086695897)
 (-0.31936191362231964,0.95808574086695897)
 (-0.95808574086695897,0.95808574086695897)
 (0.95808574086695897,-0.31936191362231964)
 (0.95808574086695897,-0.95808574086695897)
 (-0.31936191362231964,0.95808574086695897)
 (0.95808574086695897,0.31936191362231964)
 (-0.31936191362231964,0.31936191362231964)
 (0.31936191362231964,-0.31936191362231964)
 (-0.31936191362231964,0.31936191362231964)
 (0.95808574086695897,0.31936191362231964)
 (0.31936191362231964,-0.31936191362231964)
 (-0.95808574086695897,-0.95808574086695897)
 (0.31936191362231964,0.95808574086695897)
 (0.95808574086695897,0.95808574086695897)
 (-0.95808574086695897,-0.31936191362231964)
 (-0.31936191362231964,-0.31936191362231964)
 (0.95808574086695897,0.31936191362231964)
 (0.31936191362231964,-0.31936191362231964)
 (0.95808574086695897,0.31936191362231964)
 (0.31936191362231964,0.31936191362231964)
 (-0.31936191362231964,-0.31936191362231964)
 (-0.31936191362231964,-0.31936191362231964)
 (-0.31936191362231964,0.95808574086695897)
 (0.31936191362231964,0.95808574086695897)
 (0.31936191362231964,-0.31936191362231964)
 (0.31936191362231964,-0.31936191362231964)
 (0.31936191362231964,-0.31936191362231964)
 (-0.95808574086695897,0.31936191362231964)
 (0.95808574086695897,0.95808574086695897)
 (0.95808574086695897,-0.95808574086695897)
 (0.95808574086695897,0.95808574086695897)
 (-0.31936191362231964,-0.95808574086695897)
 (-0.31936191362231964,0.95808574086695897)
 (-0.31936191362231964,-0.95808574086695897)
 (0.95808574086695897,0.95808574086695897)
 (-0.31936191362231964,-0.95808574086695897)
 (-0.95808574086695897,-0.31936191362231964)
 (0.31936191362231964,-0.95808574086695897)
 (0.95808574086695897,0.31936191362231964)
 (-0.95808574086695897,0.31936191362231964)
 (0.95808574086695897,-0.31936191362231964)
 (0.95808574086695897,0.31936191362231964)
 (0.31936191362231964,0.31936191362231964)
 (-0.95808574086695897,0.31936191362231964)
 (-0.31936191362231964,0.31936191362231964)
 (0.31936191362231964,-0.95808574086695897)
 (0.31936191362231964,0.95808574086695897)
 (-0.31936191362231964,-0.95808574086695897)
 (0.31936191362231964,0.31936191362231964)
 (0.95808574086695897,-0.95808574086695897)
 (0.95808574086695897,0.31936191362231964)
 (-0.31936191362231964,0.31936191362231964)
 (0.95808574086695897,-0.31936191362231964)
 (0.95808574086695897,0.95808574086695897)
 (-0.31936191362231964,0.31936191362231964)
 (0.95808574086695897,-0.31936191362231964)
 (0.31936191362231964,0.31936191362231964)
 (-0.95808574086695897,0.31936191362231964)
 (-0.31936191362231964,-0.95808574086695897)
 (-0.31936191362231964,-0.95808574086695897)
 (-0.31936191362231964,0.95808574086695897)
 (-0.95808574086695897,-0.95808574086695897)
 (-0.31936191362231964,-0.95808574086695897)
 (-0.31936191362231964,0.95808574086695897)
 (-0.31936191362231964,0.31936191362231964)
 (0.95808574086695897,0.95808574086695897)
 (0.95808574086695897,-0.95808574086695897)
 (0.31936191362231964,0.95808574086695897)
 (0.95808574086695897,-0.31936191362231964)
 (-0.95808574086695897,-0.31936191362231964)
 (-0.95808574086695897,-0.31936191362231964)
 (-0.95808574086695897,0.95808574086695897)
 (0.31936191362231964,-0.31936191362231964)
 (0.31936191362231964,-0.95808574086695897)
 (-0.95808574086695897,0.31936191362231964)
 (-0.95808574086695897,0.95808574086695897)
 (0.31936191362231964,0.31936191362231964)
 (-0.31936191362231964,0.31936191362231964)
 (0.95808574086695897,0.95808574086695897)
 (-0.95808574086695897,0.31936191362231964)
 (0.95808574086695897,-0.31936191362231964)
 (0.95808574086695897,0.31936191362231964)
 (-0.31936191362231964,-0.31936191362231964)
 (-0.31936191362231964,0.31936191362231964)
 (0.95808574086695897,-0.95808574086695897)
 (0.95808574086695897,0.95808574086695897)
 (0.31936191362231964,0.31936191362231964)
 (-0.31936191362231964,-0.95808574086695897)
 (-0.31936191362231964,0.31936191362231964)
 (-0.95808574086695897,0.95808574086695897)
 (0.31936191362231964,-0.95808574086695897)
 (0.95808574086695897,-0.31936191362231964)
 (0.95808574086695897,-0.31936191362231964)
 (0.31936191362231964,0.31936191362231964)
 (-0.31936191362231964,0.31936191362231964)
 (-0.95808574086695897,-0.31936191362231964)
 (0.95808574086695897,-0.31936191362231964)
 (0.31936191362231964,0.31936191362231964)
 (0.31936191362231964,0.31936191362231964)
 (-0.31936191362231964,0.31936191362231964)
 (0.95808574086695897,0.95808574086695897)
 (0.95808574086695897,-0.95808574086695897)
 (0.31936191362231964,0.31936191362231964)
 (0.95808574086695897,0.31936191362231964)
 (-0.31936191362231964,-0.95808574086695897)
 (0.95808574086695897,0.95808574086695897)
