# Created by Octave 8.4.0, Thu Dec 11 09:16:05 2025 IST <gamana@Samsung>
# name: iq
# type: complex matrix
# rows: 2048
# columns: 1
 (-0.94720444555663008,-0.31573481518554336)
 (0.31573481518554336,-0.94720444555663008)
 (0.31573481518554336,-0.94720444555663008)
 (-0.31573481518554336,-0.94720444555663008)
 (-0.31573481518554336,-0.31573481518554336)
 (-0.31573481518554336,0.94720444555663008)
 (-0.94720444555663008,0.31573481518554336)
 (0.31573481518554336,0.31573481518554336)
 (0.94720444555663008,-0.94720444555663008)
 (-0.31573481518554336,-0.94720444555663008)
 (0.94720444555663008,-0.31573481518554336)
 (-0.94720444555663008,-0.94720444555663008)
 (-0.94720444555663008,-0.31573481518554336)
 (0.94720444555663008,-0.94720444555663008)
 (-0.94720444555663008,0.31573481518554336)
 (-0.94720444555663008,0.31573481518554336)
 (0.31573481518554336,0.31573481518554336)
 (-0.94720444555663008,0.31573481518554336)
 (-0.31573481518554336,0.31573481518554336)
 (-0.94720444555663008,0.31573481518554336)
 (0.31573481518554336,-0.31573481518554336)
 (-0.31573481518554336,-0.94720444555663008)
 (0.31573481518554336,0.94720444555663008)
 (-0.94720444555663008,0.31573481518554336)
 (0.94720444555663008,-0.94720444555663008)
 (-0.31573481518554336,-0.94720444555663008)
 (0.31573481518554336,0.31573481518554336)
 (-0.94720444555663008,-0.31573481518554336)
 (0.31573481518554336,-0.94720444555663008)
 (0.31573481518554336,0.94720444555663008)
 (0.94720444555663008,0.31573481518554336)
 (-0.94720444555663008,0.94720444555663008)
 (-0.31573481518554336,-0.31573481518554336)
 (0.31573481518554336,0.94720444555663008)
 (-0.31573481518554336,-0.31573481518554336)
 (-0.31573481518554336,0.31573481518554336)
 (0.94720444555663008,-0.31573481518554336)
 (-0.94720444555663008,-0.31573481518554336)
 (-0.31573481518554336,0.94720444555663008)
 (0.94720444555663008,-0.94720444555663008)
 (-0.94720444555663008,-0.94720444555663008)
 (0.94720444555663008,0.31573481518554336)
 (0.31573481518554336,-0.94720444555663008)
 (-0.31573481518554336,-0.31573481518554336)
 (-0.31573481518554336,-0.94720444555663008)
 (0.31573481518554336,-0.94720444555663008)
 (0.31573481518554336,0.94720444555663008)
 (0.31573481518554336,-0.31573481518554336)
 (-0.31573481518554336,-0.94720444555663008)
 (0.94720444555663008,0.94720444555663008)
 (0.94720444555663008,-0.31573481518554336)
 (0.31573481518554336,-0.94720444555663008)
 (-0.31573481518554336,-0.94720444555663008)
 (0.94720444555663008,-0.94720444555663008)
 (0.94720444555663008,0.94720444555663008)
 (0.94720444555663008,0.94720444555663008)
 (0.94720444555663008,0.31573481518554336)
 (-0.94720444555663008,0.94720444555663008)
 (0.94720444555663008,-0.94720444555663008)
 (0.94720444555663008,-0.94720444555663008)
 (0.31573481518554336,-0.94720444555663008)
 (0.31573481518554336,-0.31573481518554336)
 (-0.31573481518554336,0.31573481518554336)
 (-0.94720444555663008,-0.31573481518554336)
 (0.31573481518554336,-0.94720444555663008)
 (0.31573481518554336,-0.31573481518554336)
 (0.31573481518554336,-0.31573481518554336)
 (-0.31573481518554336,0.94720444555663008)
 (0.94720444555663008,-0.94720444555663008)
 (-0.94720444555663008,0.31573481518554336)
 (0.31573481518554336,-0.94720444555663008)
 (-0.31573481518554336,-0.94720444555663008)
 (-0.31573481518554336,0.31573481518554336)
 (0.94720444555663008,-0.31573481518554336)
 (-0.94720444555663008,0.31573481518554336)
 (0.94720444555663008,-0.94720444555663008)
 (-0.94720444555663008,-0.94720444555663008)
 (0.94720444555663008,-0.31573481518554336)
 (0.31573481518554336,0.31573481518554336)
 (0.31573481518554336,-0.94720444555663008)
 (0.31573481518554336,-0.94720444555663008)
 (0.31573481518554336,-0.94720444555663008)
 (-0.31573481518554336,0.94720444555663008)
 (-0.94720444555663008,0.94720444555663008)
 (0.94720444555663008,-0.31573481518554336)
 (-0.31573481518554336,0.94720444555663008)
 (0.31573481518554336,-0.31573481518554336)
 (0.31573481518554336,0.94720444555663008)
 (0.31573481518554336,0.31573481518554336)
 (-0.31573481518554336,-0.94720444555663008)
 (0.31573481518554336,-0.31573481518554336)
 (-0.31573481518554336,0.31573481518554336)
 (0.94720444555663008,-0.94720444555663008)
 (0.94720444555663008,-0.31573481518554336)
 (-0.94720444555663008,0.31573481518554336)
 (-0.31573481518554336,-0.31573481518554336)
 (-0.31573481518554336,-0.94720444555663008)
 (-0.31573481518554336,0.94720444555663008)
 (0.94720444555663008,-0.94720444555663008)
 (-0.94720444555663008,-0.31573481518554336)
 (-0.31573481518554336,-0.31573481518554336)
 (0.94720444555663008,0.94720444555663008)
 (-0.94720444555663008,-0.31573481518554336)
 (-0.94720444555663008,-0.31573481518554336)
 (-0.94720444555663008,0.94720444555663008)
 (-0.31573481518554336,-0.94720444555663008)
 (0.31573481518554336,0.94720444555663008)
 (0.94720444555663008,-0.94720444555663008)
 (0.94720444555663008,-0.31573481518554336)
 (-0.31573481518554336,-0.31573481518554336)
 (0.94720444555663008,-0.94720444555663008)
 (-0.94720444555663008,-0.94720444555663008)
 (-0.31573481518554336,0.94720444555663008)
 (-0.94720444555663008,0.94720444555663008)
 (0.31573481518554336,-0.31573481518554336)
 (0.94720444555663008,0.31573481518554336)
 (0.94720444555663008,-0.94720444555663008)
 (0.31573481518554336,0.94720444555663008)
 (0.31573481518554336,0.94720444555663008)
 (-0.31573481518554336,-0.94720444555663008)
 (0.94720444555663008,-0.94720444555663008)
 (-0.31573481518554336,-0.94720444555663008)
 (-0.94720444555663008,0.31573481518554336)
 (0.94720444555663008,-0.31573481518554336)
 (0.94720444555663008,0.94720444555663008)
 (-0.31573481518554336,-0.31573481518554336)
 (-0.94720444555663008,-0.94720444555663008)
 (-0.31573481518554336,0.31573481518554336)
 (0.31573481518554336,-0.31573481518554336)
 (-0.31573481518554336,0.94720444555663008)
 (-0.94720444555663008,0.31573481518554336)
 (0.94720444555663008,-0.94720444555663008)
 (-0.94720444555663008,0.94720444555663008)
 (0.31573481518554336,0.94720444555663008)
 (0.31573481518554336,0.94720444555663008)
 (-0.31573481518554336,-0.94720444555663008)
 (-0.31573481518554336,0.31573481518554336)
 (-0.94720444555663008,-0.94720444555663008)
 (-0.31573481518554336,0.31573481518554336)
 (0.94720444555663008,-0.94720444555663008)
 (0.94720444555663008,0.31573481518554336)
 (-0.94720444555663008,-0.31573481518554336)
 (-0.31573481518554336,0.94720444555663008)
 (0.31573481518554336,0.94720444555663008)
 (0.31573481518554336,-0.94720444555663008)
 (-0.31573481518554336,-0.31573481518554336)
 (0.31573481518554336,0.31573481518554336)
 (-0.31573481518554336,-0.31573481518554336)
 (0.94720444555663008,-0.94720444555663008)
 (-0.31573481518554336,-0.31573481518554336)
 (0.94720444555663008,-0.94720444555663008)
 (-0.94720444555663008,-0.31573481518554336)
 (0.31573481518554336,-0.31573481518554336)
 (0.31573481518554336,0.31573481518554336)
 (-0.94720444555663008,0.31573481518554336)
 (0.31573481518554336,-0.31573481518554336)
 (-0.31573481518554336,-0.94720444555663008)
 (-0.31573481518554336,-0.94720444555663008)
 (0.31573481518554336,-0.94720444555663008)
 (-0.31573481518554336,-0.31573481518554336)
 (-0.94720444555663008,-0.94720444555663008)
 (0.94720444555663008,-0.31573481518554336)
 (-0.94720444555663008,0.31573481518554336)
 (0.94720444555663008,-0.31573481518554336)
 (0.31573481518554336,0.31573481518554336)
 (-0.31573481518554336,0.31573481518554336)
 (0.31573481518554336,0.31573481518554336)
 (-0.94720444555663008,-0.94720444555663008)
 (-0.94720444555663008,-0.94720444555663008)
 (0.94720444555663008,0.31573481518554336)
 (-0.31573481518554336,-0.31573481518554336)
 (0.31573481518554336,0.94720444555663008)
 (-0.94720444555663008,0.94720444555663008)
 (0.31573481518554336,-0.31573481518554336)
 (0.31573481518554336,-0.94720444555663008)
 (0.94720444555663008,-0.94720444555663008)
 (-0.31573481518554336,0.31573481518554336)
 (-0.31573481518554336,0.94720444555663008)
