# Created by Octave 8.4.0, Thu Dec 11 09:16:05 2025 IST <gamana@Samsung>
# name: iq
# type: complex matrix
# rows: 2048
# columns: 1
 (0.31955293861016471,-0.95865881583049417)
 (0.95865881583049417,-0.95865881583049417)
 (0.95865881583049417,0.31955293861016471)
 (-0.31955293861016471,0.95865881583049417)
 (0.95865881583049417,-0.31955293861016471)
 (0.31955293861016471,0.95865881583049417)
 (0.95865881583049417,-0.95865881583049417)
 (-0.95865881583049417,-0.95865881583049417)
 (-0.31955293861016471,-0.95865881583049417)
 (0.95865881583049417,0.31955293861016471)
 (0.95865881583049417,0.95865881583049417)
 (-0.95865881583049417,-0.95865881583049417)
 (0.31955293861016471,0.95865881583049417)
 (0.31955293861016471,0.95865881583049417)
 (-0.95865881583049417,-0.95865881583049417)
 (0.95865881583049417,-0.31955293861016471)
 (0.31955293861016471,-0.31955293861016471)
 (-0.31955293861016471,-0.95865881583049417)
 (0.95865881583049417,0.95865881583049417)
 (-0.31955293861016471,0.95865881583049417)
 (-0.95865881583049417,-0.95865881583049417)
 (0.31955293861016471,-0.95865881583049417)
 (-0.95865881583049417,0.95865881583049417)
 (-0.31955293861016471,-0.95865881583049417)
 (0.31955293861016471,-0.95865881583049417)
 (-0.95865881583049417,0.95865881583049417)
 (-0.95865881583049417,-0.31955293861016471)
 (-0.95865881583049417,-0.31955293861016471)
 (-0.95865881583049417,-0.31955293861016471)
 (-0.95865881583049417,-0.95865881583049417)
 (-0.31955293861016471,0.95865881583049417)
 (0.31955293861016471,-0.31955293861016471)
 (-0.31955293861016471,-0.95865881583049417)
 (-0.95865881583049417,0.95865881583049417)
 (0.95865881583049417,0.95865881583049417)
 (0.31955293861016471,-0.31955293861016471)
 (-0.31955293861016471,0.31955293861016471)
 (-0.31955293861016471,0.31955293861016471)
 (0.95865881583049417,-0.31955293861016471)
 (-0.31955293861016471,0.31955293861016471)
 (0.95865881583049417,-0.95865881583049417)
 (0.31955293861016471,0.31955293861016471)
 (0.31955293861016471,0.95865881583049417)
 (-0.95865881583049417,-0.95865881583049417)
 (0.95865881583049417,-0.31955293861016471)
 (0.95865881583049417,-0.95865881583049417)
 (0.31955293861016471,-0.31955293861016471)
 (-0.95865881583049417,-0.95865881583049417)
 (-0.31955293861016471,0.31955293861016471)
 (0.95865881583049417,0.31955293861016471)
 (-0.95865881583049417,-0.95865881583049417)
 (-0.31955293861016471,-0.95865881583049417)
 (0.95865881583049417,0.31955293861016471)
 (0.31955293861016471,-0.31955293861016471)
 (-0.31955293861016471,-0.95865881583049417)
 (-0.31955293861016471,0.95865881583049417)
 (0.95865881583049417,0.31955293861016471)
 (0.31955293861016471,0.95865881583049417)
 (-0.31955293861016471,-0.31955293861016471)
 (-0.31955293861016471,-0.31955293861016471)
 (0.95865881583049417,0.95865881583049417)
 (-0.31955293861016471,0.95865881583049417)
 (-0.31955293861016471,-0.31955293861016471)
 (-0.95865881583049417,-0.95865881583049417)
 (0.95865881583049417,-0.95865881583049417)
 (-0.95865881583049417,-0.31955293861016471)
 (-0.31955293861016471,-0.31955293861016471)
 (0.95865881583049417,0.95865881583049417)
 (0.95865881583049417,-0.95865881583049417)
 (-0.31955293861016471,-0.95865881583049417)
 (-0.95865881583049417,-0.95865881583049417)
 (0.31955293861016471,0.95865881583049417)
 (-0.31955293861016471,-0.31955293861016471)
 (0.95865881583049417,0.31955293861016471)
 (-0.95865881583049417,-0.31955293861016471)
 (0.95865881583049417,0.31955293861016471)
 (-0.31955293861016471,-0.31955293861016471)
 (-0.31955293861016471,0.31955293861016471)
 (-0.31955293861016471,0.31955293861016471)
 (-0.95865881583049417,0.95865881583049417)
 (0.31955293861016471,-0.95865881583049417)
 (-0.95865881583049417,0.95865881583049417)
 (-0.95865881583049417,0.31955293861016471)
 (0.95865881583049417,-0.95865881583049417)
 (-0.95865881583049417,-0.95865881583049417)
 (-0.31955293861016471,-0.31955293861016471)
 (0.31955293861016471,-0.95865881583049417)
 (-0.31955293861016471,-0.31955293861016471)
 (-0.95865881583049417,0.31955293861016471)
 (-0.95865881583049417,-0.31955293861016471)
 (-0.95865881583049417,-0.95865881583049417)
 (0.95865881583049417,-0.95865881583049417)
 (0.95865881583049417,0.95865881583049417)
 (0.31955293861016471,-0.31955293861016471)
 (-0.31955293861016471,0.95865881583049417)
 (-0.95865881583049417,0.95865881583049417)
 (-0.95865881583049417,-0.31955293861016471)
 (0.31955293861016471,0.31955293861016471)
 (-0.95865881583049417,0.31955293861016471)
 (-0.95865881583049417,-0.31955293861016471)
 (0.95865881583049417,0.95865881583049417)
 (0.95865881583049417,0.31955293861016471)
 (0.31955293861016471,0.31955293861016471)
 (-0.31955293861016471,-0.31955293861016471)
 (0.95865881583049417,-0.95865881583049417)
 (0.95865881583049417,0.95865881583049417)
 (0.95865881583049417,0.31955293861016471)
 (0.95865881583049417,-0.31955293861016471)
 (-0.95865881583049417,-0.95865881583049417)
 (-0.31955293861016471,-0.95865881583049417)
 (0.31955293861016471,-0.31955293861016471)
 (-0.31955293861016471,0.95865881583049417)
 (-0.95865881583049417,-0.95865881583049417)
 (-0.95865881583049417,-0.31955293861016471)
 (0.95865881583049417,-0.31955293861016471)
 (0.95865881583049417,-0.31955293861016471)
 (-0.31955293861016471,-0.95865881583049417)
 (0.95865881583049417,-0.95865881583049417)
 (0.95865881583049417,0.31955293861016471)
 (-0.95865881583049417,0.31955293861016471)
 (-0.95865881583049417,-0.95865881583049417)
 (0.95865881583049417,-0.31955293861016471)
 (0.31955293861016471,0.31955293861016471)
 (0.31955293861016471,-0.31955293861016471)
 (0.95865881583049417,0.31955293861016471)
 (0.95865881583049417,0.95865881583049417)
 (0.31955293861016471,-0.31955293861016471)
 (0.95865881583049417,0.31955293861016471)
 (0.95865881583049417,0.31955293861016471)
 (-0.95865881583049417,-0.31955293861016471)
 (0.31955293861016471,-0.31955293861016471)
 (0.31955293861016471,-0.31955293861016471)
 (0.95865881583049417,0.31955293861016471)
 (-0.31955293861016471,0.95865881583049417)
 (0.95865881583049417,-0.95865881583049417)
 (0.31955293861016471,-0.31955293861016471)
 (-0.31955293861016471,0.31955293861016471)
 (-0.95865881583049417,0.31955293861016471)
 (-0.31955293861016471,0.31955293861016471)
 (-0.95865881583049417,0.95865881583049417)
 (-0.95865881583049417,0.31955293861016471)
 (0.95865881583049417,-0.31955293861016471)
 (0.31955293861016471,-0.31955293861016471)
 (0.95865881583049417,0.31955293861016471)
 (-0.31955293861016471,-0.31955293861016471)
 (0.95865881583049417,0.31955293861016471)
 (0.31955293861016471,-0.31955293861016471)
 (0.31955293861016471,0.95865881583049417)
 (0.31955293861016471,-0.31955293861016471)
 (0.95865881583049417,-0.95865881583049417)
 (-0.95865881583049417,-0.31955293861016471)
 (-0.31955293861016471,-0.31955293861016471)
 (0.31955293861016471,-0.31955293861016471)
 (0.95865881583049417,0.95865881583049417)
 (-0.31955293861016471,-0.31955293861016471)
 (0.95865881583049417,-0.31955293861016471)
 (0.31955293861016471,-0.31955293861016471)
 (-0.31955293861016471,0.95865881583049417)
 (-0.31955293861016471,-0.95865881583049417)
 (0.31955293861016471,-0.95865881583049417)
 (0.31955293861016471,-0.95865881583049417)
 (-0.31955293861016471,0.95865881583049417)
 (0.95865881583049417,-0.31955293861016471)
 (0.31955293861016471,0.31955293861016471)
 (0.31955293861016471,-0.95865881583049417)
 (-0.95865881583049417,-0.95865881583049417)
 (-0.31955293861016471,0.31955293861016471)
 (0.31955293861016471,-0.31955293861016471)
 (0.95865881583049417,-0.31955293861016471)
 (-0.95865881583049417,0.31955293861016471)
 (-0.31955293861016471,-0.31955293861016471)
 (0.95865881583049417,0.31955293861016471)
 (-0.31955293861016471,0.95865881583049417)
 (0.31955293861016471,0.31955293861016471)
 (0.95865881583049417,0.95865881583049417)
 (0.95865881583049417,-0.95865881583049417)
 (0.31955293861016471,-0.95865881583049417)
 (0.31955293861016471,-0.95865881583049417)
