# Created by Octave 8.4.0, Thu Dec 11 09:16:05 2025 IST <gamana@Samsung>
# name: iq
# type: complex matrix
# rows: 2048
# columns: 1
 (-0.95091462210039279,-0.31697154070013095)
 (-0.95091462210039279,-0.31697154070013095)
 (-0.95091462210039279,-0.95091462210039279)
 (-0.95091462210039279,-0.95091462210039279)
 (0.31697154070013095,0.31697154070013095)
 (-0.31697154070013095,0.31697154070013095)
 (-0.31697154070013095,0.31697154070013095)
 (0.31697154070013095,-0.95091462210039279)
 (0.95091462210039279,0.95091462210039279)
 (-0.95091462210039279,-0.95091462210039279)
 (0.95091462210039279,0.95091462210039279)
 (-0.31697154070013095,0.31697154070013095)
 (0.31697154070013095,0.95091462210039279)
 (-0.31697154070013095,-0.31697154070013095)
 (0.31697154070013095,-0.95091462210039279)
 (0.95091462210039279,0.95091462210039279)
 (0.31697154070013095,0.95091462210039279)
 (-0.95091462210039279,0.31697154070013095)
 (0.95091462210039279,-0.31697154070013095)
 (-0.95091462210039279,-0.95091462210039279)
 (-0.31697154070013095,-0.31697154070013095)
 (0.31697154070013095,-0.31697154070013095)
 (-0.95091462210039279,-0.95091462210039279)
 (-0.31697154070013095,0.95091462210039279)
 (0.31697154070013095,-0.95091462210039279)
 (-0.95091462210039279,-0.31697154070013095)
 (-0.95091462210039279,0.31697154070013095)
 (0.95091462210039279,-0.31697154070013095)
 (0.31697154070013095,-0.95091462210039279)
 (0.95091462210039279,0.31697154070013095)
 (0.31697154070013095,-0.95091462210039279)
 (-0.95091462210039279,-0.95091462210039279)
 (-0.31697154070013095,-0.95091462210039279)
 (0.95091462210039279,0.31697154070013095)
 (-0.31697154070013095,-0.95091462210039279)
 (-0.95091462210039279,0.31697154070013095)
 (0.31697154070013095,0.31697154070013095)
 (0.95091462210039279,-0.95091462210039279)
 (-0.31697154070013095,-0.31697154070013095)
 (0.31697154070013095,0.31697154070013095)
 (-0.31697154070013095,-0.31697154070013095)
 (-0.31697154070013095,-0.95091462210039279)
 (-0.95091462210039279,0.31697154070013095)
 (0.95091462210039279,-0.31697154070013095)
 (-0.95091462210039279,0.95091462210039279)
 (0.31697154070013095,0.31697154070013095)
 (-0.31697154070013095,0.31697154070013095)
 (0.31697154070013095,-0.31697154070013095)
 (0.31697154070013095,-0.31697154070013095)
 (0.31697154070013095,0.95091462210039279)
 (-0.31697154070013095,0.95091462210039279)
 (0.31697154070013095,-0.31697154070013095)
 (0.95091462210039279,-0.95091462210039279)
 (0.95091462210039279,0.95091462210039279)
 (-0.31697154070013095,0.31697154070013095)
 (-0.31697154070013095,-0.31697154070013095)
 (0.31697154070013095,0.95091462210039279)
 (-0.95091462210039279,-0.95091462210039279)
 (-0.95091462210039279,0.31697154070013095)
 (-0.95091462210039279,-0.95091462210039279)
 (0.31697154070013095,0.95091462210039279)
 (0.31697154070013095,0.95091462210039279)
 (-0.95091462210039279,0.31697154070013095)
 (-0.95091462210039279,0.95091462210039279)
 (-0.31697154070013095,0.31697154070013095)
 (-0.95091462210039279,-0.95091462210039279)
 (0.31697154070013095,0.95091462210039279)
 (-0.31697154070013095,-0.95091462210039279)
 (-0.95091462210039279,-0.95091462210039279)
 (-0.95091462210039279,-0.31697154070013095)
 (0.95091462210039279,0.95091462210039279)
 (-0.95091462210039279,0.31697154070013095)
 (-0.95091462210039279,0.31697154070013095)
 (0.95091462210039279,0.31697154070013095)
 (-0.95091462210039279,-0.31697154070013095)
 (-0.95091462210039279,0.95091462210039279)
 (-0.31697154070013095,-0.95091462210039279)
 (-0.31697154070013095,0.95091462210039279)
 (-0.95091462210039279,0.31697154070013095)
 (-0.31697154070013095,-0.31697154070013095)
 (0.31697154070013095,-0.31697154070013095)
 (0.31697154070013095,0.95091462210039279)
 (-0.95091462210039279,-0.31697154070013095)
 (0.95091462210039279,0.95091462210039279)
 (0.95091462210039279,0.31697154070013095)
 (-0.31697154070013095,0.31697154070013095)
 (-0.31697154070013095,-0.31697154070013095)
 (-0.95091462210039279,0.95091462210039279)
 (0.95091462210039279,-0.31697154070013095)
 (0.95091462210039279,-0.31697154070013095)
 (-0.95091462210039279,-0.31697154070013095)
 (0.31697154070013095,-0.95091462210039279)
 (-0.31697154070013095,0.31697154070013095)
 (-0.31697154070013095,-0.31697154070013095)
 (0.31697154070013095,0.31697154070013095)
 (-0.95091462210039279,-0.95091462210039279)
 (0.31697154070013095,-0.31697154070013095)
 (-0.31697154070013095,0.95091462210039279)
 (0.31697154070013095,0.95091462210039279)
 (-0.31697154070013095,-0.31697154070013095)
 (-0.31697154070013095,-0.95091462210039279)
 (0.95091462210039279,0.95091462210039279)
 (0.31697154070013095,-0.95091462210039279)
 (0.31697154070013095,-0.95091462210039279)
 (0.31697154070013095,-0.95091462210039279)
 (-0.31697154070013095,0.95091462210039279)
 (-0.31697154070013095,-0.95091462210039279)
 (-0.31697154070013095,-0.31697154070013095)
 (-0.95091462210039279,-0.31697154070013095)
 (-0.31697154070013095,-0.95091462210039279)
 (0.31697154070013095,0.95091462210039279)
 (0.95091462210039279,-0.31697154070013095)
 (-0.31697154070013095,0.95091462210039279)
 (-0.31697154070013095,0.95091462210039279)
 (0.31697154070013095,0.95091462210039279)
 (-0.95091462210039279,0.31697154070013095)
 (0.95091462210039279,0.31697154070013095)
 (0.31697154070013095,-0.95091462210039279)
 (0.95091462210039279,0.95091462210039279)
 (-0.31697154070013095,0.31697154070013095)
 (-0.95091462210039279,-0.95091462210039279)
 (0.95091462210039279,-0.31697154070013095)
 (0.31697154070013095,0.95091462210039279)
 (0.31697154070013095,-0.31697154070013095)
 (0.95091462210039279,-0.95091462210039279)
 (-0.31697154070013095,0.95091462210039279)
 (0.31697154070013095,0.31697154070013095)
 (0.95091462210039279,0.31697154070013095)
 (0.31697154070013095,-0.31697154070013095)
 (-0.95091462210039279,-0.95091462210039279)
 (0.31697154070013095,-0.31697154070013095)
 (-0.95091462210039279,-0.95091462210039279)
 (-0.95091462210039279,-0.31697154070013095)
 (0.95091462210039279,-0.95091462210039279)
 (0.95091462210039279,-0.31697154070013095)
 (0.95091462210039279,0.95091462210039279)
 (-0.95091462210039279,-0.31697154070013095)
 (0.31697154070013095,0.31697154070013095)
 (-0.95091462210039279,0.31697154070013095)
 (0.95091462210039279,-0.95091462210039279)
 (0.31697154070013095,0.31697154070013095)
 (0.95091462210039279,0.95091462210039279)
 (-0.31697154070013095,0.95091462210039279)
 (-0.31697154070013095,0.95091462210039279)
 (-0.31697154070013095,-0.31697154070013095)
 (-0.95091462210039279,-0.95091462210039279)
 (0.95091462210039279,0.95091462210039279)
 (-0.95091462210039279,-0.31697154070013095)
 (-0.95091462210039279,0.31697154070013095)
 (0.95091462210039279,0.95091462210039279)
 (0.31697154070013095,-0.31697154070013095)
 (0.95091462210039279,-0.31697154070013095)
 (-0.31697154070013095,0.31697154070013095)
 (0.31697154070013095,-0.31697154070013095)
 (0.31697154070013095,-0.95091462210039279)
 (-0.95091462210039279,-0.31697154070013095)
 (0.95091462210039279,-0.95091462210039279)
 (-0.95091462210039279,-0.31697154070013095)
 (0.31697154070013095,0.95091462210039279)
 (0.31697154070013095,-0.31697154070013095)
 (0.31697154070013095,0.31697154070013095)
 (-0.95091462210039279,-0.95091462210039279)
 (-0.95091462210039279,0.31697154070013095)
 (-0.95091462210039279,-0.95091462210039279)
 (0.95091462210039279,0.95091462210039279)
 (-0.95091462210039279,0.31697154070013095)
 (0.95091462210039279,0.95091462210039279)
 (-0.95091462210039279,0.31697154070013095)
 (0.31697154070013095,-0.95091462210039279)
 (-0.31697154070013095,-0.95091462210039279)
 (0.95091462210039279,0.31697154070013095)
 (0.31697154070013095,-0.95091462210039279)
 (0.31697154070013095,0.31697154070013095)
 (-0.31697154070013095,-0.31697154070013095)
 (-0.95091462210039279,0.95091462210039279)
 (0.31697154070013095,-0.95091462210039279)
 (0.95091462210039279,-0.31697154070013095)
 (0.31697154070013095,0.95091462210039279)
