# Created by Octave 8.4.0, Thu Dec 11 09:16:05 2025 IST <gamana@Samsung>
# name: iq
# type: complex matrix
# rows: 2048
# columns: 1
 (0.31703375908147413,-0.95110127724442239)
 (-0.31703375908147413,0.95110127724442239)
 (0.31703375908147413,-0.95110127724442239)
 (0.31703375908147413,0.31703375908147413)
 (0.95110127724442239,-0.95110127724442239)
 (0.31703375908147413,0.95110127724442239)
 (0.31703375908147413,-0.95110127724442239)
 (-0.31703375908147413,-0.31703375908147413)
 (-0.31703375908147413,-0.95110127724442239)
 (0.95110127724442239,0.95110127724442239)
 (-0.95110127724442239,-0.95110127724442239)
 (-0.31703375908147413,0.95110127724442239)
 (0.31703375908147413,0.31703375908147413)
 (-0.95110127724442239,0.95110127724442239)
 (0.95110127724442239,-0.95110127724442239)
 (-0.95110127724442239,-0.31703375908147413)
 (-0.95110127724442239,-0.95110127724442239)
 (0.31703375908147413,0.31703375908147413)
 (0.31703375908147413,-0.31703375908147413)
 (-0.31703375908147413,0.95110127724442239)
 (-0.95110127724442239,-0.31703375908147413)
 (-0.31703375908147413,-0.31703375908147413)
 (0.95110127724442239,0.31703375908147413)
 (-0.31703375908147413,0.95110127724442239)
 (0.31703375908147413,0.31703375908147413)
 (0.31703375908147413,-0.31703375908147413)
 (0.31703375908147413,-0.31703375908147413)
 (0.31703375908147413,-0.95110127724442239)
 (-0.31703375908147413,0.31703375908147413)
 (0.31703375908147413,-0.95110127724442239)
 (-0.95110127724442239,-0.95110127724442239)
 (-0.95110127724442239,0.31703375908147413)
 (-0.31703375908147413,0.31703375908147413)
 (-0.31703375908147413,-0.31703375908147413)
 (-0.31703375908147413,0.95110127724442239)
 (-0.95110127724442239,0.31703375908147413)
 (0.95110127724442239,0.31703375908147413)
 (0.95110127724442239,0.31703375908147413)
 (-0.31703375908147413,-0.31703375908147413)
 (0.31703375908147413,-0.95110127724442239)
 (0.31703375908147413,-0.31703375908147413)
 (-0.95110127724442239,0.95110127724442239)
 (0.31703375908147413,0.31703375908147413)
 (0.31703375908147413,-0.31703375908147413)
 (0.31703375908147413,-0.95110127724442239)
 (0.95110127724442239,-0.31703375908147413)
 (-0.95110127724442239,0.31703375908147413)
 (0.95110127724442239,-0.31703375908147413)
 (-0.31703375908147413,-0.95110127724442239)
 (0.31703375908147413,0.95110127724442239)
 (-0.95110127724442239,-0.95110127724442239)
 (-0.95110127724442239,0.31703375908147413)
 (0.95110127724442239,-0.31703375908147413)
 (-0.31703375908147413,-0.95110127724442239)
 (-0.31703375908147413,-0.31703375908147413)
 (-0.31703375908147413,0.95110127724442239)
 (-0.95110127724442239,-0.95110127724442239)
 (-0.31703375908147413,-0.95110127724442239)
 (-0.95110127724442239,-0.31703375908147413)
 (0.31703375908147413,0.95110127724442239)
 (-0.95110127724442239,0.31703375908147413)
 (-0.31703375908147413,0.31703375908147413)
 (-0.31703375908147413,0.95110127724442239)
 (-0.95110127724442239,-0.95110127724442239)
 (0.95110127724442239,-0.31703375908147413)
 (-0.31703375908147413,0.31703375908147413)
 (0.31703375908147413,0.95110127724442239)
 (-0.95110127724442239,-0.95110127724442239)
 (-0.31703375908147413,0.31703375908147413)
 (0.31703375908147413,-0.31703375908147413)
 (-0.31703375908147413,-0.95110127724442239)
 (-0.95110127724442239,0.95110127724442239)
 (0.95110127724442239,-0.95110127724442239)
 (0.31703375908147413,0.95110127724442239)
 (0.31703375908147413,-0.31703375908147413)
 (0.31703375908147413,0.95110127724442239)
 (0.95110127724442239,0.95110127724442239)
 (-0.31703375908147413,0.31703375908147413)
 (-0.95110127724442239,-0.31703375908147413)
 (0.95110127724442239,-0.95110127724442239)
 (-0.95110127724442239,0.31703375908147413)
 (-0.31703375908147413,-0.95110127724442239)
 (0.31703375908147413,0.31703375908147413)
 (-0.31703375908147413,0.95110127724442239)
 (0.31703375908147413,0.31703375908147413)
 (-0.31703375908147413,-0.95110127724442239)
 (0.95110127724442239,0.31703375908147413)
 (0.31703375908147413,-0.95110127724442239)
 (-0.31703375908147413,0.95110127724442239)
 (0.31703375908147413,-0.31703375908147413)
 (0.95110127724442239,-0.31703375908147413)
 (0.95110127724442239,-0.31703375908147413)
 (-0.95110127724442239,0.31703375908147413)
 (0.31703375908147413,0.95110127724442239)
 (-0.95110127724442239,-0.31703375908147413)
 (0.95110127724442239,-0.31703375908147413)
 (-0.95110127724442239,-0.95110127724442239)
 (-0.95110127724442239,0.95110127724442239)
 (0.31703375908147413,0.95110127724442239)
 (-0.95110127724442239,-0.95110127724442239)
 (0.31703375908147413,-0.95110127724442239)
 (0.31703375908147413,-0.95110127724442239)
 (0.31703375908147413,-0.31703375908147413)
 (0.95110127724442239,0.95110127724442239)
 (-0.31703375908147413,0.31703375908147413)
 (0.95110127724442239,0.31703375908147413)
 (-0.31703375908147413,0.31703375908147413)
 (-0.95110127724442239,0.95110127724442239)
 (-0.95110127724442239,-0.31703375908147413)
 (0.95110127724442239,0.31703375908147413)
 (0.95110127724442239,-0.95110127724442239)
 (-0.31703375908147413,0.95110127724442239)
 (0.95110127724442239,0.31703375908147413)
 (0.31703375908147413,0.95110127724442239)
 (0.95110127724442239,0.95110127724442239)
 (0.95110127724442239,0.31703375908147413)
 (0.31703375908147413,-0.95110127724442239)
 (-0.31703375908147413,-0.31703375908147413)
 (0.31703375908147413,-0.31703375908147413)
 (0.31703375908147413,-0.31703375908147413)
 (0.31703375908147413,-0.31703375908147413)
 (-0.31703375908147413,0.95110127724442239)
 (-0.31703375908147413,0.31703375908147413)
 (-0.95110127724442239,-0.31703375908147413)
 (-0.31703375908147413,-0.95110127724442239)
 (0.95110127724442239,0.31703375908147413)
 (-0.31703375908147413,-0.95110127724442239)
 (-0.31703375908147413,0.31703375908147413)
 (-0.95110127724442239,-0.95110127724442239)
 (-0.95110127724442239,-0.95110127724442239)
 (0.95110127724442239,0.31703375908147413)
 (-0.31703375908147413,-0.95110127724442239)
 (0.31703375908147413,-0.31703375908147413)
 (-0.95110127724442239,0.95110127724442239)
 (0.31703375908147413,0.95110127724442239)
 (-0.95110127724442239,-0.31703375908147413)
 (0.31703375908147413,-0.95110127724442239)
 (0.95110127724442239,0.95110127724442239)
 (0.95110127724442239,0.95110127724442239)
 (-0.31703375908147413,-0.95110127724442239)
 (0.95110127724442239,0.95110127724442239)
 (-0.95110127724442239,0.31703375908147413)
 (0.95110127724442239,0.95110127724442239)
 (0.31703375908147413,-0.95110127724442239)
 (0.31703375908147413,0.95110127724442239)
 (-0.31703375908147413,-0.95110127724442239)
 (0.31703375908147413,-0.31703375908147413)
 (0.95110127724442239,0.31703375908147413)
 (0.31703375908147413,0.31703375908147413)
 (-0.95110127724442239,-0.31703375908147413)
 (-0.95110127724442239,0.95110127724442239)
 (-0.31703375908147413,0.31703375908147413)
 (0.95110127724442239,-0.31703375908147413)
 (0.95110127724442239,-0.31703375908147413)
 (0.31703375908147413,-0.31703375908147413)
 (-0.31703375908147413,-0.95110127724442239)
 (-0.95110127724442239,-0.31703375908147413)
 (0.31703375908147413,0.31703375908147413)
 (0.31703375908147413,-0.95110127724442239)
 (0.31703375908147413,-0.31703375908147413)
 (-0.95110127724442239,0.31703375908147413)
 (-0.31703375908147413,-0.31703375908147413)
 (-0.95110127724442239,0.31703375908147413)
 (0.95110127724442239,0.31703375908147413)
 (0.95110127724442239,-0.31703375908147413)
 (-0.95110127724442239,0.95110127724442239)
 (-0.31703375908147413,-0.31703375908147413)
 (0.31703375908147413,0.31703375908147413)
 (-0.31703375908147413,-0.95110127724442239)
 (0.95110127724442239,0.95110127724442239)
 (-0.31703375908147413,0.95110127724442239)
 (0.31703375908147413,-0.95110127724442239)
 (-0.31703375908147413,0.31703375908147413)
 (0.95110127724442239,0.31703375908147413)
 (0.95110127724442239,0.31703375908147413)
 (0.95110127724442239,-0.31703375908147413)
 (0.95110127724442239,0.31703375908147413)
 (-0.31703375908147413,-0.95110127724442239)
