# Created by Octave 8.4.0, Thu Dec 11 09:16:05 2025 IST <gamana@Samsung>
# name: iq
# type: complex matrix
# rows: 2048
# columns: 1
 (0.93829494382357781,-0.93829494382357781)
 (0.31276498127452595,0.31276498127452595)
 (0.31276498127452595,0.93829494382357781)
 (0.31276498127452595,-0.93829494382357781)
 (-0.31276498127452595,0.31276498127452595)
 (0.31276498127452595,0.93829494382357781)
 (0.93829494382357781,-0.93829494382357781)
 (-0.31276498127452595,0.93829494382357781)
 (-0.93829494382357781,0.31276498127452595)
 (-0.31276498127452595,0.31276498127452595)
 (0.93829494382357781,0.93829494382357781)
 (0.93829494382357781,-0.93829494382357781)
 (-0.93829494382357781,0.31276498127452595)
 (0.93829494382357781,0.31276498127452595)
 (0.93829494382357781,0.31276498127452595)
 (-0.93829494382357781,0.93829494382357781)
 (0.31276498127452595,0.93829494382357781)
 (-0.31276498127452595,-0.31276498127452595)
 (-0.93829494382357781,-0.31276498127452595)
 (-0.31276498127452595,-0.31276498127452595)
 (0.93829494382357781,-0.31276498127452595)
 (0.93829494382357781,-0.31276498127452595)
 (0.93829494382357781,0.31276498127452595)
 (-0.31276498127452595,-0.31276498127452595)
 (-0.31276498127452595,-0.31276498127452595)
 (-0.93829494382357781,-0.31276498127452595)
 (0.31276498127452595,-0.93829494382357781)
 (-0.31276498127452595,0.31276498127452595)
 (-0.31276498127452595,-0.31276498127452595)
 (-0.31276498127452595,-0.93829494382357781)
 (-0.31276498127452595,-0.93829494382357781)
 (0.93829494382357781,-0.93829494382357781)
 (0.31276498127452595,-0.31276498127452595)
 (0.93829494382357781,0.31276498127452595)
 (0.31276498127452595,-0.93829494382357781)
 (-0.93829494382357781,0.31276498127452595)
 (-0.93829494382357781,-0.31276498127452595)
 (-0.93829494382357781,-0.31276498127452595)
 (-0.31276498127452595,0.93829494382357781)
 (-0.93829494382357781,0.31276498127452595)
 (-0.31276498127452595,-0.31276498127452595)
 (0.31276498127452595,-0.31276498127452595)
 (-0.31276498127452595,0.93829494382357781)
 (0.31276498127452595,0.31276498127452595)
 (-0.93829494382357781,0.31276498127452595)
 (-0.31276498127452595,0.31276498127452595)
 (-0.93829494382357781,-0.93829494382357781)
 (0.93829494382357781,-0.93829494382357781)
 (0.31276498127452595,-0.93829494382357781)
 (0.31276498127452595,-0.93829494382357781)
 (0.93829494382357781,-0.31276498127452595)
 (-0.31276498127452595,0.93829494382357781)
 (-0.31276498127452595,0.31276498127452595)
 (0.93829494382357781,-0.31276498127452595)
 (-0.31276498127452595,-0.93829494382357781)
 (-0.93829494382357781,-0.93829494382357781)
 (-0.31276498127452595,-0.93829494382357781)
 (-0.93829494382357781,-0.31276498127452595)
 (-0.93829494382357781,0.31276498127452595)
 (-0.93829494382357781,-0.31276498127452595)
 (0.93829494382357781,-0.31276498127452595)
 (0.93829494382357781,0.93829494382357781)
 (0.93829494382357781,0.31276498127452595)
 (0.31276498127452595,-0.31276498127452595)
 (0.93829494382357781,-0.31276498127452595)
 (-0.93829494382357781,0.93829494382357781)
 (0.31276498127452595,-0.93829494382357781)
 (-0.93829494382357781,0.31276498127452595)
 (-0.31276498127452595,0.31276498127452595)
 (0.93829494382357781,-0.93829494382357781)
 (0.93829494382357781,-0.93829494382357781)
 (0.93829494382357781,-0.31276498127452595)
 (-0.93829494382357781,-0.31276498127452595)
 (0.31276498127452595,-0.31276498127452595)
 (0.31276498127452595,0.93829494382357781)
 (0.31276498127452595,0.31276498127452595)
 (-0.93829494382357781,0.93829494382357781)
 (0.31276498127452595,-0.93829494382357781)
 (0.93829494382357781,-0.93829494382357781)
 (0.93829494382357781,0.93829494382357781)
 (0.31276498127452595,0.31276498127452595)
 (0.93829494382357781,-0.93829494382357781)
 (-0.31276498127452595,-0.31276498127452595)
 (-0.31276498127452595,-0.31276498127452595)
 (0.93829494382357781,-0.31276498127452595)
 (0.31276498127452595,-0.31276498127452595)
 (0.93829494382357781,-0.31276498127452595)
 (-0.93829494382357781,0.31276498127452595)
 (0.93829494382357781,-0.31276498127452595)
 (0.93829494382357781,-0.31276498127452595)
 (-0.93829494382357781,0.31276498127452595)
 (-0.93829494382357781,0.31276498127452595)
 (0.31276498127452595,0.93829494382357781)
 (0.93829494382357781,-0.31276498127452595)
 (-0.93829494382357781,-0.31276498127452595)
 (0.93829494382357781,0.31276498127452595)
 (0.31276498127452595,-0.93829494382357781)
 (-0.93829494382357781,0.93829494382357781)
 (-0.31276498127452595,0.31276498127452595)
 (0.31276498127452595,-0.93829494382357781)
 (-0.93829494382357781,-0.31276498127452595)
 (0.93829494382357781,-0.93829494382357781)
 (-0.31276498127452595,-0.93829494382357781)
 (0.31276498127452595,0.93829494382357781)
 (-0.31276498127452595,-0.93829494382357781)
 (-0.93829494382357781,-0.93829494382357781)
 (-0.93829494382357781,-0.93829494382357781)
 (-0.31276498127452595,0.31276498127452595)
 (0.93829494382357781,-0.93829494382357781)
 (-0.31276498127452595,0.31276498127452595)
 (0.31276498127452595,-0.93829494382357781)
 (-0.93829494382357781,-0.93829494382357781)
 (-0.93829494382357781,-0.93829494382357781)
 (-0.93829494382357781,-0.31276498127452595)
 (-0.93829494382357781,-0.31276498127452595)
 (-0.31276498127452595,0.93829494382357781)
 (0.93829494382357781,-0.31276498127452595)
 (-0.31276498127452595,0.93829494382357781)
 (0.93829494382357781,-0.31276498127452595)
 (0.93829494382357781,-0.31276498127452595)
 (0.31276498127452595,-0.31276498127452595)
 (-0.31276498127452595,0.93829494382357781)
 (0.93829494382357781,0.31276498127452595)
 (-0.31276498127452595,0.31276498127452595)
 (0.31276498127452595,-0.93829494382357781)
 (-0.31276498127452595,0.31276498127452595)
 (0.31276498127452595,-0.93829494382357781)
 (-0.31276498127452595,0.31276498127452595)
 (0.31276498127452595,-0.31276498127452595)
 (-0.93829494382357781,-0.31276498127452595)
 (0.31276498127452595,0.93829494382357781)
 (-0.93829494382357781,-0.31276498127452595)
 (-0.93829494382357781,0.31276498127452595)
 (-0.93829494382357781,0.93829494382357781)
 (-0.93829494382357781,-0.93829494382357781)
 (0.31276498127452595,-0.31276498127452595)
 (0.93829494382357781,0.31276498127452595)
 (-0.93829494382357781,-0.31276498127452595)
 (-0.31276498127452595,-0.93829494382357781)
 (-0.31276498127452595,-0.31276498127452595)
 (0.31276498127452595,0.31276498127452595)
 (-0.93829494382357781,0.31276498127452595)
 (-0.31276498127452595,-0.93829494382357781)
 (-0.93829494382357781,-0.31276498127452595)
 (-0.31276498127452595,0.31276498127452595)
 (-0.93829494382357781,0.93829494382357781)
 (0.31276498127452595,0.93829494382357781)
 (-0.31276498127452595,-0.31276498127452595)
 (-0.93829494382357781,0.31276498127452595)
 (-0.31276498127452595,-0.93829494382357781)
 (0.93829494382357781,-0.93829494382357781)
 (0.31276498127452595,0.93829494382357781)
 (-0.31276498127452595,0.93829494382357781)
 (-0.31276498127452595,0.93829494382357781)
 (0.31276498127452595,-0.31276498127452595)
 (0.31276498127452595,0.31276498127452595)
 (-0.31276498127452595,0.93829494382357781)
 (0.93829494382357781,-0.93829494382357781)
 (-0.93829494382357781,-0.31276498127452595)
 (0.93829494382357781,-0.93829494382357781)
 (-0.31276498127452595,0.93829494382357781)
 (0.31276498127452595,0.93829494382357781)
 (0.93829494382357781,-0.31276498127452595)
 (0.93829494382357781,0.31276498127452595)
 (0.31276498127452595,-0.31276498127452595)
 (-0.31276498127452595,0.31276498127452595)
 (-0.31276498127452595,0.93829494382357781)
 (0.93829494382357781,-0.31276498127452595)
 (0.31276498127452595,0.93829494382357781)
 (-0.31276498127452595,0.31276498127452595)
 (0.31276498127452595,0.93829494382357781)
 (-0.31276498127452595,0.93829494382357781)
 (-0.93829494382357781,-0.93829494382357781)
 (0.93829494382357781,-0.93829494382357781)
 (-0.93829494382357781,0.31276498127452595)
 (0.93829494382357781,-0.93829494382357781)
 (-0.31276498127452595,0.31276498127452595)
 (0.31276498127452595,-0.93829494382357781)
