# Created by Octave 8.4.0, Thu Dec 11 09:16:05 2025 IST <gamana@Samsung>
# name: iq
# type: complex matrix
# rows: 2048
# columns: 1
 (-0.93919257623379881,0.3130641920779329)
 (0.3130641920779329,0.3130641920779329)
 (0.3130641920779329,0.93919257623379881)
 (0.3130641920779329,-0.93919257623379881)
 (0.93919257623379881,-0.93919257623379881)
 (0.3130641920779329,0.3130641920779329)
 (-0.3130641920779329,0.93919257623379881)
 (-0.93919257623379881,0.3130641920779329)
 (-0.93919257623379881,-0.3130641920779329)
 (-0.3130641920779329,-0.3130641920779329)
 (-0.3130641920779329,-0.3130641920779329)
 (-0.93919257623379881,0.93919257623379881)
 (-0.3130641920779329,0.93919257623379881)
 (-0.3130641920779329,0.3130641920779329)
 (0.93919257623379881,-0.93919257623379881)
 (-0.93919257623379881,-0.93919257623379881)
 (0.93919257623379881,-0.3130641920779329)
 (0.93919257623379881,0.3130641920779329)
 (-0.93919257623379881,0.3130641920779329)
 (-0.3130641920779329,-0.3130641920779329)
 (0.93919257623379881,-0.93919257623379881)
 (-0.3130641920779329,0.93919257623379881)
 (0.3130641920779329,0.3130641920779329)
 (-0.93919257623379881,-0.3130641920779329)
 (0.3130641920779329,-0.93919257623379881)
 (0.3130641920779329,0.3130641920779329)
 (0.3130641920779329,0.93919257623379881)
 (-0.3130641920779329,0.93919257623379881)
 (0.3130641920779329,0.93919257623379881)
 (0.93919257623379881,-0.3130641920779329)
 (-0.93919257623379881,-0.3130641920779329)
 (-0.3130641920779329,0.3130641920779329)
 (0.93919257623379881,0.3130641920779329)
 (-0.93919257623379881,0.3130641920779329)
 (-0.3130641920779329,0.3130641920779329)
 (-0.3130641920779329,0.93919257623379881)
 (0.93919257623379881,-0.93919257623379881)
 (0.93919257623379881,-0.93919257623379881)
 (0.3130641920779329,-0.3130641920779329)
 (-0.3130641920779329,-0.3130641920779329)
 (0.3130641920779329,-0.93919257623379881)
 (0.3130641920779329,0.3130641920779329)
 (0.3130641920779329,-0.93919257623379881)
 (0.93919257623379881,-0.3130641920779329)
 (-0.93919257623379881,-0.93919257623379881)
 (0.93919257623379881,-0.93919257623379881)
 (-0.93919257623379881,0.93919257623379881)
 (-0.93919257623379881,-0.93919257623379881)
 (-0.3130641920779329,0.3130641920779329)
 (0.93919257623379881,0.93919257623379881)
 (-0.3130641920779329,0.93919257623379881)
 (-0.3130641920779329,0.3130641920779329)
 (-0.93919257623379881,-0.93919257623379881)
 (-0.93919257623379881,0.3130641920779329)
 (-0.93919257623379881,-0.93919257623379881)
 (0.93919257623379881,-0.3130641920779329)
 (-0.93919257623379881,-0.93919257623379881)
 (-0.3130641920779329,0.3130641920779329)
 (-0.93919257623379881,-0.3130641920779329)
 (0.3130641920779329,-0.93919257623379881)
 (0.93919257623379881,-0.93919257623379881)
 (-0.93919257623379881,0.3130641920779329)
 (-0.3130641920779329,-0.3130641920779329)
 (0.3130641920779329,0.93919257623379881)
 (0.3130641920779329,-0.3130641920779329)
 (-0.93919257623379881,0.93919257623379881)
 (-0.3130641920779329,-0.3130641920779329)
 (0.3130641920779329,-0.3130641920779329)
 (-0.93919257623379881,-0.93919257623379881)
 (0.93919257623379881,-0.93919257623379881)
 (0.3130641920779329,0.3130641920779329)
 (0.3130641920779329,-0.3130641920779329)
 (0.93919257623379881,-0.93919257623379881)
 (-0.3130641920779329,0.93919257623379881)
 (0.93919257623379881,0.93919257623379881)
 (0.93919257623379881,-0.93919257623379881)
 (-0.3130641920779329,0.93919257623379881)
 (-0.93919257623379881,0.93919257623379881)
 (-0.93919257623379881,0.93919257623379881)
 (-0.93919257623379881,-0.93919257623379881)
 (-0.93919257623379881,-0.93919257623379881)
 (-0.3130641920779329,-0.93919257623379881)
 (-0.3130641920779329,-0.3130641920779329)
 (0.3130641920779329,-0.93919257623379881)
 (-0.3130641920779329,0.3130641920779329)
 (0.3130641920779329,0.3130641920779329)
 (-0.3130641920779329,0.3130641920779329)
 (0.93919257623379881,-0.3130641920779329)
 (-0.3130641920779329,0.3130641920779329)
 (0.93919257623379881,-0.93919257623379881)
 (0.3130641920779329,-0.93919257623379881)
 (0.3130641920779329,0.93919257623379881)
 (0.3130641920779329,0.3130641920779329)
 (0.3130641920779329,0.3130641920779329)
 (-0.93919257623379881,-0.3130641920779329)
 (-0.3130641920779329,0.3130641920779329)
 (0.93919257623379881,0.93919257623379881)
 (0.93919257623379881,-0.93919257623379881)
 (0.93919257623379881,0.93919257623379881)
 (0.3130641920779329,-0.93919257623379881)
 (0.93919257623379881,0.3130641920779329)
 (-0.93919257623379881,-0.3130641920779329)
 (0.3130641920779329,0.93919257623379881)
 (-0.93919257623379881,0.3130641920779329)
 (-0.93919257623379881,-0.3130641920779329)
 (0.93919257623379881,-0.3130641920779329)
 (0.93919257623379881,-0.93919257623379881)
 (0.3130641920779329,-0.93919257623379881)
 (0.93919257623379881,-0.3130641920779329)
 (0.3130641920779329,-0.93919257623379881)
 (0.93919257623379881,-0.93919257623379881)
 (-0.93919257623379881,-0.3130641920779329)
 (0.93919257623379881,-0.3130641920779329)
 (-0.93919257623379881,0.3130641920779329)
 (0.3130641920779329,0.93919257623379881)
 (0.3130641920779329,-0.3130641920779329)
 (-0.93919257623379881,0.3130641920779329)
 (0.93919257623379881,0.3130641920779329)
 (-0.3130641920779329,-0.93919257623379881)
 (-0.93919257623379881,-0.3130641920779329)
 (0.93919257623379881,0.93919257623379881)
 (-0.93919257623379881,-0.93919257623379881)
 (-0.93919257623379881,0.93919257623379881)
 (0.93919257623379881,0.93919257623379881)
 (0.93919257623379881,-0.3130641920779329)
 (0.3130641920779329,0.93919257623379881)
 (0.3130641920779329,-0.93919257623379881)
 (-0.93919257623379881,-0.93919257623379881)
 (0.93919257623379881,0.3130641920779329)
 (-0.93919257623379881,-0.3130641920779329)
 (-0.93919257623379881,-0.93919257623379881)
 (0.3130641920779329,-0.3130641920779329)
 (0.93919257623379881,0.93919257623379881)
 (-0.93919257623379881,0.93919257623379881)
 (0.93919257623379881,0.3130641920779329)
 (0.3130641920779329,0.93919257623379881)
 (0.93919257623379881,-0.3130641920779329)
 (-0.3130641920779329,0.3130641920779329)
 (-0.93919257623379881,-0.3130641920779329)
 (-0.93919257623379881,0.93919257623379881)
 (-0.93919257623379881,-0.93919257623379881)
 (0.3130641920779329,-0.3130641920779329)
 (-0.3130641920779329,-0.3130641920779329)
 (0.93919257623379881,-0.93919257623379881)
 (0.3130641920779329,-0.93919257623379881)
 (0.93919257623379881,0.3130641920779329)
 (0.93919257623379881,0.93919257623379881)
 (-0.3130641920779329,-0.3130641920779329)
 (0.3130641920779329,0.93919257623379881)
 (-0.93919257623379881,-0.3130641920779329)
 (-0.93919257623379881,-0.3130641920779329)
 (-0.93919257623379881,0.3130641920779329)
 (-0.3130641920779329,-0.3130641920779329)
 (0.3130641920779329,-0.3130641920779329)
 (0.93919257623379881,-0.93919257623379881)
 (0.93919257623379881,-0.3130641920779329)
 (-0.93919257623379881,0.93919257623379881)
 (-0.93919257623379881,-0.3130641920779329)
 (-0.3130641920779329,-0.93919257623379881)
 (-0.3130641920779329,0.93919257623379881)
 (-0.93919257623379881,-0.93919257623379881)
 (0.93919257623379881,0.93919257623379881)
 (0.93919257623379881,0.93919257623379881)
 (-0.93919257623379881,-0.93919257623379881)
 (-0.93919257623379881,-0.3130641920779329)
 (-0.3130641920779329,0.3130641920779329)
 (-0.93919257623379881,-0.3130641920779329)
 (0.93919257623379881,0.93919257623379881)
 (0.3130641920779329,-0.93919257623379881)
 (0.3130641920779329,0.93919257623379881)
 (-0.3130641920779329,-0.3130641920779329)
 (0.93919257623379881,-0.93919257623379881)
 (-0.3130641920779329,0.3130641920779329)
 (0.3130641920779329,-0.3130641920779329)
 (-0.93919257623379881,0.93919257623379881)
 (-0.3130641920779329,0.93919257623379881)
 (-0.3130641920779329,-0.93919257623379881)
 (0.3130641920779329,-0.93919257623379881)
 (0.93919257623379881,-0.93919257623379881)
 (-0.93919257623379881,0.93919257623379881)
 (-0.3130641920779329,-0.93919257623379881)
 (0.3130641920779329,-0.93919257623379881)
