# Created by Octave 8.4.0, Thu Dec 11 09:16:05 2025 IST <gamana@Samsung>
# name: iq
# type: complex matrix
# rows: 2048
# columns: 1
 (-0.94886864205893473,0.31628954735297821)
 (-0.94886864205893473,0.94886864205893473)
 (0.94886864205893473,0.94886864205893473)
 (-0.94886864205893473,0.94886864205893473)
 (-0.31628954735297821,-0.31628954735297821)
 (-0.31628954735297821,-0.31628954735297821)
 (0.94886864205893473,-0.94886864205893473)
 (0.94886864205893473,0.94886864205893473)
 (-0.94886864205893473,-0.31628954735297821)
 (0.31628954735297821,0.94886864205893473)
 (0.94886864205893473,0.31628954735297821)
 (-0.31628954735297821,0.94886864205893473)
 (-0.94886864205893473,-0.94886864205893473)
 (-0.31628954735297821,-0.94886864205893473)
 (-0.31628954735297821,-0.94886864205893473)
 (0.31628954735297821,-0.94886864205893473)
 (0.94886864205893473,-0.94886864205893473)
 (0.31628954735297821,0.31628954735297821)
 (0.94886864205893473,0.94886864205893473)
 (-0.94886864205893473,0.31628954735297821)
 (-0.31628954735297821,-0.94886864205893473)
 (-0.31628954735297821,-0.94886864205893473)
 (-0.31628954735297821,0.94886864205893473)
 (-0.94886864205893473,0.94886864205893473)
 (0.31628954735297821,-0.31628954735297821)
 (-0.94886864205893473,0.94886864205893473)
 (0.31628954735297821,-0.31628954735297821)
 (0.31628954735297821,0.94886864205893473)
 (0.94886864205893473,-0.94886864205893473)
 (-0.31628954735297821,-0.94886864205893473)
 (0.31628954735297821,0.31628954735297821)
 (0.94886864205893473,-0.94886864205893473)
 (0.94886864205893473,-0.94886864205893473)
 (0.94886864205893473,0.94886864205893473)
 (-0.31628954735297821,0.31628954735297821)
 (0.31628954735297821,0.31628954735297821)
 (-0.31628954735297821,-0.31628954735297821)
 (-0.31628954735297821,-0.94886864205893473)
 (0.31628954735297821,0.94886864205893473)
 (-0.94886864205893473,0.31628954735297821)
 (-0.94886864205893473,-0.31628954735297821)
 (-0.31628954735297821,-0.94886864205893473)
 (-0.94886864205893473,-0.31628954735297821)
 (0.31628954735297821,0.31628954735297821)
 (-0.94886864205893473,0.31628954735297821)
 (-0.94886864205893473,0.31628954735297821)
 (0.94886864205893473,-0.31628954735297821)
 (-0.31628954735297821,-0.94886864205893473)
 (-0.31628954735297821,0.94886864205893473)
 (0.94886864205893473,-0.94886864205893473)
 (0.31628954735297821,0.31628954735297821)
 (-0.31628954735297821,-0.31628954735297821)
 (0.94886864205893473,0.31628954735297821)
 (0.94886864205893473,0.31628954735297821)
 (0.31628954735297821,0.31628954735297821)
 (0.31628954735297821,0.31628954735297821)
 (0.94886864205893473,0.31628954735297821)
 (0.94886864205893473,-0.31628954735297821)
 (-0.94886864205893473,-0.31628954735297821)
 (-0.31628954735297821,-0.94886864205893473)
 (-0.31628954735297821,-0.31628954735297821)
 (0.31628954735297821,-0.94886864205893473)
 (0.31628954735297821,-0.31628954735297821)
 (-0.94886864205893473,0.31628954735297821)
 (0.94886864205893473,0.94886864205893473)
 (-0.94886864205893473,0.94886864205893473)
 (-0.94886864205893473,-0.94886864205893473)
 (0.94886864205893473,-0.31628954735297821)
 (-0.94886864205893473,-0.94886864205893473)
 (0.31628954735297821,0.94886864205893473)
 (0.31628954735297821,-0.94886864205893473)
 (-0.94886864205893473,0.31628954735297821)
 (-0.31628954735297821,0.31628954735297821)
 (-0.31628954735297821,0.31628954735297821)
 (-0.94886864205893473,-0.94886864205893473)
 (0.94886864205893473,-0.31628954735297821)
 (0.31628954735297821,-0.31628954735297821)
 (-0.94886864205893473,0.94886864205893473)
 (0.94886864205893473,-0.31628954735297821)
 (-0.94886864205893473,-0.31628954735297821)
 (0.94886864205893473,-0.94886864205893473)
 (-0.94886864205893473,0.31628954735297821)
 (-0.94886864205893473,-0.31628954735297821)
 (0.31628954735297821,-0.94886864205893473)
 (-0.31628954735297821,-0.31628954735297821)
 (-0.31628954735297821,0.94886864205893473)
 (0.31628954735297821,0.31628954735297821)
 (-0.31628954735297821,-0.94886864205893473)
 (0.31628954735297821,0.94886864205893473)
 (0.94886864205893473,-0.94886864205893473)
 (-0.94886864205893473,-0.94886864205893473)
 (-0.31628954735297821,-0.31628954735297821)
 (-0.94886864205893473,-0.94886864205893473)
 (-0.94886864205893473,0.31628954735297821)
 (-0.31628954735297821,0.94886864205893473)
 (0.31628954735297821,-0.94886864205893473)
 (-0.31628954735297821,0.94886864205893473)
 (-0.31628954735297821,-0.94886864205893473)
 (0.94886864205893473,-0.94886864205893473)
 (-0.94886864205893473,0.31628954735297821)
 (-0.31628954735297821,-0.31628954735297821)
 (0.31628954735297821,-0.94886864205893473)
 (0.94886864205893473,0.31628954735297821)
 (0.31628954735297821,-0.31628954735297821)
 (-0.94886864205893473,0.31628954735297821)
 (-0.94886864205893473,0.94886864205893473)
 (0.31628954735297821,-0.94886864205893473)
 (0.94886864205893473,-0.94886864205893473)
 (0.94886864205893473,-0.31628954735297821)
 (-0.31628954735297821,0.94886864205893473)
 (-0.31628954735297821,0.31628954735297821)
 (0.94886864205893473,0.94886864205893473)
 (-0.31628954735297821,-0.31628954735297821)
 (0.94886864205893473,-0.94886864205893473)
 (0.31628954735297821,-0.94886864205893473)
 (0.94886864205893473,0.31628954735297821)
 (0.94886864205893473,-0.94886864205893473)
 (0.31628954735297821,-0.94886864205893473)
 (0.31628954735297821,-0.94886864205893473)
 (-0.31628954735297821,0.31628954735297821)
 (-0.94886864205893473,-0.94886864205893473)
 (-0.94886864205893473,0.31628954735297821)
 (-0.94886864205893473,0.31628954735297821)
 (-0.31628954735297821,-0.94886864205893473)
 (0.94886864205893473,-0.31628954735297821)
 (0.94886864205893473,0.31628954735297821)
 (-0.94886864205893473,0.31628954735297821)
 (0.94886864205893473,-0.31628954735297821)
 (-0.31628954735297821,-0.94886864205893473)
 (0.31628954735297821,0.31628954735297821)
 (-0.31628954735297821,0.31628954735297821)
 (0.31628954735297821,-0.31628954735297821)
 (0.94886864205893473,-0.31628954735297821)
 (0.94886864205893473,-0.31628954735297821)
 (-0.94886864205893473,0.94886864205893473)
 (0.31628954735297821,-0.94886864205893473)
 (0.94886864205893473,-0.31628954735297821)
 (-0.31628954735297821,0.31628954735297821)
 (-0.94886864205893473,0.94886864205893473)
 (0.31628954735297821,0.94886864205893473)
 (-0.94886864205893473,-0.31628954735297821)
 (-0.94886864205893473,-0.94886864205893473)
 (0.94886864205893473,-0.31628954735297821)
 (0.94886864205893473,-0.31628954735297821)
 (0.31628954735297821,0.31628954735297821)
 (0.94886864205893473,-0.94886864205893473)
 (-0.94886864205893473,-0.31628954735297821)
 (-0.94886864205893473,0.31628954735297821)
 (0.94886864205893473,-0.31628954735297821)
 (0.31628954735297821,0.31628954735297821)
 (-0.31628954735297821,-0.94886864205893473)
 (0.31628954735297821,-0.94886864205893473)
 (-0.94886864205893473,0.94886864205893473)
 (-0.31628954735297821,-0.94886864205893473)
 (0.94886864205893473,0.94886864205893473)
 (-0.94886864205893473,-0.31628954735297821)
 (0.31628954735297821,-0.31628954735297821)
 (-0.31628954735297821,0.31628954735297821)
 (-0.31628954735297821,-0.31628954735297821)
 (0.31628954735297821,-0.94886864205893473)
 (0.94886864205893473,0.94886864205893473)
 (0.94886864205893473,-0.31628954735297821)
 (0.94886864205893473,0.31628954735297821)
 (-0.31628954735297821,0.94886864205893473)
 (-0.31628954735297821,-0.94886864205893473)
 (-0.31628954735297821,0.31628954735297821)
 (-0.31628954735297821,0.94886864205893473)
 (0.31628954735297821,-0.94886864205893473)
 (0.94886864205893473,0.94886864205893473)
 (0.31628954735297821,-0.31628954735297821)
 (-0.31628954735297821,-0.31628954735297821)
 (-0.31628954735297821,0.31628954735297821)
 (0.94886864205893473,0.94886864205893473)
 (-0.31628954735297821,-0.31628954735297821)
 (0.31628954735297821,-0.94886864205893473)
 (-0.94886864205893473,0.31628954735297821)
 (-0.31628954735297821,-0.31628954735297821)
 (0.94886864205893473,0.94886864205893473)
