# Created by Octave 8.4.0, Thu Dec 11 09:16:05 2025 IST <gamana@Samsung>
# name: iq
# type: complex matrix
# rows: 2048
# columns: 1
 (-0.31463405129382505,-0.94390215388147525)
 (0.94390215388147525,-0.94390215388147525)
 (0.94390215388147525,-0.31463405129382505)
 (-0.31463405129382505,-0.94390215388147525)
 (0.31463405129382505,0.31463405129382505)
 (0.94390215388147525,-0.94390215388147525)
 (0.94390215388147525,-0.94390215388147525)
 (-0.31463405129382505,-0.94390215388147525)
 (-0.94390215388147525,-0.31463405129382505)
 (0.94390215388147525,0.94390215388147525)
 (-0.31463405129382505,-0.31463405129382505)
 (0.94390215388147525,0.94390215388147525)
 (-0.94390215388147525,0.94390215388147525)
 (0.31463405129382505,-0.94390215388147525)
 (-0.31463405129382505,0.31463405129382505)
 (-0.31463405129382505,-0.31463405129382505)
 (-0.31463405129382505,-0.31463405129382505)
 (-0.94390215388147525,0.94390215388147525)
 (0.94390215388147525,0.94390215388147525)
 (-0.31463405129382505,0.94390215388147525)
 (-0.94390215388147525,-0.94390215388147525)
 (0.94390215388147525,0.31463405129382505)
 (-0.31463405129382505,-0.31463405129382505)
 (-0.31463405129382505,-0.31463405129382505)
 (-0.31463405129382505,0.31463405129382505)
 (0.94390215388147525,-0.31463405129382505)
 (0.31463405129382505,-0.94390215388147525)
 (0.94390215388147525,-0.31463405129382505)
 (-0.31463405129382505,0.94390215388147525)
 (-0.94390215388147525,0.94390215388147525)
 (-0.31463405129382505,0.31463405129382505)
 (0.94390215388147525,0.94390215388147525)
 (-0.31463405129382505,0.94390215388147525)
 (0.31463405129382505,-0.94390215388147525)
 (0.31463405129382505,0.94390215388147525)
 (-0.31463405129382505,0.31463405129382505)
 (0.94390215388147525,0.31463405129382505)
 (-0.31463405129382505,-0.94390215388147525)
 (0.31463405129382505,-0.94390215388147525)
 (0.31463405129382505,-0.94390215388147525)
 (0.94390215388147525,0.94390215388147525)
 (-0.94390215388147525,-0.31463405129382505)
 (0.31463405129382505,-0.31463405129382505)
 (-0.94390215388147525,0.31463405129382505)
 (0.94390215388147525,-0.94390215388147525)
 (0.94390215388147525,-0.31463405129382505)
 (0.31463405129382505,0.31463405129382505)
 (-0.31463405129382505,0.94390215388147525)
 (-0.94390215388147525,-0.94390215388147525)
 (-0.94390215388147525,-0.94390215388147525)
 (-0.94390215388147525,0.31463405129382505)
 (0.94390215388147525,0.31463405129382505)
 (0.94390215388147525,-0.31463405129382505)
 (-0.94390215388147525,0.31463405129382505)
 (0.31463405129382505,-0.31463405129382505)
 (0.94390215388147525,-0.94390215388147525)
 (0.31463405129382505,0.94390215388147525)
 (0.31463405129382505,-0.31463405129382505)
 (-0.94390215388147525,-0.94390215388147525)
 (0.94390215388147525,-0.31463405129382505)
 (-0.94390215388147525,-0.94390215388147525)
 (-0.94390215388147525,0.31463405129382505)
 (-0.94390215388147525,0.31463405129382505)
 (-0.94390215388147525,-0.94390215388147525)
 (-0.31463405129382505,0.31463405129382505)
 (0.94390215388147525,0.31463405129382505)
 (-0.31463405129382505,-0.31463405129382505)
 (0.31463405129382505,0.31463405129382505)
 (-0.94390215388147525,0.31463405129382505)
 (-0.31463405129382505,0.94390215388147525)
 (0.94390215388147525,0.94390215388147525)
 (-0.31463405129382505,0.94390215388147525)
 (-0.31463405129382505,-0.94390215388147525)
 (0.94390215388147525,0.31463405129382505)
 (0.31463405129382505,0.94390215388147525)
 (-0.94390215388147525,0.94390215388147525)
 (-0.94390215388147525,0.31463405129382505)
 (-0.94390215388147525,-0.31463405129382505)
 (-0.94390215388147525,-0.31463405129382505)
 (0.94390215388147525,-0.31463405129382505)
 (0.94390215388147525,-0.94390215388147525)
 (0.94390215388147525,0.94390215388147525)
 (-0.94390215388147525,-0.94390215388147525)
 (-0.94390215388147525,-0.94390215388147525)
 (-0.31463405129382505,-0.31463405129382505)
 (-0.31463405129382505,0.31463405129382505)
 (-0.31463405129382505,0.94390215388147525)
 (0.94390215388147525,-0.31463405129382505)
 (-0.31463405129382505,-0.31463405129382505)
 (-0.94390215388147525,-0.31463405129382505)
 (-0.31463405129382505,0.31463405129382505)
 (0.94390215388147525,-0.31463405129382505)
 (0.31463405129382505,0.31463405129382505)
 (-0.94390215388147525,-0.94390215388147525)
 (-0.94390215388147525,0.94390215388147525)
 (-0.31463405129382505,-0.94390215388147525)
 (-0.31463405129382505,0.94390215388147525)
 (0.31463405129382505,0.94390215388147525)
 (-0.31463405129382505,0.94390215388147525)
 (-0.31463405129382505,-0.94390215388147525)
 (-0.31463405129382505,0.94390215388147525)
 (0.31463405129382505,-0.31463405129382505)
 (0.31463405129382505,0.94390215388147525)
 (0.31463405129382505,0.31463405129382505)
 (-0.31463405129382505,0.94390215388147525)
 (-0.94390215388147525,0.31463405129382505)
 (0.94390215388147525,0.94390215388147525)
 (0.94390215388147525,0.94390215388147525)
 (-0.31463405129382505,-0.31463405129382505)
 (-0.31463405129382505,-0.31463405129382505)
 (0.94390215388147525,-0.94390215388147525)
 (0.31463405129382505,-0.94390215388147525)
 (-0.31463405129382505,0.31463405129382505)
 (0.94390215388147525,0.31463405129382505)
 (0.94390215388147525,0.31463405129382505)
 (-0.31463405129382505,-0.94390215388147525)
 (0.94390215388147525,0.94390215388147525)
 (-0.94390215388147525,-0.94390215388147525)
 (0.31463405129382505,0.94390215388147525)
 (0.94390215388147525,0.31463405129382505)
 (0.94390215388147525,0.31463405129382505)
 (0.94390215388147525,0.31463405129382505)
 (0.94390215388147525,0.94390215388147525)
 (0.31463405129382505,-0.94390215388147525)
 (0.31463405129382505,0.94390215388147525)
 (-0.94390215388147525,0.94390215388147525)
 (0.94390215388147525,-0.31463405129382505)
 (0.94390215388147525,0.94390215388147525)
 (0.94390215388147525,0.31463405129382505)
 (-0.94390215388147525,0.94390215388147525)
 (0.94390215388147525,0.94390215388147525)
 (-0.94390215388147525,0.31463405129382505)
 (-0.94390215388147525,-0.31463405129382505)
 (0.31463405129382505,-0.94390215388147525)
 (0.31463405129382505,0.94390215388147525)
 (-0.31463405129382505,0.31463405129382505)
 (-0.31463405129382505,0.31463405129382505)
 (-0.94390215388147525,-0.94390215388147525)
 (0.31463405129382505,-0.31463405129382505)
 (-0.31463405129382505,0.31463405129382505)
 (0.31463405129382505,-0.31463405129382505)
 (0.94390215388147525,-0.94390215388147525)
 (-0.94390215388147525,0.31463405129382505)
 (-0.94390215388147525,-0.94390215388147525)
 (-0.94390215388147525,0.31463405129382505)
 (-0.31463405129382505,0.31463405129382505)
 (0.31463405129382505,-0.31463405129382505)
 (0.94390215388147525,0.94390215388147525)
 (-0.94390215388147525,-0.94390215388147525)
 (0.31463405129382505,0.31463405129382505)
 (0.31463405129382505,-0.94390215388147525)
 (0.31463405129382505,-0.94390215388147525)
 (0.31463405129382505,-0.94390215388147525)
 (-0.94390215388147525,0.94390215388147525)
 (-0.31463405129382505,0.31463405129382505)
 (-0.94390215388147525,-0.31463405129382505)
 (-0.31463405129382505,-0.31463405129382505)
 (-0.31463405129382505,0.31463405129382505)
 (0.94390215388147525,0.31463405129382505)
 (0.31463405129382505,-0.31463405129382505)
 (0.94390215388147525,0.31463405129382505)
 (0.31463405129382505,-0.94390215388147525)
 (-0.94390215388147525,-0.94390215388147525)
 (-0.94390215388147525,-0.31463405129382505)
 (-0.94390215388147525,0.94390215388147525)
 (-0.31463405129382505,0.31463405129382505)
 (-0.94390215388147525,0.94390215388147525)
 (0.31463405129382505,0.31463405129382505)
 (0.31463405129382505,0.94390215388147525)
 (0.31463405129382505,-0.94390215388147525)
 (0.31463405129382505,0.31463405129382505)
 (-0.94390215388147525,-0.94390215388147525)
 (-0.94390215388147525,-0.94390215388147525)
 (-0.31463405129382505,0.94390215388147525)
 (0.31463405129382505,0.31463405129382505)
 (-0.94390215388147525,0.31463405129382505)
 (-0.94390215388147525,-0.94390215388147525)
 (-0.31463405129382505,-0.94390215388147525)
