# Created by Octave 8.4.0, Thu Dec 11 09:16:05 2025 IST <gamana@Samsung>
# name: iq
# type: complex matrix
# rows: 2048
# columns: 1
 (-0.31390657274518019,-0.94171971823554057)
 (0.31390657274518019,0.31390657274518019)
 (0.94171971823554057,-0.31390657274518019)
 (0.94171971823554057,0.94171971823554057)
 (0.31390657274518019,0.94171971823554057)
 (0.31390657274518019,-0.94171971823554057)
 (-0.31390657274518019,0.31390657274518019)
 (0.94171971823554057,0.31390657274518019)
 (0.31390657274518019,-0.94171971823554057)
 (0.94171971823554057,-0.31390657274518019)
 (0.31390657274518019,0.94171971823554057)
 (0.94171971823554057,-0.94171971823554057)
 (-0.94171971823554057,0.94171971823554057)
 (-0.31390657274518019,0.94171971823554057)
 (0.31390657274518019,-0.31390657274518019)
 (0.31390657274518019,-0.94171971823554057)
 (0.94171971823554057,0.31390657274518019)
 (0.94171971823554057,0.31390657274518019)
 (0.94171971823554057,-0.94171971823554057)
 (-0.94171971823554057,0.31390657274518019)
 (0.94171971823554057,0.31390657274518019)
 (-0.31390657274518019,0.31390657274518019)
 (-0.94171971823554057,-0.94171971823554057)
 (-0.31390657274518019,0.31390657274518019)
 (-0.94171971823554057,-0.31390657274518019)
 (-0.94171971823554057,0.31390657274518019)
 (0.94171971823554057,-0.31390657274518019)
 (0.31390657274518019,-0.94171971823554057)
 (0.31390657274518019,0.94171971823554057)
 (0.31390657274518019,-0.94171971823554057)
 (-0.31390657274518019,0.31390657274518019)
 (-0.94171971823554057,-0.31390657274518019)
 (0.94171971823554057,-0.31390657274518019)
 (-0.94171971823554057,-0.94171971823554057)
 (0.31390657274518019,-0.31390657274518019)
 (-0.94171971823554057,-0.31390657274518019)
 (0.94171971823554057,0.31390657274518019)
 (-0.31390657274518019,-0.31390657274518019)
 (-0.31390657274518019,-0.31390657274518019)
 (-0.31390657274518019,0.31390657274518019)
 (0.31390657274518019,-0.31390657274518019)
 (0.31390657274518019,-0.31390657274518019)
 (0.31390657274518019,-0.31390657274518019)
 (-0.94171971823554057,-0.94171971823554057)
 (-0.31390657274518019,0.31390657274518019)
 (-0.31390657274518019,0.31390657274518019)
 (-0.94171971823554057,0.31390657274518019)
 (-0.94171971823554057,-0.94171971823554057)
 (0.31390657274518019,0.31390657274518019)
 (-0.31390657274518019,0.94171971823554057)
 (0.94171971823554057,-0.94171971823554057)
 (-0.94171971823554057,0.94171971823554057)
 (-0.31390657274518019,0.94171971823554057)
 (-0.94171971823554057,0.31390657274518019)
 (-0.94171971823554057,-0.31390657274518019)
 (0.94171971823554057,-0.94171971823554057)
 (0.31390657274518019,-0.31390657274518019)
 (-0.94171971823554057,-0.31390657274518019)
 (0.94171971823554057,0.31390657274518019)
 (0.94171971823554057,0.94171971823554057)
 (-0.94171971823554057,0.94171971823554057)
 (0.94171971823554057,-0.94171971823554057)
 (-0.94171971823554057,-0.31390657274518019)
 (-0.94171971823554057,-0.31390657274518019)
 (0.94171971823554057,-0.31390657274518019)
 (-0.94171971823554057,-0.31390657274518019)
 (0.94171971823554057,0.31390657274518019)
 (-0.31390657274518019,-0.31390657274518019)
 (-0.31390657274518019,-0.31390657274518019)
 (-0.94171971823554057,-0.94171971823554057)
 (0.94171971823554057,-0.94171971823554057)
 (0.31390657274518019,-0.31390657274518019)
 (0.31390657274518019,-0.31390657274518019)
 (0.94171971823554057,-0.31390657274518019)
 (-0.31390657274518019,0.94171971823554057)
 (-0.31390657274518019,-0.31390657274518019)
 (0.94171971823554057,-0.94171971823554057)
 (-0.31390657274518019,-0.31390657274518019)
 (-0.31390657274518019,0.94171971823554057)
 (-0.94171971823554057,0.31390657274518019)
 (-0.31390657274518019,0.94171971823554057)
 (-0.94171971823554057,-0.94171971823554057)
 (-0.94171971823554057,0.31390657274518019)
 (0.94171971823554057,0.31390657274518019)
 (-0.94171971823554057,0.94171971823554057)
 (0.31390657274518019,0.31390657274518019)
 (-0.94171971823554057,-0.31390657274518019)
 (0.31390657274518019,0.31390657274518019)
 (-0.31390657274518019,0.31390657274518019)
 (-0.31390657274518019,0.94171971823554057)
 (0.31390657274518019,0.31390657274518019)
 (-0.31390657274518019,0.94171971823554057)
 (-0.31390657274518019,0.31390657274518019)
 (0.31390657274518019,0.94171971823554057)
 (-0.94171971823554057,0.31390657274518019)
 (-0.94171971823554057,-0.31390657274518019)
 (0.31390657274518019,0.31390657274518019)
 (-0.31390657274518019,0.31390657274518019)
 (0.94171971823554057,0.94171971823554057)
 (0.94171971823554057,-0.31390657274518019)
 (-0.94171971823554057,0.94171971823554057)
 (-0.94171971823554057,-0.94171971823554057)
 (0.94171971823554057,0.94171971823554057)
 (-0.94171971823554057,-0.31390657274518019)
 (0.94171971823554057,-0.94171971823554057)
 (0.94171971823554057,-0.31390657274518019)
 (-0.31390657274518019,0.31390657274518019)
 (-0.31390657274518019,0.94171971823554057)
 (-0.31390657274518019,-0.31390657274518019)
 (0.94171971823554057,0.94171971823554057)
 (0.94171971823554057,-0.31390657274518019)
 (-0.94171971823554057,-0.31390657274518019)
 (0.94171971823554057,0.94171971823554057)
 (0.94171971823554057,-0.31390657274518019)
 (-0.94171971823554057,0.31390657274518019)
 (0.94171971823554057,0.31390657274518019)
 (-0.31390657274518019,0.94171971823554057)
 (0.31390657274518019,-0.94171971823554057)
 (-0.94171971823554057,0.94171971823554057)
 (-0.94171971823554057,0.94171971823554057)
 (0.94171971823554057,0.31390657274518019)
 (-0.94171971823554057,0.94171971823554057)
 (-0.94171971823554057,0.31390657274518019)
 (0.31390657274518019,0.94171971823554057)
 (-0.31390657274518019,-0.94171971823554057)
 (-0.31390657274518019,0.31390657274518019)
 (-0.31390657274518019,-0.94171971823554057)
 (0.94171971823554057,-0.31390657274518019)
 (-0.94171971823554057,0.94171971823554057)
 (0.31390657274518019,-0.94171971823554057)
 (0.31390657274518019,-0.31390657274518019)
 (-0.94171971823554057,-0.94171971823554057)
 (0.31390657274518019,0.94171971823554057)
 (0.31390657274518019,0.94171971823554057)
 (0.94171971823554057,0.94171971823554057)
 (0.94171971823554057,0.94171971823554057)
 (0.31390657274518019,-0.31390657274518019)
 (0.31390657274518019,0.31390657274518019)
 (-0.31390657274518019,0.94171971823554057)
 (-0.94171971823554057,-0.31390657274518019)
 (0.31390657274518019,0.31390657274518019)
 (0.31390657274518019,-0.31390657274518019)
 (-0.31390657274518019,0.94171971823554057)
 (-0.31390657274518019,0.31390657274518019)
 (-0.31390657274518019,-0.94171971823554057)
 (-0.94171971823554057,0.94171971823554057)
 (0.94171971823554057,-0.94171971823554057)
 (0.94171971823554057,-0.31390657274518019)
 (0.94171971823554057,-0.31390657274518019)
 (0.31390657274518019,-0.31390657274518019)
 (-0.31390657274518019,0.94171971823554057)
 (-0.31390657274518019,-0.94171971823554057)
 (0.94171971823554057,0.31390657274518019)
 (0.94171971823554057,0.31390657274518019)
 (0.94171971823554057,0.31390657274518019)
 (0.94171971823554057,0.31390657274518019)
 (-0.31390657274518019,0.31390657274518019)
 (0.31390657274518019,-0.94171971823554057)
 (0.94171971823554057,-0.94171971823554057)
 (0.94171971823554057,-0.31390657274518019)
 (0.94171971823554057,0.94171971823554057)
 (-0.31390657274518019,0.31390657274518019)
 (-0.94171971823554057,-0.31390657274518019)
 (-0.94171971823554057,0.94171971823554057)
 (-0.31390657274518019,0.94171971823554057)
 (-0.31390657274518019,-0.94171971823554057)
 (-0.94171971823554057,0.94171971823554057)
 (-0.94171971823554057,0.31390657274518019)
 (0.94171971823554057,0.31390657274518019)
 (0.31390657274518019,-0.94171971823554057)
 (0.94171971823554057,0.94171971823554057)
 (-0.31390657274518019,-0.94171971823554057)
 (0.94171971823554057,-0.94171971823554057)
 (-0.94171971823554057,0.31390657274518019)
 (-0.94171971823554057,-0.94171971823554057)
 (0.31390657274518019,0.31390657274518019)
 (-0.31390657274518019,-0.94171971823554057)
 (-0.94171971823554057,0.94171971823554057)
