# Created by Octave 8.4.0, Thu Dec 11 09:16:05 2025 IST <gamana@Samsung>
# name: iq
# type: complex matrix
# rows: 2048
# columns: 1
 (-0.9368640700305918,-0.31228802334353062)
 (0.9368640700305918,0.31228802334353062)
 (-0.9368640700305918,0.9368640700305918)
 (0.31228802334353062,-0.31228802334353062)
 (-0.31228802334353062,-0.31228802334353062)
 (0.31228802334353062,0.9368640700305918)
 (-0.31228802334353062,0.9368640700305918)
 (0.9368640700305918,-0.31228802334353062)
 (-0.31228802334353062,-0.9368640700305918)
 (0.31228802334353062,-0.31228802334353062)
 (0.31228802334353062,0.9368640700305918)
 (0.9368640700305918,0.31228802334353062)
 (0.9368640700305918,-0.31228802334353062)
 (-0.9368640700305918,0.9368640700305918)
 (-0.31228802334353062,0.9368640700305918)
 (-0.31228802334353062,0.9368640700305918)
 (0.9368640700305918,-0.9368640700305918)
 (0.31228802334353062,-0.9368640700305918)
 (0.31228802334353062,-0.9368640700305918)
 (0.31228802334353062,0.31228802334353062)
 (-0.31228802334353062,0.9368640700305918)
 (0.9368640700305918,0.9368640700305918)
 (0.31228802334353062,-0.9368640700305918)
 (-0.31228802334353062,0.31228802334353062)
 (-0.31228802334353062,-0.31228802334353062)
 (0.31228802334353062,0.31228802334353062)
 (0.9368640700305918,-0.31228802334353062)
 (0.9368640700305918,-0.31228802334353062)
 (-0.9368640700305918,-0.9368640700305918)
 (-0.9368640700305918,0.31228802334353062)
 (-0.9368640700305918,0.31228802334353062)
 (-0.31228802334353062,0.9368640700305918)
 (0.9368640700305918,-0.9368640700305918)
 (0.9368640700305918,-0.9368640700305918)
 (-0.31228802334353062,0.31228802334353062)
 (-0.31228802334353062,0.31228802334353062)
 (-0.9368640700305918,-0.9368640700305918)
 (0.31228802334353062,0.9368640700305918)
 (-0.9368640700305918,-0.31228802334353062)
 (-0.9368640700305918,0.31228802334353062)
 (-0.31228802334353062,-0.9368640700305918)
 (-0.31228802334353062,-0.9368640700305918)
 (-0.9368640700305918,-0.9368640700305918)
 (0.9368640700305918,-0.9368640700305918)
 (-0.31228802334353062,-0.31228802334353062)
 (-0.9368640700305918,0.9368640700305918)
 (0.9368640700305918,-0.31228802334353062)
 (-0.31228802334353062,-0.31228802334353062)
 (0.9368640700305918,-0.31228802334353062)
 (0.9368640700305918,-0.9368640700305918)
 (-0.9368640700305918,0.31228802334353062)
 (0.9368640700305918,0.9368640700305918)
 (0.31228802334353062,0.9368640700305918)
 (-0.9368640700305918,-0.9368640700305918)
 (0.9368640700305918,-0.9368640700305918)
 (-0.31228802334353062,-0.9368640700305918)
 (0.9368640700305918,0.9368640700305918)
 (-0.9368640700305918,-0.9368640700305918)
 (-0.31228802334353062,-0.9368640700305918)
 (0.31228802334353062,0.31228802334353062)
 (0.9368640700305918,-0.31228802334353062)
 (0.31228802334353062,-0.9368640700305918)
 (-0.31228802334353062,-0.9368640700305918)
 (0.31228802334353062,0.9368640700305918)
 (0.9368640700305918,-0.9368640700305918)
 (-0.31228802334353062,0.9368640700305918)
 (-0.9368640700305918,-0.9368640700305918)
 (0.31228802334353062,-0.31228802334353062)
 (-0.9368640700305918,-0.31228802334353062)
 (-0.31228802334353062,0.31228802334353062)
 (-0.9368640700305918,-0.31228802334353062)
 (0.9368640700305918,-0.31228802334353062)
 (-0.9368640700305918,0.9368640700305918)
 (0.9368640700305918,0.31228802334353062)
 (0.9368640700305918,0.9368640700305918)
 (0.9368640700305918,0.31228802334353062)
 (0.9368640700305918,0.9368640700305918)
 (0.31228802334353062,0.9368640700305918)
 (-0.9368640700305918,0.31228802334353062)
 (-0.31228802334353062,0.31228802334353062)
 (0.31228802334353062,0.31228802334353062)
 (-0.9368640700305918,0.31228802334353062)
 (0.31228802334353062,-0.31228802334353062)
 (0.9368640700305918,0.31228802334353062)
 (0.9368640700305918,0.9368640700305918)
 (0.9368640700305918,0.31228802334353062)
 (0.31228802334353062,0.9368640700305918)
 (-0.31228802334353062,0.9368640700305918)
 (-0.31228802334353062,0.31228802334353062)
 (-0.9368640700305918,-0.9368640700305918)
 (-0.9368640700305918,0.31228802334353062)
 (0.31228802334353062,-0.9368640700305918)
 (0.9368640700305918,-0.31228802334353062)
 (-0.31228802334353062,-0.31228802334353062)
 (0.9368640700305918,-0.9368640700305918)
 (0.31228802334353062,0.9368640700305918)
 (-0.9368640700305918,-0.31228802334353062)
 (-0.9368640700305918,-0.31228802334353062)
 (0.31228802334353062,-0.9368640700305918)
 (0.9368640700305918,0.31228802334353062)
 (-0.9368640700305918,0.9368640700305918)
 (0.31228802334353062,-0.31228802334353062)
 (-0.9368640700305918,-0.9368640700305918)
 (-0.9368640700305918,0.31228802334353062)
 (-0.9368640700305918,-0.31228802334353062)
 (0.31228802334353062,0.9368640700305918)
 (-0.9368640700305918,-0.9368640700305918)
 (-0.31228802334353062,-0.9368640700305918)
 (-0.9368640700305918,0.9368640700305918)
 (0.9368640700305918,0.31228802334353062)
 (-0.9368640700305918,-0.9368640700305918)
 (-0.31228802334353062,-0.31228802334353062)
 (0.31228802334353062,0.31228802334353062)
 (-0.9368640700305918,0.31228802334353062)
 (-0.9368640700305918,-0.9368640700305918)
 (-0.9368640700305918,-0.9368640700305918)
 (-0.31228802334353062,0.31228802334353062)
 (-0.9368640700305918,-0.31228802334353062)
 (-0.9368640700305918,0.31228802334353062)
 (-0.9368640700305918,0.9368640700305918)
 (-0.31228802334353062,-0.31228802334353062)
 (0.31228802334353062,0.9368640700305918)
 (0.31228802334353062,0.31228802334353062)
 (-0.9368640700305918,0.9368640700305918)
 (-0.31228802334353062,0.31228802334353062)
 (-0.9368640700305918,0.31228802334353062)
 (0.9368640700305918,-0.31228802334353062)
 (-0.9368640700305918,0.31228802334353062)
 (-0.9368640700305918,-0.9368640700305918)
 (-0.9368640700305918,0.9368640700305918)
 (0.9368640700305918,-0.9368640700305918)
 (-0.9368640700305918,-0.9368640700305918)
 (0.9368640700305918,-0.31228802334353062)
 (-0.31228802334353062,-0.31228802334353062)
 (-0.9368640700305918,0.9368640700305918)
 (0.9368640700305918,-0.31228802334353062)
 (0.9368640700305918,-0.9368640700305918)
 (-0.9368640700305918,-0.31228802334353062)
 (0.9368640700305918,-0.9368640700305918)
 (0.9368640700305918,0.9368640700305918)
 (0.9368640700305918,0.31228802334353062)
 (0.31228802334353062,-0.31228802334353062)
 (0.9368640700305918,-0.31228802334353062)
 (-0.31228802334353062,0.31228802334353062)
 (-0.31228802334353062,0.31228802334353062)
 (0.9368640700305918,0.9368640700305918)
 (0.31228802334353062,0.9368640700305918)
 (0.9368640700305918,-0.9368640700305918)
 (0.9368640700305918,0.31228802334353062)
 (0.9368640700305918,-0.9368640700305918)
 (-0.9368640700305918,0.31228802334353062)
 (-0.31228802334353062,0.9368640700305918)
 (0.9368640700305918,-0.9368640700305918)
 (0.9368640700305918,-0.31228802334353062)
 (0.31228802334353062,-0.31228802334353062)
 (0.31228802334353062,0.9368640700305918)
 (-0.9368640700305918,-0.31228802334353062)
 (-0.31228802334353062,0.9368640700305918)
 (-0.31228802334353062,-0.9368640700305918)
 (0.9368640700305918,0.31228802334353062)
 (-0.9368640700305918,0.9368640700305918)
 (0.9368640700305918,0.31228802334353062)
 (-0.9368640700305918,-0.31228802334353062)
 (0.31228802334353062,0.31228802334353062)
 (0.9368640700305918,-0.9368640700305918)
 (-0.9368640700305918,-0.31228802334353062)
 (-0.31228802334353062,0.9368640700305918)
 (0.31228802334353062,-0.9368640700305918)
 (0.31228802334353062,-0.9368640700305918)
 (-0.9368640700305918,0.31228802334353062)
 (0.9368640700305918,0.31228802334353062)
 (-0.9368640700305918,-0.31228802334353062)
 (0.31228802334353062,0.9368640700305918)
 (0.9368640700305918,-0.9368640700305918)
 (-0.9368640700305918,0.9368640700305918)
 (0.9368640700305918,0.9368640700305918)
 (-0.9368640700305918,0.9368640700305918)
 (0.9368640700305918,0.31228802334353062)
 (-0.31228802334353062,0.9368640700305918)
 (-0.31228802334353062,-0.31228802334353062)
 (0.9368640700305918,0.9368640700305918)
 (-0.9368640700305918,0.9368640700305918)
 (-0.9368640700305918,0.9368640700305918)
