# Created by Octave 8.4.0, Thu Dec 11 09:16:05 2025 IST <gamana@Samsung>
# name: iq
# type: complex matrix
# rows: 2048
# columns: 1
 (0.32000000000000001,-0.95999999999999996)
 (0.32000000000000001,0.32000000000000001)
 (-0.32000000000000001,0.32000000000000001)
 (0.95999999999999996,-0.32000000000000001)
 (-0.95999999999999996,0.32000000000000001)
 (-0.95999999999999996,-0.95999999999999996)
 (0.32000000000000001,0.95999999999999996)
 (0.32000000000000001,0.32000000000000001)
 (-0.32000000000000001,-0.32000000000000001)
 (0.95999999999999996,0.32000000000000001)
 (0.32000000000000001,0.32000000000000001)
 (0.32000000000000001,-0.95999999999999996)
 (0.32000000000000001,0.32000000000000001)
 (0.32000000000000001,0.32000000000000001)
 (-0.95999999999999996,-0.95999999999999996)
 (-0.95999999999999996,-0.95999999999999996)
 (-0.32000000000000001,-0.32000000000000001)
 (-0.95999999999999996,0.95999999999999996)
 (-0.95999999999999996,-0.32000000000000001)
 (-0.32000000000000001,-0.32000000000000001)
 (-0.95999999999999996,0.95999999999999996)
 (0.32000000000000001,-0.95999999999999996)
 (0.32000000000000001,0.32000000000000001)
 (0.95999999999999996,-0.32000000000000001)
 (-0.95999999999999996,-0.32000000000000001)
 (-0.95999999999999996,-0.32000000000000001)
 (-0.32000000000000001,-0.32000000000000001)
 (0.32000000000000001,0.95999999999999996)
 (-0.32000000000000001,0.32000000000000001)
 (-0.95999999999999996,0.95999999999999996)
 (0.32000000000000001,0.32000000000000001)
 (-0.95999999999999996,0.95999999999999996)
 (0.32000000000000001,0.32000000000000001)
 (-0.95999999999999996,-0.95999999999999996)
 (-0.32000000000000001,0.32000000000000001)
 (0.95999999999999996,-0.95999999999999996)
 (-0.32000000000000001,-0.32000000000000001)
 (-0.95999999999999996,-0.95999999999999996)
 (-0.95999999999999996,0.95999999999999996)
 (-0.95999999999999996,-0.95999999999999996)
 (0.32000000000000001,-0.95999999999999996)
 (-0.32000000000000001,-0.32000000000000001)
 (0.95999999999999996,-0.32000000000000001)
 (0.32000000000000001,-0.32000000000000001)
 (0.95999999999999996,-0.32000000000000001)
 (0.32000000000000001,-0.95999999999999996)
 (-0.95999999999999996,0.95999999999999996)
 (0.95999999999999996,-0.32000000000000001)
 (0.95999999999999996,0.32000000000000001)
 (0.32000000000000001,0.95999999999999996)
 (0.32000000000000001,0.95999999999999996)
 (-0.95999999999999996,0.95999999999999996)
 (0.95999999999999996,0.32000000000000001)
 (-0.95999999999999996,-0.32000000000000001)
 (0.95999999999999996,0.32000000000000001)
 (0.95999999999999996,-0.95999999999999996)
 (0.95999999999999996,-0.32000000000000001)
 (0.95999999999999996,0.32000000000000001)
 (-0.32000000000000001,0.95999999999999996)
 (-0.95999999999999996,0.95999999999999996)
 (-0.95999999999999996,0.95999999999999996)
 (0.32000000000000001,-0.95999999999999996)
 (0.95999999999999996,0.95999999999999996)
 (0.95999999999999996,0.95999999999999996)
 (-0.32000000000000001,-0.32000000000000001)
 (0.32000000000000001,-0.95999999999999996)
 (0.95999999999999996,0.95999999999999996)
 (0.95999999999999996,-0.95999999999999996)
 (-0.32000000000000001,-0.32000000000000001)
 (-0.32000000000000001,0.32000000000000001)
 (-0.32000000000000001,-0.95999999999999996)
 (-0.32000000000000001,-0.32000000000000001)
 (0.95999999999999996,0.32000000000000001)
 (0.32000000000000001,0.95999999999999996)
 (0.95999999999999996,-0.95999999999999996)
 (0.32000000000000001,0.32000000000000001)
 (0.95999999999999996,-0.32000000000000001)
 (0.95999999999999996,-0.95999999999999996)
 (0.95999999999999996,-0.95999999999999996)
 (0.32000000000000001,0.95999999999999996)
 (-0.32000000000000001,-0.95999999999999996)
 (0.32000000000000001,0.95999999999999996)
 (-0.95999999999999996,-0.32000000000000001)
 (0.95999999999999996,0.95999999999999996)
 (0.32000000000000001,0.95999999999999996)
 (-0.95999999999999996,0.95999999999999996)
 (0.95999999999999996,0.32000000000000001)
 (0.95999999999999996,-0.95999999999999996)
 (-0.32000000000000001,0.32000000000000001)
 (-0.95999999999999996,-0.32000000000000001)
 (0.32000000000000001,0.32000000000000001)
 (0.95999999999999996,0.95999999999999996)
 (-0.32000000000000001,0.32000000000000001)
 (0.32000000000000001,0.95999999999999996)
 (-0.95999999999999996,-0.95999999999999996)
 (0.95999999999999996,-0.32000000000000001)
 (0.32000000000000001,0.32000000000000001)
 (0.32000000000000001,0.95999999999999996)
 (0.32000000000000001,0.32000000000000001)
 (-0.32000000000000001,0.95999999999999996)
 (0.95999999999999996,0.32000000000000001)
 (0.95999999999999996,0.32000000000000001)
 (-0.32000000000000001,-0.95999999999999996)
 (-0.95999999999999996,0.32000000000000001)
 (-0.95999999999999996,0.32000000000000001)
 (0.32000000000000001,-0.95999999999999996)
 (0.32000000000000001,-0.95999999999999996)
 (-0.95999999999999996,-0.95999999999999996)
 (0.95999999999999996,0.95999999999999996)
 (0.32000000000000001,0.95999999999999996)
 (-0.32000000000000001,0.32000000000000001)
 (0.32000000000000001,-0.95999999999999996)
 (0.32000000000000001,0.95999999999999996)
 (-0.32000000000000001,-0.32000000000000001)
 (-0.32000000000000001,-0.95999999999999996)
 (0.95999999999999996,0.32000000000000001)
 (0.32000000000000001,0.32000000000000001)
 (0.32000000000000001,0.32000000000000001)
 (-0.32000000000000001,0.32000000000000001)
 (-0.95999999999999996,0.95999999999999996)
 (-0.32000000000000001,0.32000000000000001)
 (-0.32000000000000001,0.95999999999999996)
 (0.95999999999999996,-0.32000000000000001)
 (0.32000000000000001,-0.95999999999999996)
 (0.32000000000000001,-0.32000000000000001)
 (-0.32000000000000001,0.32000000000000001)
 (-0.95999999999999996,0.32000000000000001)
 (0.95999999999999996,0.32000000000000001)
 (0.95999999999999996,-0.32000000000000001)
 (0.32000000000000001,0.95999999999999996)
 (0.32000000000000001,0.32000000000000001)
 (0.32000000000000001,0.32000000000000001)
 (0.95999999999999996,-0.32000000000000001)
 (-0.32000000000000001,-0.95999999999999996)
 (0.32000000000000001,-0.32000000000000001)
 (-0.95999999999999996,0.95999999999999996)
 (0.32000000000000001,0.95999999999999996)
 (0.95999999999999996,0.95999999999999996)
 (-0.95999999999999996,-0.32000000000000001)
 (0.32000000000000001,-0.32000000000000001)
 (-0.32000000000000001,0.32000000000000001)
 (0.32000000000000001,-0.95999999999999996)
 (-0.95999999999999996,0.32000000000000001)
 (0.32000000000000001,-0.32000000000000001)
 (0.95999999999999996,0.95999999999999996)
 (0.95999999999999996,-0.32000000000000001)
 (-0.32000000000000001,0.95999999999999996)
 (-0.95999999999999996,0.95999999999999996)
 (0.95999999999999996,-0.32000000000000001)
 (-0.95999999999999996,-0.32000000000000001)
 (-0.32000000000000001,0.32000000000000001)
 (-0.95999999999999996,0.32000000000000001)
 (0.95999999999999996,-0.95999999999999996)
 (0.95999999999999996,0.95999999999999996)
 (-0.95999999999999996,0.32000000000000001)
 (-0.32000000000000001,0.95999999999999996)
 (-0.32000000000000001,0.95999999999999996)
 (-0.95999999999999996,-0.95999999999999996)
 (-0.32000000000000001,-0.32000000000000001)
 (0.32000000000000001,0.95999999999999996)
 (0.95999999999999996,0.32000000000000001)
 (-0.95999999999999996,0.95999999999999996)
 (-0.95999999999999996,-0.32000000000000001)
 (0.95999999999999996,-0.32000000000000001)
 (0.95999999999999996,-0.95999999999999996)
 (-0.32000000000000001,-0.32000000000000001)
 (-0.32000000000000001,0.95999999999999996)
 (0.32000000000000001,-0.95999999999999996)
 (-0.95999999999999996,0.32000000000000001)
 (-0.32000000000000001,-0.95999999999999996)
 (0.95999999999999996,-0.95999999999999996)
 (0.95999999999999996,0.32000000000000001)
 (0.32000000000000001,0.32000000000000001)
 (0.32000000000000001,0.95999999999999996)
 (-0.32000000000000001,-0.95999999999999996)
 (0.95999999999999996,-0.95999999999999996)
 (0.32000000000000001,0.32000000000000001)
 (0.32000000000000001,0.95999999999999996)
 (0.95999999999999996,-0.95999999999999996)
