# Created by Octave 8.4.0, Thu Dec 11 09:16:05 2025 IST <gamana@Samsung>
# name: iq
# type: complex matrix
# rows: 2048
# columns: 1
 (-0.95751369240863593,-0.31917123080287862)
 (-0.95751369240863593,0.95751369240863593)
 (0.95751369240863593,0.31917123080287862)
 (-0.31917123080287862,0.31917123080287862)
 (-0.31917123080287862,-0.31917123080287862)
 (0.31917123080287862,-0.31917123080287862)
 (0.95751369240863593,-0.95751369240863593)
 (0.31917123080287862,-0.95751369240863593)
 (0.31917123080287862,0.31917123080287862)
 (0.31917123080287862,0.31917123080287862)
 (-0.95751369240863593,0.95751369240863593)
 (-0.31917123080287862,0.95751369240863593)
 (-0.95751369240863593,0.95751369240863593)
 (-0.31917123080287862,0.31917123080287862)
 (-0.95751369240863593,-0.95751369240863593)
 (0.31917123080287862,-0.95751369240863593)
 (0.95751369240863593,-0.95751369240863593)
 (0.31917123080287862,0.95751369240863593)
 (0.95751369240863593,-0.31917123080287862)
 (-0.31917123080287862,0.95751369240863593)
 (0.31917123080287862,-0.31917123080287862)
 (0.95751369240863593,-0.95751369240863593)
 (0.95751369240863593,0.95751369240863593)
 (-0.31917123080287862,-0.95751369240863593)
 (0.95751369240863593,0.31917123080287862)
 (0.95751369240863593,0.31917123080287862)
 (-0.31917123080287862,0.31917123080287862)
 (-0.31917123080287862,-0.31917123080287862)
 (0.95751369240863593,-0.95751369240863593)
 (0.95751369240863593,0.31917123080287862)
 (0.31917123080287862,-0.31917123080287862)
 (0.31917123080287862,0.95751369240863593)
 (-0.31917123080287862,0.95751369240863593)
 (0.31917123080287862,-0.31917123080287862)
 (0.95751369240863593,-0.31917123080287862)
 (-0.95751369240863593,-0.31917123080287862)
 (0.95751369240863593,-0.95751369240863593)
 (0.31917123080287862,-0.31917123080287862)
 (-0.31917123080287862,0.95751369240863593)
 (0.95751369240863593,0.95751369240863593)
 (-0.95751369240863593,-0.95751369240863593)
 (-0.31917123080287862,-0.95751369240863593)
 (0.31917123080287862,-0.31917123080287862)
 (0.31917123080287862,-0.31917123080287862)
 (-0.31917123080287862,0.95751369240863593)
 (-0.31917123080287862,0.95751369240863593)
 (-0.95751369240863593,0.31917123080287862)
 (-0.95751369240863593,-0.95751369240863593)
 (-0.31917123080287862,0.95751369240863593)
 (0.31917123080287862,-0.31917123080287862)
 (0.95751369240863593,-0.31917123080287862)
 (-0.95751369240863593,0.31917123080287862)
 (0.95751369240863593,-0.31917123080287862)
 (0.95751369240863593,0.95751369240863593)
 (-0.95751369240863593,-0.95751369240863593)
 (-0.31917123080287862,0.31917123080287862)
 (0.31917123080287862,-0.95751369240863593)
 (0.95751369240863593,0.31917123080287862)
 (0.31917123080287862,-0.31917123080287862)
 (0.31917123080287862,0.31917123080287862)
 (-0.95751369240863593,0.95751369240863593)
 (-0.31917123080287862,0.31917123080287862)
 (0.95751369240863593,-0.95751369240863593)
 (0.31917123080287862,-0.95751369240863593)
 (-0.31917123080287862,-0.95751369240863593)
 (0.31917123080287862,0.31917123080287862)
 (0.31917123080287862,-0.95751369240863593)
 (0.31917123080287862,0.95751369240863593)
 (0.31917123080287862,-0.31917123080287862)
 (0.31917123080287862,-0.31917123080287862)
 (-0.31917123080287862,0.95751369240863593)
 (-0.31917123080287862,-0.95751369240863593)
 (0.31917123080287862,-0.95751369240863593)
 (0.31917123080287862,0.31917123080287862)
 (-0.31917123080287862,-0.31917123080287862)
 (0.31917123080287862,-0.95751369240863593)
 (0.95751369240863593,-0.95751369240863593)
 (0.95751369240863593,-0.95751369240863593)
 (-0.95751369240863593,-0.95751369240863593)
 (0.95751369240863593,0.95751369240863593)
 (-0.31917123080287862,-0.95751369240863593)
 (-0.31917123080287862,0.31917123080287862)
 (-0.95751369240863593,0.31917123080287862)
 (0.31917123080287862,0.95751369240863593)
 (-0.31917123080287862,-0.95751369240863593)
 (-0.31917123080287862,0.95751369240863593)
 (-0.95751369240863593,0.31917123080287862)
 (-0.31917123080287862,0.31917123080287862)
 (0.31917123080287862,0.31917123080287862)
 (0.31917123080287862,0.95751369240863593)
 (0.31917123080287862,-0.95751369240863593)
 (-0.95751369240863593,-0.95751369240863593)
 (0.31917123080287862,-0.31917123080287862)
 (0.31917123080287862,0.31917123080287862)
 (0.95751369240863593,-0.31917123080287862)
 (0.31917123080287862,0.31917123080287862)
 (-0.95751369240863593,-0.31917123080287862)
 (0.31917123080287862,0.31917123080287862)
 (-0.95751369240863593,0.31917123080287862)
 (-0.95751369240863593,0.95751369240863593)
 (-0.95751369240863593,-0.31917123080287862)
 (0.31917123080287862,0.95751369240863593)
 (-0.31917123080287862,-0.95751369240863593)
 (-0.31917123080287862,0.95751369240863593)
 (0.31917123080287862,0.31917123080287862)
 (0.95751369240863593,0.31917123080287862)
 (-0.31917123080287862,0.95751369240863593)
 (-0.95751369240863593,-0.95751369240863593)
 (-0.31917123080287862,0.95751369240863593)
 (0.95751369240863593,0.95751369240863593)
 (-0.31917123080287862,0.95751369240863593)
 (0.31917123080287862,0.31917123080287862)
 (-0.31917123080287862,-0.31917123080287862)
 (-0.95751369240863593,0.31917123080287862)
 (-0.95751369240863593,-0.95751369240863593)
 (-0.95751369240863593,0.95751369240863593)
 (-0.95751369240863593,0.95751369240863593)
 (-0.31917123080287862,-0.31917123080287862)
 (0.95751369240863593,0.95751369240863593)
 (0.95751369240863593,0.31917123080287862)
 (0.95751369240863593,-0.31917123080287862)
 (0.95751369240863593,0.95751369240863593)
 (0.95751369240863593,0.31917123080287862)
 (0.95751369240863593,0.31917123080287862)
 (-0.31917123080287862,-0.95751369240863593)
 (-0.31917123080287862,0.95751369240863593)
 (-0.95751369240863593,-0.95751369240863593)
 (0.95751369240863593,0.95751369240863593)
 (0.95751369240863593,-0.31917123080287862)
 (0.31917123080287862,-0.95751369240863593)
 (0.95751369240863593,0.95751369240863593)
 (0.95751369240863593,0.95751369240863593)
 (0.31917123080287862,0.31917123080287862)
 (0.95751369240863593,-0.95751369240863593)
 (-0.31917123080287862,0.31917123080287862)
 (0.31917123080287862,-0.95751369240863593)
 (0.31917123080287862,0.31917123080287862)
 (0.31917123080287862,0.31917123080287862)
 (0.95751369240863593,-0.31917123080287862)
 (-0.95751369240863593,0.95751369240863593)
 (-0.31917123080287862,-0.95751369240863593)
 (-0.95751369240863593,-0.95751369240863593)
 (0.95751369240863593,0.31917123080287862)
 (0.95751369240863593,0.31917123080287862)
 (-0.31917123080287862,0.95751369240863593)
 (0.95751369240863593,0.31917123080287862)
 (-0.31917123080287862,0.31917123080287862)
 (-0.95751369240863593,-0.31917123080287862)
 (-0.31917123080287862,0.95751369240863593)
 (0.95751369240863593,0.31917123080287862)
 (-0.95751369240863593,0.95751369240863593)
 (0.31917123080287862,-0.31917123080287862)
 (-0.31917123080287862,-0.95751369240863593)
 (0.95751369240863593,-0.95751369240863593)
 (-0.95751369240863593,0.95751369240863593)
 (-0.95751369240863593,-0.95751369240863593)
 (-0.95751369240863593,0.95751369240863593)
 (-0.31917123080287862,0.95751369240863593)
 (-0.95751369240863593,0.95751369240863593)
 (0.31917123080287862,-0.95751369240863593)
 (0.31917123080287862,-0.95751369240863593)
 (0.95751369240863593,0.95751369240863593)
 (0.95751369240863593,0.31917123080287862)
 (0.31917123080287862,-0.31917123080287862)
 (0.31917123080287862,-0.31917123080287862)
 (-0.31917123080287862,0.95751369240863593)
 (-0.95751369240863593,-0.95751369240863593)
 (0.95751369240863593,0.95751369240863593)
 (-0.95751369240863593,0.95751369240863593)
 (0.31917123080287862,-0.31917123080287862)
 (0.31917123080287862,-0.31917123080287862)
 (0.95751369240863593,-0.31917123080287862)
 (-0.95751369240863593,0.95751369240863593)
 (0.95751369240863593,0.95751369240863593)
 (-0.31917123080287862,0.95751369240863593)
 (-0.95751369240863593,-0.31917123080287862)
 (-0.95751369240863593,-0.95751369240863593)
 (0.31917123080287862,0.95751369240863593)
 (-0.31917123080287862,-0.95751369240863593)
