# Created by Octave 8.4.0, Thu Dec 11 09:16:05 2025 IST <gamana@Samsung>
# name: iq
# type: complex matrix
# rows: 2048
# columns: 1
 (0.3145124535883006,-0.9435373607649018)
 (-0.9435373607649018,0.3145124535883006)
 (0.3145124535883006,-0.3145124535883006)
 (-0.3145124535883006,-0.9435373607649018)
 (0.3145124535883006,-0.9435373607649018)
 (-0.9435373607649018,0.3145124535883006)
 (0.9435373607649018,-0.3145124535883006)
 (-0.9435373607649018,-0.9435373607649018)
 (-0.9435373607649018,-0.3145124535883006)
 (-0.9435373607649018,0.9435373607649018)
 (-0.3145124535883006,-0.9435373607649018)
 (0.9435373607649018,0.9435373607649018)
 (-0.9435373607649018,-0.3145124535883006)
 (-0.3145124535883006,-0.3145124535883006)
 (0.9435373607649018,-0.9435373607649018)
 (0.3145124535883006,-0.3145124535883006)
 (-0.3145124535883006,0.9435373607649018)
 (-0.9435373607649018,-0.3145124535883006)
 (0.3145124535883006,0.9435373607649018)
 (-0.3145124535883006,-0.3145124535883006)
 (0.9435373607649018,0.3145124535883006)
 (-0.3145124535883006,0.3145124535883006)
 (0.3145124535883006,-0.9435373607649018)
 (0.9435373607649018,-0.9435373607649018)
 (0.9435373607649018,-0.3145124535883006)
 (0.3145124535883006,-0.9435373607649018)
 (-0.3145124535883006,0.9435373607649018)
 (-0.3145124535883006,0.9435373607649018)
 (-0.9435373607649018,-0.3145124535883006)
 (0.9435373607649018,-0.3145124535883006)
 (0.9435373607649018,0.3145124535883006)
 (0.9435373607649018,0.9435373607649018)
 (-0.9435373607649018,0.9435373607649018)
 (-0.9435373607649018,0.9435373607649018)
 (-0.9435373607649018,-0.3145124535883006)
 (0.9435373607649018,-0.9435373607649018)
 (0.3145124535883006,-0.3145124535883006)
 (0.3145124535883006,0.9435373607649018)
 (0.3145124535883006,-0.3145124535883006)
 (-0.9435373607649018,0.3145124535883006)
 (-0.9435373607649018,0.9435373607649018)
 (0.9435373607649018,-0.3145124535883006)
 (0.9435373607649018,-0.9435373607649018)
 (-0.9435373607649018,-0.3145124535883006)
 (0.9435373607649018,-0.9435373607649018)
 (-0.9435373607649018,0.3145124535883006)
 (-0.9435373607649018,0.3145124535883006)
 (0.9435373607649018,-0.3145124535883006)
 (0.3145124535883006,0.3145124535883006)
 (-0.9435373607649018,-0.9435373607649018)
 (0.9435373607649018,0.9435373607649018)
 (-0.9435373607649018,-0.9435373607649018)
 (-0.3145124535883006,0.9435373607649018)
 (0.9435373607649018,-0.9435373607649018)
 (0.3145124535883006,-0.9435373607649018)
 (0.3145124535883006,0.3145124535883006)
 (0.3145124535883006,-0.3145124535883006)
 (-0.3145124535883006,-0.3145124535883006)
 (-0.9435373607649018,-0.3145124535883006)
 (0.9435373607649018,-0.9435373607649018)
 (0.3145124535883006,0.3145124535883006)
 (-0.3145124535883006,0.3145124535883006)
 (-0.3145124535883006,0.9435373607649018)
 (0.9435373607649018,-0.9435373607649018)
 (-0.9435373607649018,0.3145124535883006)
 (-0.3145124535883006,0.9435373607649018)
 (-0.3145124535883006,0.3145124535883006)
 (0.3145124535883006,0.3145124535883006)
 (0.3145124535883006,-0.3145124535883006)
 (-0.9435373607649018,0.3145124535883006)
 (0.3145124535883006,-0.3145124535883006)
 (0.9435373607649018,-0.9435373607649018)
 (-0.3145124535883006,-0.9435373607649018)
 (0.3145124535883006,-0.9435373607649018)
 (0.3145124535883006,-0.3145124535883006)
 (-0.9435373607649018,-0.3145124535883006)
 (0.3145124535883006,0.3145124535883006)
 (-0.9435373607649018,0.3145124535883006)
 (0.9435373607649018,0.3145124535883006)
 (0.3145124535883006,0.9435373607649018)
 (-0.9435373607649018,-0.9435373607649018)
 (-0.9435373607649018,-0.3145124535883006)
 (-0.3145124535883006,0.9435373607649018)
 (0.9435373607649018,0.9435373607649018)
 (-0.3145124535883006,0.3145124535883006)
 (-0.3145124535883006,-0.3145124535883006)
 (0.3145124535883006,0.9435373607649018)
 (-0.9435373607649018,0.9435373607649018)
 (0.9435373607649018,-0.9435373607649018)
 (-0.9435373607649018,-0.3145124535883006)
 (0.9435373607649018,-0.3145124535883006)
 (0.3145124535883006,-0.3145124535883006)
 (0.3145124535883006,0.3145124535883006)
 (0.9435373607649018,0.3145124535883006)
 (0.3145124535883006,-0.3145124535883006)
 (0.3145124535883006,-0.9435373607649018)
 (-0.3145124535883006,-0.9435373607649018)
 (0.9435373607649018,-0.3145124535883006)
 (-0.9435373607649018,-0.9435373607649018)
 (0.9435373607649018,0.3145124535883006)
 (0.9435373607649018,-0.3145124535883006)
 (0.9435373607649018,-0.3145124535883006)
 (0.9435373607649018,0.3145124535883006)
 (-0.3145124535883006,-0.3145124535883006)
 (0.9435373607649018,0.9435373607649018)
 (0.3145124535883006,0.9435373607649018)
 (0.3145124535883006,0.9435373607649018)
 (-0.9435373607649018,-0.9435373607649018)
 (-0.3145124535883006,0.9435373607649018)
 (-0.3145124535883006,0.3145124535883006)
 (0.9435373607649018,-0.9435373607649018)
 (-0.9435373607649018,-0.3145124535883006)
 (0.9435373607649018,-0.9435373607649018)
 (0.9435373607649018,-0.9435373607649018)
 (-0.3145124535883006,0.9435373607649018)
 (0.9435373607649018,-0.3145124535883006)
 (-0.9435373607649018,0.9435373607649018)
 (-0.9435373607649018,0.9435373607649018)
 (0.9435373607649018,0.3145124535883006)
 (-0.3145124535883006,0.9435373607649018)
 (-0.9435373607649018,-0.3145124535883006)
 (-0.3145124535883006,-0.9435373607649018)
 (0.9435373607649018,-0.3145124535883006)
 (0.3145124535883006,0.3145124535883006)
 (0.3145124535883006,0.9435373607649018)
 (-0.3145124535883006,-0.9435373607649018)
 (0.9435373607649018,0.9435373607649018)
 (0.3145124535883006,-0.3145124535883006)
 (-0.3145124535883006,0.9435373607649018)
 (0.9435373607649018,-0.3145124535883006)
 (0.9435373607649018,0.9435373607649018)
 (-0.9435373607649018,-0.9435373607649018)
 (0.9435373607649018,0.9435373607649018)
 (-0.3145124535883006,0.3145124535883006)
 (-0.3145124535883006,-0.9435373607649018)
 (-0.3145124535883006,-0.9435373607649018)
 (0.9435373607649018,-0.3145124535883006)
 (-0.3145124535883006,0.9435373607649018)
 (-0.3145124535883006,-0.3145124535883006)
 (-0.9435373607649018,-0.9435373607649018)
 (0.3145124535883006,0.3145124535883006)
 (-0.9435373607649018,0.9435373607649018)
 (0.9435373607649018,-0.3145124535883006)
 (0.3145124535883006,0.3145124535883006)
 (-0.9435373607649018,0.3145124535883006)
 (0.3145124535883006,-0.3145124535883006)
 (-0.9435373607649018,0.9435373607649018)
 (-0.3145124535883006,0.9435373607649018)
 (-0.3145124535883006,-0.9435373607649018)
 (-0.3145124535883006,0.9435373607649018)
 (-0.9435373607649018,0.3145124535883006)
 (-0.3145124535883006,-0.3145124535883006)
 (-0.9435373607649018,-0.9435373607649018)
 (-0.3145124535883006,-0.9435373607649018)
 (-0.9435373607649018,-0.9435373607649018)
 (-0.3145124535883006,-0.3145124535883006)
 (-0.9435373607649018,-0.3145124535883006)
 (0.9435373607649018,0.9435373607649018)
 (0.9435373607649018,-0.9435373607649018)
 (0.3145124535883006,0.3145124535883006)
 (0.3145124535883006,0.3145124535883006)
 (-0.3145124535883006,-0.3145124535883006)
 (-0.9435373607649018,-0.9435373607649018)
 (0.9435373607649018,0.9435373607649018)
 (-0.3145124535883006,-0.3145124535883006)
 (-0.9435373607649018,0.9435373607649018)
 (-0.3145124535883006,-0.3145124535883006)
 (0.9435373607649018,-0.3145124535883006)
 (0.3145124535883006,-0.9435373607649018)
 (-0.9435373607649018,0.9435373607649018)
 (-0.9435373607649018,0.9435373607649018)
 (0.3145124535883006,0.3145124535883006)
 (0.3145124535883006,0.3145124535883006)
 (-0.9435373607649018,0.9435373607649018)
 (0.3145124535883006,-0.3145124535883006)
 (-0.3145124535883006,-0.3145124535883006)
 (0.3145124535883006,-0.9435373607649018)
 (-0.3145124535883006,-0.9435373607649018)
 (-0.9435373607649018,-0.9435373607649018)
 (-0.3145124535883006,0.3145124535883006)
 (-0.3145124535883006,-0.9435373607649018)
 (-0.9435373607649018,0.3145124535883006)
 (-0.3145124535883006,-0.3145124535883006)
 (0.9435373607649018,-0.3145124535883006)
 (0.3145124535883006,0.9435373607649018)
 (0.9435373607649018,-0.9435373607649018)
 (0.3145124535883006,-0.9435373607649018)
