# Created by Octave 8.4.0, Thu Dec 11 09:16:05 2025 IST <gamana@Samsung>
# name: iq
# type: complex matrix
# rows: 2048
# columns: 1
 (0.32109358043143921,0.96328074129431751)
 (-0.32109358043143921,0.96328074129431751)
 (0.32109358043143921,0.32109358043143921)
 (0.32109358043143921,0.32109358043143921)
 (-0.96328074129431751,0.96328074129431751)
 (0.96328074129431751,0.96328074129431751)
 (0.32109358043143921,-0.32109358043143921)
 (-0.96328074129431751,-0.32109358043143921)
 (0.96328074129431751,-0.32109358043143921)
 (-0.32109358043143921,-0.96328074129431751)
 (-0.32109358043143921,0.96328074129431751)
 (-0.96328074129431751,0.32109358043143921)
 (-0.32109358043143921,-0.96328074129431751)
 (0.32109358043143921,-0.32109358043143921)
 (-0.96328074129431751,0.32109358043143921)
 (0.32109358043143921,0.32109358043143921)
 (-0.32109358043143921,-0.32109358043143921)
 (-0.32109358043143921,-0.32109358043143921)
 (0.96328074129431751,-0.32109358043143921)
 (0.96328074129431751,0.96328074129431751)
 (-0.32109358043143921,-0.96328074129431751)
 (-0.96328074129431751,-0.96328074129431751)
 (0.96328074129431751,0.96328074129431751)
 (0.96328074129431751,0.96328074129431751)
 (-0.32109358043143921,-0.32109358043143921)
 (-0.32109358043143921,0.96328074129431751)
 (0.96328074129431751,0.32109358043143921)
 (0.96328074129431751,-0.32109358043143921)
 (0.32109358043143921,0.32109358043143921)
 (0.32109358043143921,0.96328074129431751)
 (-0.96328074129431751,0.32109358043143921)
 (-0.32109358043143921,0.96328074129431751)
 (-0.32109358043143921,-0.96328074129431751)
 (-0.32109358043143921,0.32109358043143921)
 (-0.32109358043143921,0.96328074129431751)
 (0.96328074129431751,-0.32109358043143921)
 (0.32109358043143921,-0.32109358043143921)
 (0.32109358043143921,0.96328074129431751)
 (-0.96328074129431751,-0.96328074129431751)
 (-0.32109358043143921,-0.96328074129431751)
 (-0.32109358043143921,-0.96328074129431751)
 (0.32109358043143921,0.96328074129431751)
 (0.32109358043143921,0.32109358043143921)
 (0.96328074129431751,0.32109358043143921)
 (0.32109358043143921,-0.96328074129431751)
 (0.96328074129431751,0.96328074129431751)
 (-0.96328074129431751,0.96328074129431751)
 (-0.32109358043143921,0.32109358043143921)
 (-0.32109358043143921,-0.32109358043143921)
 (0.32109358043143921,0.96328074129431751)
 (-0.96328074129431751,-0.32109358043143921)
 (0.32109358043143921,0.32109358043143921)
 (-0.96328074129431751,0.32109358043143921)
 (-0.32109358043143921,0.96328074129431751)
 (-0.32109358043143921,0.32109358043143921)
 (-0.32109358043143921,-0.96328074129431751)
 (-0.96328074129431751,0.32109358043143921)
 (0.96328074129431751,0.96328074129431751)
 (-0.32109358043143921,-0.96328074129431751)
 (0.96328074129431751,-0.96328074129431751)
 (0.96328074129431751,0.32109358043143921)
 (-0.32109358043143921,-0.32109358043143921)
 (0.32109358043143921,0.32109358043143921)
 (0.96328074129431751,-0.32109358043143921)
 (-0.32109358043143921,-0.96328074129431751)
 (-0.32109358043143921,-0.96328074129431751)
 (0.32109358043143921,0.32109358043143921)
 (0.32109358043143921,-0.96328074129431751)
 (0.96328074129431751,-0.96328074129431751)
 (-0.96328074129431751,-0.32109358043143921)
 (-0.96328074129431751,-0.96328074129431751)
 (-0.32109358043143921,0.32109358043143921)
 (-0.32109358043143921,-0.96328074129431751)
 (-0.32109358043143921,0.32109358043143921)
 (-0.32109358043143921,0.96328074129431751)
 (0.96328074129431751,0.96328074129431751)
 (-0.32109358043143921,0.32109358043143921)
 (-0.32109358043143921,-0.96328074129431751)
 (-0.96328074129431751,-0.96328074129431751)
 (0.96328074129431751,-0.32109358043143921)
 (0.32109358043143921,0.32109358043143921)
 (0.96328074129431751,-0.32109358043143921)
 (0.32109358043143921,-0.96328074129431751)
 (0.32109358043143921,0.32109358043143921)
 (-0.96328074129431751,0.96328074129431751)
 (0.32109358043143921,0.32109358043143921)
 (0.32109358043143921,-0.32109358043143921)
 (0.96328074129431751,-0.32109358043143921)
 (0.32109358043143921,-0.32109358043143921)
 (0.96328074129431751,0.96328074129431751)
 (0.96328074129431751,-0.96328074129431751)
 (-0.32109358043143921,-0.32109358043143921)
 (0.32109358043143921,-0.96328074129431751)
 (0.32109358043143921,-0.96328074129431751)
 (0.32109358043143921,0.32109358043143921)
 (0.96328074129431751,-0.32109358043143921)
 (0.96328074129431751,-0.96328074129431751)
 (-0.96328074129431751,-0.96328074129431751)
 (-0.32109358043143921,0.32109358043143921)
 (0.32109358043143921,-0.32109358043143921)
 (0.32109358043143921,0.32109358043143921)
 (0.96328074129431751,-0.32109358043143921)
 (0.32109358043143921,-0.96328074129431751)
 (-0.32109358043143921,0.96328074129431751)
 (0.32109358043143921,-0.96328074129431751)
 (-0.96328074129431751,0.32109358043143921)
 (-0.32109358043143921,0.32109358043143921)
 (0.32109358043143921,0.96328074129431751)
 (0.32109358043143921,0.32109358043143921)
 (-0.96328074129431751,0.32109358043143921)
 (0.96328074129431751,0.96328074129431751)
 (-0.96328074129431751,0.32109358043143921)
 (-0.96328074129431751,-0.96328074129431751)
 (-0.32109358043143921,0.96328074129431751)
 (0.32109358043143921,0.32109358043143921)
 (0.32109358043143921,-0.32109358043143921)
 (-0.96328074129431751,-0.96328074129431751)
 (-0.32109358043143921,0.96328074129431751)
 (-0.32109358043143921,-0.96328074129431751)
 (0.32109358043143921,0.32109358043143921)
 (0.96328074129431751,-0.96328074129431751)
 (0.32109358043143921,0.32109358043143921)
 (-0.32109358043143921,0.96328074129431751)
 (-0.32109358043143921,0.96328074129431751)
 (-0.96328074129431751,0.96328074129431751)
 (0.96328074129431751,-0.32109358043143921)
 (0.32109358043143921,0.96328074129431751)
 (0.32109358043143921,-0.32109358043143921)
 (-0.32109358043143921,-0.32109358043143921)
 (0.32109358043143921,-0.96328074129431751)
 (-0.32109358043143921,0.96328074129431751)
 (-0.32109358043143921,0.96328074129431751)
 (-0.32109358043143921,-0.32109358043143921)
 (-0.32109358043143921,-0.32109358043143921)
 (-0.32109358043143921,-0.32109358043143921)
 (-0.96328074129431751,0.32109358043143921)
 (-0.96328074129431751,-0.32109358043143921)
 (0.32109358043143921,0.96328074129431751)
 (-0.32109358043143921,0.32109358043143921)
 (0.32109358043143921,0.32109358043143921)
 (-0.32109358043143921,-0.32109358043143921)
 (-0.96328074129431751,-0.32109358043143921)
 (0.96328074129431751,-0.32109358043143921)
 (0.96328074129431751,-0.32109358043143921)
 (0.32109358043143921,0.96328074129431751)
 (-0.32109358043143921,-0.32109358043143921)
 (0.96328074129431751,0.32109358043143921)
 (0.96328074129431751,-0.96328074129431751)
 (-0.32109358043143921,0.96328074129431751)
 (0.32109358043143921,0.32109358043143921)
 (0.96328074129431751,0.32109358043143921)
 (0.32109358043143921,0.96328074129431751)
 (-0.96328074129431751,0.32109358043143921)
 (-0.32109358043143921,-0.32109358043143921)
 (0.96328074129431751,0.96328074129431751)
 (0.96328074129431751,-0.96328074129431751)
 (0.32109358043143921,0.32109358043143921)
 (0.32109358043143921,0.32109358043143921)
 (0.96328074129431751,-0.96328074129431751)
 (-0.32109358043143921,0.32109358043143921)
 (0.32109358043143921,0.32109358043143921)
 (0.32109358043143921,0.32109358043143921)
 (-0.32109358043143921,0.32109358043143921)
 (-0.32109358043143921,-0.96328074129431751)
 (-0.96328074129431751,0.32109358043143921)
 (-0.32109358043143921,0.96328074129431751)
 (-0.32109358043143921,0.32109358043143921)
 (-0.32109358043143921,0.96328074129431751)
 (0.96328074129431751,-0.96328074129431751)
 (0.96328074129431751,0.32109358043143921)
 (-0.32109358043143921,-0.96328074129431751)
 (-0.96328074129431751,-0.32109358043143921)
 (0.32109358043143921,0.32109358043143921)
 (0.96328074129431751,-0.96328074129431751)
 (-0.32109358043143921,0.96328074129431751)
 (-0.32109358043143921,-0.96328074129431751)
 (0.32109358043143921,-0.32109358043143921)
 (-0.96328074129431751,0.32109358043143921)
 (0.96328074129431751,0.32109358043143921)
