# Created by Octave 8.4.0, Thu Dec 11 09:16:05 2025 IST <gamana@Samsung>
# name: iq
# type: complex matrix
# rows: 2048
# columns: 1
 (-0.94045360068851058,0.31348453356283684)
 (-0.94045360068851058,0.94045360068851058)
 (-0.31348453356283684,0.31348453356283684)
 (0.31348453356283684,-0.31348453356283684)
 (-0.94045360068851058,-0.94045360068851058)
 (0.31348453356283684,0.94045360068851058)
 (0.94045360068851058,0.31348453356283684)
 (0.94045360068851058,-0.94045360068851058)
 (0.94045360068851058,-0.94045360068851058)
 (0.31348453356283684,-0.94045360068851058)
 (-0.94045360068851058,-0.31348453356283684)
 (-0.31348453356283684,0.94045360068851058)
 (0.31348453356283684,0.31348453356283684)
 (-0.94045360068851058,0.31348453356283684)
 (0.94045360068851058,0.31348453356283684)
 (-0.94045360068851058,0.94045360068851058)
 (-0.94045360068851058,-0.94045360068851058)
 (0.31348453356283684,0.94045360068851058)
 (-0.94045360068851058,-0.94045360068851058)
 (-0.31348453356283684,0.31348453356283684)
 (-0.94045360068851058,0.31348453356283684)
 (0.94045360068851058,-0.94045360068851058)
 (-0.94045360068851058,0.31348453356283684)
 (-0.31348453356283684,0.94045360068851058)
 (-0.31348453356283684,-0.94045360068851058)
 (-0.94045360068851058,-0.31348453356283684)
 (0.31348453356283684,0.31348453356283684)
 (0.31348453356283684,-0.94045360068851058)
 (-0.94045360068851058,-0.31348453356283684)
 (-0.31348453356283684,0.94045360068851058)
 (0.94045360068851058,-0.94045360068851058)
 (0.94045360068851058,0.94045360068851058)
 (0.31348453356283684,-0.31348453356283684)
 (-0.94045360068851058,0.94045360068851058)
 (-0.31348453356283684,-0.94045360068851058)
 (0.94045360068851058,-0.31348453356283684)
 (0.94045360068851058,0.94045360068851058)
 (-0.31348453356283684,0.31348453356283684)
 (-0.94045360068851058,-0.31348453356283684)
 (-0.31348453356283684,-0.94045360068851058)
 (0.94045360068851058,-0.94045360068851058)
 (-0.94045360068851058,0.94045360068851058)
 (-0.31348453356283684,-0.94045360068851058)
 (0.31348453356283684,0.31348453356283684)
 (0.31348453356283684,-0.94045360068851058)
 (-0.94045360068851058,0.94045360068851058)
 (-0.31348453356283684,-0.31348453356283684)
 (0.31348453356283684,-0.31348453356283684)
 (-0.94045360068851058,-0.94045360068851058)
 (-0.31348453356283684,-0.31348453356283684)
 (0.31348453356283684,-0.31348453356283684)
 (-0.31348453356283684,0.31348453356283684)
 (0.94045360068851058,-0.94045360068851058)
 (-0.94045360068851058,0.94045360068851058)
 (0.94045360068851058,-0.94045360068851058)
 (-0.31348453356283684,0.94045360068851058)
 (-0.94045360068851058,0.31348453356283684)
 (0.31348453356283684,-0.31348453356283684)
 (-0.94045360068851058,0.94045360068851058)
 (0.31348453356283684,0.31348453356283684)
 (-0.31348453356283684,0.31348453356283684)
 (-0.31348453356283684,0.94045360068851058)
 (0.31348453356283684,0.31348453356283684)
 (0.31348453356283684,-0.94045360068851058)
 (0.31348453356283684,-0.94045360068851058)
 (0.31348453356283684,0.31348453356283684)
 (-0.31348453356283684,-0.94045360068851058)
 (0.94045360068851058,0.31348453356283684)
 (-0.94045360068851058,-0.31348453356283684)
 (-0.31348453356283684,0.31348453356283684)
 (-0.31348453356283684,0.94045360068851058)
 (-0.94045360068851058,0.31348453356283684)
 (-0.31348453356283684,-0.31348453356283684)
 (-0.31348453356283684,0.31348453356283684)
 (-0.31348453356283684,-0.94045360068851058)
 (-0.94045360068851058,-0.31348453356283684)
 (-0.31348453356283684,0.94045360068851058)
 (0.94045360068851058,0.94045360068851058)
 (0.94045360068851058,0.94045360068851058)
 (-0.31348453356283684,-0.31348453356283684)
 (-0.94045360068851058,0.31348453356283684)
 (-0.94045360068851058,-0.94045360068851058)
 (-0.94045360068851058,-0.31348453356283684)
 (-0.31348453356283684,0.31348453356283684)
 (0.94045360068851058,0.31348453356283684)
 (-0.94045360068851058,-0.94045360068851058)
 (0.31348453356283684,-0.94045360068851058)
 (-0.94045360068851058,-0.31348453356283684)
 (0.94045360068851058,-0.94045360068851058)
 (-0.31348453356283684,-0.31348453356283684)
 (0.31348453356283684,0.31348453356283684)
 (-0.94045360068851058,-0.94045360068851058)
 (-0.94045360068851058,-0.31348453356283684)
 (0.94045360068851058,-0.94045360068851058)
 (0.31348453356283684,-0.31348453356283684)
 (-0.94045360068851058,-0.31348453356283684)
 (0.94045360068851058,0.94045360068851058)
 (-0.31348453356283684,0.31348453356283684)
 (-0.31348453356283684,-0.94045360068851058)
 (0.31348453356283684,-0.31348453356283684)
 (0.94045360068851058,0.31348453356283684)
 (0.31348453356283684,-0.94045360068851058)
 (-0.94045360068851058,-0.94045360068851058)
 (0.94045360068851058,0.31348453356283684)
 (-0.94045360068851058,-0.94045360068851058)
 (0.31348453356283684,-0.94045360068851058)
 (0.31348453356283684,0.94045360068851058)
 (0.31348453356283684,0.94045360068851058)
 (0.31348453356283684,0.94045360068851058)
 (0.94045360068851058,0.94045360068851058)
 (-0.31348453356283684,-0.31348453356283684)
 (0.94045360068851058,0.31348453356283684)
 (-0.31348453356283684,0.94045360068851058)
 (-0.94045360068851058,-0.31348453356283684)
 (-0.31348453356283684,0.31348453356283684)
 (-0.31348453356283684,0.31348453356283684)
 (-0.31348453356283684,-0.94045360068851058)
 (-0.94045360068851058,-0.94045360068851058)
 (0.94045360068851058,-0.31348453356283684)
 (0.31348453356283684,-0.31348453356283684)
 (0.94045360068851058,-0.31348453356283684)
 (-0.94045360068851058,0.31348453356283684)
 (0.94045360068851058,-0.94045360068851058)
 (-0.94045360068851058,0.94045360068851058)
 (-0.31348453356283684,-0.31348453356283684)
 (0.94045360068851058,0.94045360068851058)
 (-0.31348453356283684,-0.94045360068851058)
 (-0.94045360068851058,0.31348453356283684)
 (0.94045360068851058,0.94045360068851058)
 (0.31348453356283684,0.31348453356283684)
 (-0.94045360068851058,-0.94045360068851058)
 (0.94045360068851058,-0.31348453356283684)
 (0.31348453356283684,0.94045360068851058)
 (0.31348453356283684,-0.94045360068851058)
 (-0.94045360068851058,0.31348453356283684)
 (-0.31348453356283684,-0.31348453356283684)
 (-0.94045360068851058,-0.31348453356283684)
 (0.94045360068851058,0.94045360068851058)
 (-0.94045360068851058,0.94045360068851058)
 (0.94045360068851058,-0.94045360068851058)
 (-0.94045360068851058,-0.31348453356283684)
 (0.31348453356283684,0.94045360068851058)
 (-0.94045360068851058,-0.31348453356283684)
 (0.31348453356283684,-0.31348453356283684)
 (-0.31348453356283684,0.94045360068851058)
 (0.94045360068851058,-0.94045360068851058)
 (-0.94045360068851058,0.94045360068851058)
 (-0.31348453356283684,0.94045360068851058)
 (0.94045360068851058,0.31348453356283684)
 (0.94045360068851058,-0.94045360068851058)
 (0.94045360068851058,0.31348453356283684)
 (0.94045360068851058,-0.31348453356283684)
 (-0.31348453356283684,0.94045360068851058)
 (-0.94045360068851058,0.31348453356283684)
 (0.94045360068851058,0.31348453356283684)
 (-0.94045360068851058,-0.94045360068851058)
 (-0.94045360068851058,-0.31348453356283684)
 (0.31348453356283684,-0.94045360068851058)
 (-0.31348453356283684,0.94045360068851058)
 (-0.31348453356283684,0.94045360068851058)
 (0.31348453356283684,-0.31348453356283684)
 (0.94045360068851058,-0.94045360068851058)
 (0.94045360068851058,-0.94045360068851058)
 (0.94045360068851058,-0.94045360068851058)
 (-0.94045360068851058,0.94045360068851058)
 (0.94045360068851058,-0.94045360068851058)
 (0.31348453356283684,0.94045360068851058)
 (0.94045360068851058,-0.94045360068851058)
 (0.31348453356283684,-0.31348453356283684)
 (-0.31348453356283684,0.31348453356283684)
 (-0.94045360068851058,0.94045360068851058)
 (-0.94045360068851058,-0.31348453356283684)
 (0.94045360068851058,0.31348453356283684)
 (-0.31348453356283684,-0.31348453356283684)
 (0.31348453356283684,0.94045360068851058)
 (-0.31348453356283684,0.94045360068851058)
 (-0.31348453356283684,0.94045360068851058)
 (-0.94045360068851058,0.31348453356283684)
