# Created by Octave 8.4.0, Thu Dec 11 09:16:05 2025 IST <gamana@Samsung>
# name: iq
# type: complex matrix
# rows: 2048
# columns: 1
 (-0.95391436022059706,-0.95391436022059706)
 (0.95391436022059706,0.31797145340686572)
 (-0.31797145340686572,0.95391436022059706)
 (-0.95391436022059706,-0.95391436022059706)
 (-0.95391436022059706,-0.31797145340686572)
 (-0.31797145340686572,-0.31797145340686572)
 (-0.95391436022059706,0.31797145340686572)
 (-0.95391436022059706,-0.95391436022059706)
 (-0.31797145340686572,-0.95391436022059706)
 (0.95391436022059706,0.95391436022059706)
 (-0.31797145340686572,-0.31797145340686572)
 (-0.95391436022059706,0.95391436022059706)
 (-0.31797145340686572,0.31797145340686572)
 (0.31797145340686572,0.31797145340686572)
 (0.31797145340686572,-0.31797145340686572)
 (0.95391436022059706,-0.31797145340686572)
 (0.31797145340686572,0.95391436022059706)
 (-0.31797145340686572,-0.31797145340686572)
 (0.31797145340686572,0.31797145340686572)
 (-0.95391436022059706,0.95391436022059706)
 (-0.31797145340686572,0.95391436022059706)
 (-0.95391436022059706,-0.31797145340686572)
 (0.95391436022059706,0.31797145340686572)
 (-0.31797145340686572,-0.31797145340686572)
 (-0.95391436022059706,0.95391436022059706)
 (-0.31797145340686572,0.31797145340686572)
 (0.31797145340686572,-0.31797145340686572)
 (0.31797145340686572,0.31797145340686572)
 (-0.31797145340686572,-0.95391436022059706)
 (0.31797145340686572,0.95391436022059706)
 (-0.95391436022059706,-0.95391436022059706)
 (0.31797145340686572,-0.31797145340686572)
 (0.31797145340686572,0.31797145340686572)
 (-0.95391436022059706,-0.95391436022059706)
 (0.95391436022059706,-0.95391436022059706)
 (0.31797145340686572,0.31797145340686572)
 (-0.95391436022059706,0.31797145340686572)
 (-0.31797145340686572,0.31797145340686572)
 (-0.95391436022059706,0.95391436022059706)
 (0.95391436022059706,0.95391436022059706)
 (0.95391436022059706,-0.31797145340686572)
 (0.31797145340686572,0.95391436022059706)
 (0.95391436022059706,-0.31797145340686572)
 (-0.95391436022059706,-0.31797145340686572)
 (0.95391436022059706,-0.95391436022059706)
 (-0.31797145340686572,-0.95391436022059706)
 (-0.95391436022059706,-0.31797145340686572)
 (-0.95391436022059706,0.31797145340686572)
 (0.95391436022059706,-0.95391436022059706)
 (-0.95391436022059706,-0.31797145340686572)
 (0.95391436022059706,-0.95391436022059706)
 (-0.95391436022059706,0.31797145340686572)
 (-0.95391436022059706,0.95391436022059706)
 (-0.95391436022059706,0.31797145340686572)
 (0.31797145340686572,-0.95391436022059706)
 (0.31797145340686572,-0.31797145340686572)
 (0.95391436022059706,0.95391436022059706)
 (0.95391436022059706,0.95391436022059706)
 (-0.95391436022059706,-0.95391436022059706)
 (-0.95391436022059706,0.31797145340686572)
 (0.95391436022059706,-0.31797145340686572)
 (-0.95391436022059706,-0.95391436022059706)
 (-0.31797145340686572,0.95391436022059706)
 (0.95391436022059706,-0.95391436022059706)
 (0.31797145340686572,-0.95391436022059706)
 (0.31797145340686572,0.31797145340686572)
 (-0.95391436022059706,0.31797145340686572)
 (0.31797145340686572,-0.31797145340686572)
 (-0.95391436022059706,0.95391436022059706)
 (0.95391436022059706,-0.95391436022059706)
 (0.31797145340686572,-0.95391436022059706)
 (0.31797145340686572,-0.95391436022059706)
 (-0.31797145340686572,-0.95391436022059706)
 (0.95391436022059706,0.95391436022059706)
 (0.95391436022059706,0.31797145340686572)
 (-0.31797145340686572,0.95391436022059706)
 (-0.95391436022059706,-0.95391436022059706)
 (0.95391436022059706,-0.31797145340686572)
 (0.31797145340686572,-0.31797145340686572)
 (0.31797145340686572,-0.31797145340686572)
 (0.31797145340686572,0.31797145340686572)
 (0.95391436022059706,-0.95391436022059706)
 (0.95391436022059706,0.95391436022059706)
 (0.95391436022059706,-0.31797145340686572)
 (0.31797145340686572,0.31797145340686572)
 (-0.31797145340686572,0.95391436022059706)
 (-0.31797145340686572,0.95391436022059706)
 (0.31797145340686572,0.31797145340686572)
 (-0.95391436022059706,0.31797145340686572)
 (-0.31797145340686572,-0.95391436022059706)
 (0.95391436022059706,-0.95391436022059706)
 (-0.95391436022059706,-0.95391436022059706)
 (0.31797145340686572,0.31797145340686572)
 (-0.31797145340686572,-0.31797145340686572)
 (-0.31797145340686572,0.95391436022059706)
 (0.95391436022059706,0.95391436022059706)
 (0.95391436022059706,0.95391436022059706)
 (-0.95391436022059706,-0.31797145340686572)
 (0.95391436022059706,-0.31797145340686572)
 (-0.31797145340686572,-0.31797145340686572)
 (0.95391436022059706,-0.31797145340686572)
 (-0.95391436022059706,-0.95391436022059706)
 (-0.31797145340686572,0.31797145340686572)
 (-0.31797145340686572,0.95391436022059706)
 (-0.31797145340686572,-0.95391436022059706)
 (-0.95391436022059706,-0.31797145340686572)
 (0.31797145340686572,0.95391436022059706)
 (-0.31797145340686572,0.31797145340686572)
 (0.95391436022059706,-0.31797145340686572)
 (-0.31797145340686572,0.95391436022059706)
 (0.95391436022059706,-0.95391436022059706)
 (-0.95391436022059706,-0.31797145340686572)
 (-0.95391436022059706,-0.95391436022059706)
 (-0.95391436022059706,0.95391436022059706)
 (0.95391436022059706,-0.31797145340686572)
 (-0.31797145340686572,-0.31797145340686572)
 (0.95391436022059706,-0.95391436022059706)
 (-0.31797145340686572,0.95391436022059706)
 (-0.31797145340686572,-0.31797145340686572)
 (-0.95391436022059706,-0.31797145340686572)
 (0.31797145340686572,-0.31797145340686572)
 (-0.31797145340686572,0.31797145340686572)
 (-0.95391436022059706,-0.95391436022059706)
 (-0.31797145340686572,-0.31797145340686572)
 (-0.31797145340686572,-0.95391436022059706)
 (0.95391436022059706,-0.31797145340686572)
 (0.31797145340686572,-0.95391436022059706)
 (0.31797145340686572,-0.31797145340686572)
 (0.31797145340686572,0.95391436022059706)
 (0.31797145340686572,-0.31797145340686572)
 (-0.31797145340686572,-0.95391436022059706)
 (0.95391436022059706,0.31797145340686572)
 (0.95391436022059706,-0.95391436022059706)
 (-0.31797145340686572,0.31797145340686572)
 (-0.31797145340686572,0.31797145340686572)
 (0.95391436022059706,0.31797145340686572)
 (0.31797145340686572,0.95391436022059706)
 (0.95391436022059706,-0.31797145340686572)
 (0.31797145340686572,-0.95391436022059706)
 (0.31797145340686572,0.95391436022059706)
 (-0.31797145340686572,0.31797145340686572)
 (-0.31797145340686572,0.95391436022059706)
 (-0.31797145340686572,0.31797145340686572)
 (0.95391436022059706,0.95391436022059706)
 (0.31797145340686572,-0.31797145340686572)
 (0.95391436022059706,-0.31797145340686572)
 (-0.31797145340686572,0.31797145340686572)
 (-0.31797145340686572,-0.31797145340686572)
 (-0.31797145340686572,0.31797145340686572)
 (0.95391436022059706,-0.95391436022059706)
 (0.95391436022059706,-0.31797145340686572)
 (-0.31797145340686572,0.31797145340686572)
 (0.31797145340686572,0.95391436022059706)
 (-0.95391436022059706,-0.31797145340686572)
 (0.95391436022059706,0.31797145340686572)
 (0.31797145340686572,-0.31797145340686572)
 (0.31797145340686572,-0.95391436022059706)
 (-0.31797145340686572,0.95391436022059706)
 (0.31797145340686572,-0.31797145340686572)
 (-0.31797145340686572,-0.95391436022059706)
 (0.31797145340686572,-0.95391436022059706)
 (0.95391436022059706,-0.31797145340686572)
 (-0.31797145340686572,0.95391436022059706)
 (0.95391436022059706,-0.95391436022059706)
 (-0.95391436022059706,-0.31797145340686572)
 (0.95391436022059706,-0.31797145340686572)
 (-0.31797145340686572,0.31797145340686572)
 (0.31797145340686572,-0.31797145340686572)
 (0.95391436022059706,0.31797145340686572)
 (0.31797145340686572,-0.95391436022059706)
 (-0.31797145340686572,0.95391436022059706)
 (0.95391436022059706,0.31797145340686572)
 (0.95391436022059706,0.95391436022059706)
 (0.31797145340686572,0.95391436022059706)
 (-0.31797145340686572,-0.31797145340686572)
 (0.31797145340686572,0.31797145340686572)
 (-0.95391436022059706,0.95391436022059706)
 (-0.95391436022059706,-0.31797145340686572)
