# Created by Octave 8.4.0, Thu Dec 11 09:16:05 2025 IST <gamana@Samsung>
# name: iq
# type: complex matrix
# rows: 2048
# columns: 1
 (-0.31561193726098863,-0.94683581178296594)
 (-0.31561193726098863,0.94683581178296594)
 (-0.94683581178296594,-0.31561193726098863)
 (0.31561193726098863,0.94683581178296594)
 (0.31561193726098863,0.94683581178296594)
 (0.31561193726098863,-0.94683581178296594)
 (-0.94683581178296594,-0.94683581178296594)
 (0.94683581178296594,0.94683581178296594)
 (0.94683581178296594,0.94683581178296594)
 (-0.31561193726098863,-0.94683581178296594)
 (-0.31561193726098863,-0.31561193726098863)
 (0.31561193726098863,-0.31561193726098863)
 (0.94683581178296594,-0.31561193726098863)
 (0.94683581178296594,-0.94683581178296594)
 (-0.94683581178296594,-0.31561193726098863)
 (0.31561193726098863,0.31561193726098863)
 (-0.31561193726098863,0.94683581178296594)
 (-0.94683581178296594,-0.31561193726098863)
 (-0.94683581178296594,-0.31561193726098863)
 (0.94683581178296594,-0.94683581178296594)
 (-0.31561193726098863,-0.94683581178296594)
 (0.94683581178296594,-0.31561193726098863)
 (-0.94683581178296594,0.31561193726098863)
 (0.94683581178296594,-0.31561193726098863)
 (-0.94683581178296594,0.31561193726098863)
 (-0.94683581178296594,0.94683581178296594)
 (0.31561193726098863,-0.94683581178296594)
 (-0.31561193726098863,-0.31561193726098863)
 (0.94683581178296594,-0.94683581178296594)
 (0.31561193726098863,-0.31561193726098863)
 (-0.31561193726098863,-0.31561193726098863)
 (0.31561193726098863,0.94683581178296594)
 (0.31561193726098863,-0.94683581178296594)
 (0.31561193726098863,-0.94683581178296594)
 (0.94683581178296594,0.31561193726098863)
 (0.94683581178296594,-0.31561193726098863)
 (0.94683581178296594,0.94683581178296594)
 (-0.31561193726098863,-0.31561193726098863)
 (0.94683581178296594,0.94683581178296594)
 (-0.94683581178296594,-0.94683581178296594)
 (-0.94683581178296594,-0.94683581178296594)
 (0.94683581178296594,0.94683581178296594)
 (-0.94683581178296594,-0.31561193726098863)
 (0.94683581178296594,0.31561193726098863)
 (-0.31561193726098863,-0.31561193726098863)
 (0.31561193726098863,0.94683581178296594)
 (-0.94683581178296594,-0.31561193726098863)
 (-0.31561193726098863,0.31561193726098863)
 (-0.94683581178296594,0.94683581178296594)
 (0.31561193726098863,-0.94683581178296594)
 (0.94683581178296594,0.31561193726098863)
 (-0.31561193726098863,0.31561193726098863)
 (-0.94683581178296594,0.94683581178296594)
 (-0.31561193726098863,-0.31561193726098863)
 (0.31561193726098863,-0.31561193726098863)
 (-0.94683581178296594,0.94683581178296594)
 (-0.31561193726098863,-0.31561193726098863)
 (0.94683581178296594,0.31561193726098863)
 (0.31561193726098863,0.94683581178296594)
 (0.31561193726098863,-0.94683581178296594)
 (0.94683581178296594,0.31561193726098863)
 (0.31561193726098863,0.31561193726098863)
 (0.31561193726098863,0.31561193726098863)
 (0.94683581178296594,0.94683581178296594)
 (0.31561193726098863,-0.94683581178296594)
 (-0.31561193726098863,-0.94683581178296594)
 (0.94683581178296594,-0.31561193726098863)
 (-0.31561193726098863,0.31561193726098863)
 (-0.94683581178296594,0.94683581178296594)
 (0.94683581178296594,0.94683581178296594)
 (0.94683581178296594,0.94683581178296594)
 (0.31561193726098863,-0.94683581178296594)
 (0.31561193726098863,-0.94683581178296594)
 (-0.94683581178296594,-0.31561193726098863)
 (-0.31561193726098863,-0.94683581178296594)
 (-0.31561193726098863,-0.31561193726098863)
 (0.94683581178296594,0.31561193726098863)
 (0.94683581178296594,-0.94683581178296594)
 (0.94683581178296594,-0.94683581178296594)
 (-0.31561193726098863,0.94683581178296594)
 (0.31561193726098863,0.94683581178296594)
 (-0.94683581178296594,0.31561193726098863)
 (-0.31561193726098863,0.94683581178296594)
 (0.31561193726098863,-0.94683581178296594)
 (0.94683581178296594,0.94683581178296594)
 (0.31561193726098863,0.31561193726098863)
 (-0.94683581178296594,0.94683581178296594)
 (-0.31561193726098863,-0.31561193726098863)
 (0.94683581178296594,-0.31561193726098863)
 (-0.31561193726098863,-0.94683581178296594)
 (0.31561193726098863,-0.31561193726098863)
 (0.31561193726098863,-0.31561193726098863)
 (0.94683581178296594,-0.94683581178296594)
 (-0.94683581178296594,0.31561193726098863)
 (0.31561193726098863,-0.31561193726098863)
 (0.31561193726098863,-0.31561193726098863)
 (0.94683581178296594,0.31561193726098863)
 (-0.31561193726098863,-0.31561193726098863)
 (-0.94683581178296594,0.94683581178296594)
 (0.31561193726098863,-0.31561193726098863)
 (0.31561193726098863,-0.31561193726098863)
 (-0.94683581178296594,0.94683581178296594)
 (-0.94683581178296594,0.31561193726098863)
 (-0.31561193726098863,-0.94683581178296594)
 (-0.31561193726098863,-0.94683581178296594)
 (0.31561193726098863,-0.94683581178296594)
 (0.94683581178296594,-0.31561193726098863)
 (-0.94683581178296594,0.94683581178296594)
 (-0.31561193726098863,-0.31561193726098863)
 (-0.31561193726098863,0.94683581178296594)
 (-0.31561193726098863,0.94683581178296594)
 (-0.94683581178296594,0.31561193726098863)
 (0.31561193726098863,-0.94683581178296594)
 (0.31561193726098863,0.94683581178296594)
 (-0.31561193726098863,0.31561193726098863)
 (-0.31561193726098863,-0.94683581178296594)
 (-0.31561193726098863,-0.94683581178296594)
 (-0.94683581178296594,-0.94683581178296594)
 (0.94683581178296594,-0.31561193726098863)
 (0.94683581178296594,-0.31561193726098863)
 (-0.94683581178296594,-0.94683581178296594)
 (0.31561193726098863,-0.94683581178296594)
 (0.94683581178296594,0.31561193726098863)
 (-0.94683581178296594,-0.94683581178296594)
 (-0.31561193726098863,-0.31561193726098863)
 (-0.94683581178296594,0.94683581178296594)
 (-0.31561193726098863,-0.94683581178296594)
 (-0.31561193726098863,0.31561193726098863)
 (-0.31561193726098863,-0.94683581178296594)
 (0.94683581178296594,-0.31561193726098863)
 (0.31561193726098863,0.31561193726098863)
 (0.31561193726098863,0.31561193726098863)
 (-0.94683581178296594,0.31561193726098863)
 (-0.94683581178296594,-0.94683581178296594)
 (-0.31561193726098863,-0.31561193726098863)
 (0.94683581178296594,-0.31561193726098863)
 (-0.31561193726098863,0.31561193726098863)
 (0.31561193726098863,0.31561193726098863)
 (0.94683581178296594,0.31561193726098863)
 (0.94683581178296594,-0.94683581178296594)
 (-0.31561193726098863,0.94683581178296594)
 (0.31561193726098863,-0.31561193726098863)
 (-0.94683581178296594,0.94683581178296594)
 (0.31561193726098863,-0.31561193726098863)
 (0.94683581178296594,0.31561193726098863)
 (-0.31561193726098863,0.31561193726098863)
 (-0.94683581178296594,0.94683581178296594)
 (0.31561193726098863,-0.94683581178296594)
 (-0.94683581178296594,0.94683581178296594)
 (-0.31561193726098863,0.94683581178296594)
 (-0.94683581178296594,-0.94683581178296594)
 (0.31561193726098863,0.94683581178296594)
 (0.94683581178296594,0.94683581178296594)
 (0.94683581178296594,0.94683581178296594)
 (0.94683581178296594,0.31561193726098863)
 (-0.31561193726098863,-0.94683581178296594)
 (0.31561193726098863,0.31561193726098863)
 (-0.94683581178296594,-0.94683581178296594)
 (-0.31561193726098863,0.31561193726098863)
 (0.31561193726098863,0.94683581178296594)
 (0.94683581178296594,-0.94683581178296594)
 (-0.31561193726098863,-0.94683581178296594)
 (0.94683581178296594,-0.31561193726098863)
 (-0.31561193726098863,-0.94683581178296594)
 (-0.31561193726098863,-0.94683581178296594)
 (0.31561193726098863,0.31561193726098863)
 (0.94683581178296594,-0.31561193726098863)
 (-0.94683581178296594,-0.31561193726098863)
 (-0.94683581178296594,-0.94683581178296594)
 (0.31561193726098863,-0.94683581178296594)
 (0.94683581178296594,-0.94683581178296594)
 (-0.94683581178296594,0.31561193726098863)
 (-0.94683581178296594,0.31561193726098863)
 (0.31561193726098863,0.94683581178296594)
 (0.94683581178296594,-0.94683581178296594)
 (-0.31561193726098863,-0.31561193726098863)
 (-0.31561193726098863,0.31561193726098863)
 (-0.94683581178296594,0.31561193726098863)
