# Created by Octave 8.4.0, Thu Dec 11 09:16:05 2025 IST <gamana@Samsung>
# name: iq
# type: complex matrix
# rows: 2048
# columns: 1
 (0.94702007485988471,0.94702007485988471)
 (-0.31567335828662824,-0.94702007485988471)
 (-0.94702007485988471,0.31567335828662824)
 (-0.94702007485988471,-0.94702007485988471)
 (-0.31567335828662824,0.94702007485988471)
 (0.31567335828662824,-0.31567335828662824)
 (-0.94702007485988471,-0.94702007485988471)
 (0.31567335828662824,0.94702007485988471)
 (0.94702007485988471,0.31567335828662824)
 (0.94702007485988471,-0.31567335828662824)
 (0.31567335828662824,-0.94702007485988471)
 (-0.31567335828662824,0.94702007485988471)
 (-0.94702007485988471,0.31567335828662824)
 (-0.94702007485988471,-0.31567335828662824)
 (0.31567335828662824,0.94702007485988471)
 (0.31567335828662824,-0.31567335828662824)
 (0.94702007485988471,0.31567335828662824)
 (-0.31567335828662824,0.31567335828662824)
 (-0.94702007485988471,-0.31567335828662824)
 (-0.94702007485988471,-0.94702007485988471)
 (-0.31567335828662824,0.31567335828662824)
 (-0.94702007485988471,0.31567335828662824)
 (-0.94702007485988471,0.94702007485988471)
 (0.31567335828662824,-0.94702007485988471)
 (-0.31567335828662824,0.94702007485988471)
 (-0.31567335828662824,-0.31567335828662824)
 (-0.94702007485988471,-0.94702007485988471)
 (0.31567335828662824,-0.94702007485988471)
 (-0.31567335828662824,-0.31567335828662824)
 (0.94702007485988471,0.94702007485988471)
 (-0.31567335828662824,-0.31567335828662824)
 (-0.31567335828662824,0.94702007485988471)
 (-0.31567335828662824,0.94702007485988471)
 (0.31567335828662824,-0.31567335828662824)
 (-0.31567335828662824,-0.94702007485988471)
 (-0.31567335828662824,-0.31567335828662824)
 (0.94702007485988471,-0.94702007485988471)
 (0.31567335828662824,-0.31567335828662824)
 (0.94702007485988471,0.94702007485988471)
 (-0.94702007485988471,-0.94702007485988471)
 (0.94702007485988471,-0.31567335828662824)
 (0.31567335828662824,0.94702007485988471)
 (-0.31567335828662824,-0.31567335828662824)
 (0.31567335828662824,-0.31567335828662824)
 (-0.31567335828662824,0.31567335828662824)
 (-0.31567335828662824,-0.94702007485988471)
 (0.94702007485988471,0.94702007485988471)
 (0.31567335828662824,-0.31567335828662824)
 (0.31567335828662824,0.94702007485988471)
 (-0.31567335828662824,-0.94702007485988471)
 (-0.31567335828662824,0.31567335828662824)
 (0.31567335828662824,-0.31567335828662824)
 (0.31567335828662824,-0.31567335828662824)
 (-0.31567335828662824,-0.94702007485988471)
 (0.31567335828662824,-0.94702007485988471)
 (-0.31567335828662824,0.94702007485988471)
 (-0.94702007485988471,-0.94702007485988471)
 (-0.31567335828662824,-0.94702007485988471)
 (0.94702007485988471,-0.94702007485988471)
 (0.31567335828662824,-0.31567335828662824)
 (0.94702007485988471,-0.94702007485988471)
 (0.31567335828662824,0.31567335828662824)
 (-0.94702007485988471,0.31567335828662824)
 (0.31567335828662824,-0.94702007485988471)
 (0.94702007485988471,-0.94702007485988471)
 (-0.31567335828662824,0.94702007485988471)
 (0.94702007485988471,-0.94702007485988471)
 (-0.31567335828662824,-0.31567335828662824)
 (-0.94702007485988471,-0.31567335828662824)
 (0.94702007485988471,0.31567335828662824)
 (0.31567335828662824,0.94702007485988471)
 (0.31567335828662824,-0.94702007485988471)
 (-0.31567335828662824,-0.31567335828662824)
 (-0.94702007485988471,-0.31567335828662824)
 (0.94702007485988471,0.94702007485988471)
 (-0.94702007485988471,-0.31567335828662824)
 (-0.31567335828662824,0.94702007485988471)
 (0.94702007485988471,-0.31567335828662824)
 (0.94702007485988471,0.31567335828662824)
 (-0.94702007485988471,-0.94702007485988471)
 (0.31567335828662824,-0.31567335828662824)
 (0.94702007485988471,-0.94702007485988471)
 (-0.94702007485988471,0.31567335828662824)
 (-0.94702007485988471,-0.31567335828662824)
 (-0.31567335828662824,-0.94702007485988471)
 (-0.31567335828662824,0.31567335828662824)
 (0.31567335828662824,-0.31567335828662824)
 (-0.94702007485988471,0.31567335828662824)
 (-0.94702007485988471,-0.31567335828662824)
 (0.94702007485988471,0.94702007485988471)
 (0.31567335828662824,0.31567335828662824)
 (0.94702007485988471,0.31567335828662824)
 (-0.31567335828662824,0.31567335828662824)
 (-0.31567335828662824,-0.94702007485988471)
 (-0.94702007485988471,-0.94702007485988471)
 (-0.31567335828662824,-0.31567335828662824)
 (-0.94702007485988471,-0.31567335828662824)
 (0.31567335828662824,-0.31567335828662824)
 (0.31567335828662824,-0.94702007485988471)
 (-0.94702007485988471,0.31567335828662824)
 (-0.94702007485988471,0.31567335828662824)
 (0.31567335828662824,0.94702007485988471)
 (-0.94702007485988471,0.31567335828662824)
 (0.94702007485988471,-0.31567335828662824)
 (-0.31567335828662824,-0.94702007485988471)
 (0.94702007485988471,-0.31567335828662824)
 (-0.94702007485988471,0.31567335828662824)
 (0.31567335828662824,-0.94702007485988471)
 (-0.31567335828662824,0.94702007485988471)
 (-0.94702007485988471,-0.31567335828662824)
 (0.94702007485988471,0.94702007485988471)
 (0.94702007485988471,-0.94702007485988471)
 (0.94702007485988471,0.31567335828662824)
 (-0.31567335828662824,-0.94702007485988471)
 (0.31567335828662824,0.94702007485988471)
 (0.94702007485988471,0.94702007485988471)
 (-0.31567335828662824,-0.31567335828662824)
 (0.31567335828662824,0.31567335828662824)
 (0.31567335828662824,-0.31567335828662824)
 (-0.94702007485988471,-0.94702007485988471)
 (0.31567335828662824,0.94702007485988471)
 (-0.94702007485988471,-0.94702007485988471)
 (-0.94702007485988471,0.94702007485988471)
 (-0.31567335828662824,0.31567335828662824)
 (0.94702007485988471,-0.94702007485988471)
 (0.94702007485988471,-0.94702007485988471)
 (0.94702007485988471,-0.31567335828662824)
 (-0.94702007485988471,-0.31567335828662824)
 (0.31567335828662824,-0.94702007485988471)
 (0.94702007485988471,-0.31567335828662824)
 (-0.94702007485988471,0.94702007485988471)
 (0.94702007485988471,-0.31567335828662824)
 (-0.31567335828662824,0.94702007485988471)
 (-0.31567335828662824,-0.31567335828662824)
 (-0.94702007485988471,0.94702007485988471)
 (0.94702007485988471,-0.94702007485988471)
 (0.94702007485988471,0.31567335828662824)
 (0.94702007485988471,-0.31567335828662824)
 (-0.94702007485988471,-0.94702007485988471)
 (-0.94702007485988471,0.94702007485988471)
 (0.94702007485988471,-0.31567335828662824)
 (0.31567335828662824,0.94702007485988471)
 (-0.94702007485988471,0.31567335828662824)
 (-0.31567335828662824,-0.94702007485988471)
 (0.94702007485988471,-0.31567335828662824)
 (0.31567335828662824,0.31567335828662824)
 (0.31567335828662824,-0.31567335828662824)
 (0.94702007485988471,0.94702007485988471)
 (-0.94702007485988471,-0.31567335828662824)
 (0.94702007485988471,-0.94702007485988471)
 (0.31567335828662824,-0.94702007485988471)
 (-0.94702007485988471,0.31567335828662824)
 (-0.94702007485988471,0.94702007485988471)
 (0.94702007485988471,-0.94702007485988471)
 (0.31567335828662824,0.94702007485988471)
 (0.31567335828662824,0.94702007485988471)
 (-0.31567335828662824,0.94702007485988471)
 (0.94702007485988471,0.31567335828662824)
 (-0.94702007485988471,-0.31567335828662824)
 (-0.94702007485988471,0.31567335828662824)
 (0.31567335828662824,-0.31567335828662824)
 (-0.94702007485988471,-0.31567335828662824)
 (-0.94702007485988471,0.31567335828662824)
 (-0.94702007485988471,-0.94702007485988471)
 (-0.94702007485988471,-0.94702007485988471)
 (-0.31567335828662824,0.94702007485988471)
 (-0.94702007485988471,0.94702007485988471)
 (-0.31567335828662824,-0.94702007485988471)
 (-0.94702007485988471,-0.94702007485988471)
 (0.94702007485988471,0.94702007485988471)
 (-0.31567335828662824,-0.94702007485988471)
 (-0.94702007485988471,-0.94702007485988471)
 (-0.94702007485988471,0.94702007485988471)
 (-0.31567335828662824,-0.94702007485988471)
 (0.94702007485988471,-0.94702007485988471)
 (-0.94702007485988471,0.31567335828662824)
 (-0.31567335828662824,0.94702007485988471)
 (-0.94702007485988471,-0.31567335828662824)
