# Created by Octave 8.4.0, Thu Dec 11 09:16:05 2025 IST <gamana@Samsung>
# name: iq
# type: complex matrix
# rows: 2048
# columns: 1
 (-0.31987207674883578,-0.95961623024650744)
 (-0.95961623024650744,-0.31987207674883578)
 (-0.31987207674883578,-0.31987207674883578)
 (-0.95961623024650744,0.95961623024650744)
 (-0.31987207674883578,0.95961623024650744)
 (-0.95961623024650744,0.95961623024650744)
 (0.31987207674883578,0.31987207674883578)
 (0.95961623024650744,0.95961623024650744)
 (-0.31987207674883578,0.31987207674883578)
 (-0.95961623024650744,0.31987207674883578)
 (-0.95961623024650744,0.95961623024650744)
 (0.95961623024650744,0.31987207674883578)
 (0.31987207674883578,-0.31987207674883578)
 (-0.95961623024650744,0.31987207674883578)
 (0.95961623024650744,0.31987207674883578)
 (-0.95961623024650744,0.31987207674883578)
 (0.95961623024650744,0.31987207674883578)
 (0.95961623024650744,0.95961623024650744)
 (0.31987207674883578,0.31987207674883578)
 (0.31987207674883578,-0.95961623024650744)
 (-0.31987207674883578,-0.31987207674883578)
 (-0.31987207674883578,-0.31987207674883578)
 (-0.95961623024650744,0.31987207674883578)
 (-0.31987207674883578,-0.31987207674883578)
 (-0.31987207674883578,0.31987207674883578)
 (0.31987207674883578,-0.31987207674883578)
 (-0.31987207674883578,0.31987207674883578)
 (-0.31987207674883578,-0.31987207674883578)
 (-0.95961623024650744,-0.31987207674883578)
 (0.95961623024650744,0.95961623024650744)
 (0.31987207674883578,0.31987207674883578)
 (0.95961623024650744,0.95961623024650744)
 (0.31987207674883578,-0.31987207674883578)
 (-0.31987207674883578,-0.31987207674883578)
 (-0.31987207674883578,-0.95961623024650744)
 (0.95961623024650744,0.95961623024650744)
 (0.95961623024650744,-0.95961623024650744)
 (-0.31987207674883578,-0.31987207674883578)
 (0.31987207674883578,-0.95961623024650744)
 (0.31987207674883578,0.31987207674883578)
 (-0.95961623024650744,-0.31987207674883578)
 (0.95961623024650744,0.95961623024650744)
 (0.31987207674883578,-0.31987207674883578)
 (0.95961623024650744,0.95961623024650744)
 (-0.31987207674883578,-0.95961623024650744)
 (0.95961623024650744,0.95961623024650744)
 (0.95961623024650744,0.95961623024650744)
 (0.95961623024650744,-0.95961623024650744)
 (-0.31987207674883578,0.95961623024650744)
 (-0.31987207674883578,0.95961623024650744)
 (0.31987207674883578,0.95961623024650744)
 (-0.95961623024650744,-0.95961623024650744)
 (0.95961623024650744,-0.95961623024650744)
 (-0.31987207674883578,-0.31987207674883578)
 (-0.95961623024650744,0.95961623024650744)
 (0.31987207674883578,-0.95961623024650744)
 (-0.95961623024650744,0.95961623024650744)
 (-0.95961623024650744,0.95961623024650744)
 (0.95961623024650744,0.95961623024650744)
 (0.95961623024650744,-0.31987207674883578)
 (0.31987207674883578,-0.95961623024650744)
 (-0.31987207674883578,0.31987207674883578)
 (-0.95961623024650744,-0.31987207674883578)
 (-0.31987207674883578,-0.95961623024650744)
 (-0.31987207674883578,-0.31987207674883578)
 (0.95961623024650744,-0.31987207674883578)
 (0.31987207674883578,-0.31987207674883578)
 (-0.95961623024650744,0.31987207674883578)
 (-0.95961623024650744,-0.95961623024650744)
 (0.31987207674883578,0.31987207674883578)
 (0.95961623024650744,-0.95961623024650744)
 (-0.95961623024650744,-0.95961623024650744)
 (0.31987207674883578,-0.95961623024650744)
 (0.95961623024650744,0.95961623024650744)
 (-0.95961623024650744,-0.95961623024650744)
 (-0.95961623024650744,0.31987207674883578)
 (-0.95961623024650744,-0.31987207674883578)
 (0.31987207674883578,0.31987207674883578)
 (-0.95961623024650744,0.95961623024650744)
 (0.95961623024650744,-0.95961623024650744)
 (-0.31987207674883578,0.95961623024650744)
 (0.95961623024650744,0.95961623024650744)
 (-0.31987207674883578,0.95961623024650744)
 (0.95961623024650744,0.95961623024650744)
 (0.95961623024650744,0.31987207674883578)
 (0.31987207674883578,-0.95961623024650744)
 (-0.31987207674883578,-0.95961623024650744)
 (0.31987207674883578,-0.95961623024650744)
 (-0.95961623024650744,0.95961623024650744)
 (-0.95961623024650744,-0.95961623024650744)
 (0.95961623024650744,0.31987207674883578)
 (0.95961623024650744,-0.95961623024650744)
 (0.31987207674883578,0.95961623024650744)
 (0.95961623024650744,0.31987207674883578)
 (-0.95961623024650744,-0.95961623024650744)
 (-0.31987207674883578,-0.95961623024650744)
 (-0.95961623024650744,0.31987207674883578)
 (-0.31987207674883578,-0.31987207674883578)
 (-0.31987207674883578,0.95961623024650744)
 (-0.31987207674883578,0.95961623024650744)
 (0.95961623024650744,0.31987207674883578)
 (-0.31987207674883578,-0.95961623024650744)
 (-0.95961623024650744,-0.95961623024650744)
 (0.95961623024650744,0.31987207674883578)
 (0.95961623024650744,0.31987207674883578)
 (0.31987207674883578,0.95961623024650744)
 (0.95961623024650744,-0.95961623024650744)
 (0.31987207674883578,-0.31987207674883578)
 (0.31987207674883578,-0.31987207674883578)
 (0.95961623024650744,-0.95961623024650744)
 (-0.31987207674883578,0.95961623024650744)
 (-0.31987207674883578,-0.95961623024650744)
 (0.31987207674883578,0.95961623024650744)
 (-0.31987207674883578,0.31987207674883578)
 (0.31987207674883578,-0.31987207674883578)
 (-0.95961623024650744,-0.95961623024650744)
 (0.95961623024650744,-0.31987207674883578)
 (-0.95961623024650744,-0.95961623024650744)
 (-0.95961623024650744,0.31987207674883578)
 (-0.31987207674883578,0.95961623024650744)
 (0.31987207674883578,0.95961623024650744)
 (-0.95961623024650744,-0.31987207674883578)
 (0.31987207674883578,-0.95961623024650744)
 (-0.31987207674883578,0.31987207674883578)
 (-0.31987207674883578,0.95961623024650744)
 (-0.31987207674883578,-0.31987207674883578)
 (0.31987207674883578,-0.31987207674883578)
 (-0.31987207674883578,0.95961623024650744)
 (0.31987207674883578,-0.31987207674883578)
 (0.95961623024650744,-0.31987207674883578)
 (0.31987207674883578,-0.95961623024650744)
 (0.95961623024650744,0.31987207674883578)
 (-0.31987207674883578,-0.95961623024650744)
 (0.95961623024650744,0.31987207674883578)
 (0.95961623024650744,-0.31987207674883578)
 (-0.95961623024650744,-0.95961623024650744)
 (0.31987207674883578,0.31987207674883578)
 (0.95961623024650744,0.31987207674883578)
 (-0.31987207674883578,-0.31987207674883578)
 (0.31987207674883578,-0.95961623024650744)
 (-0.95961623024650744,-0.95961623024650744)
 (-0.95961623024650744,0.95961623024650744)
 (0.95961623024650744,0.95961623024650744)
 (0.95961623024650744,-0.31987207674883578)
 (0.95961623024650744,-0.95961623024650744)
 (0.95961623024650744,0.31987207674883578)
 (-0.31987207674883578,0.31987207674883578)
 (0.31987207674883578,0.31987207674883578)
 (-0.95961623024650744,0.31987207674883578)
 (0.95961623024650744,0.31987207674883578)
 (-0.95961623024650744,-0.95961623024650744)
 (0.31987207674883578,0.95961623024650744)
 (-0.95961623024650744,0.95961623024650744)
 (0.31987207674883578,-0.95961623024650744)
 (0.31987207674883578,0.95961623024650744)
 (-0.95961623024650744,-0.31987207674883578)
 (0.95961623024650744,0.31987207674883578)
 (-0.31987207674883578,0.31987207674883578)
 (0.31987207674883578,0.31987207674883578)
 (0.31987207674883578,0.95961623024650744)
 (0.31987207674883578,-0.31987207674883578)
 (-0.95961623024650744,-0.95961623024650744)
 (0.95961623024650744,0.31987207674883578)
 (0.95961623024650744,-0.95961623024650744)
 (0.95961623024650744,0.95961623024650744)
 (0.31987207674883578,0.95961623024650744)
 (-0.95961623024650744,-0.31987207674883578)
 (0.31987207674883578,-0.95961623024650744)
 (-0.31987207674883578,0.31987207674883578)
 (-0.95961623024650744,0.31987207674883578)
 (0.95961623024650744,-0.95961623024650744)
 (0.95961623024650744,0.31987207674883578)
 (-0.31987207674883578,-0.95961623024650744)
 (0.31987207674883578,0.31987207674883578)
 (0.31987207674883578,0.95961623024650744)
 (-0.95961623024650744,-0.95961623024650744)
 (0.31987207674883578,-0.95961623024650744)
 (0.95961623024650744,0.31987207674883578)
 (0.31987207674883578,-0.31987207674883578)
