# Created by Octave 8.4.0, Thu Dec 11 09:16:05 2025 IST <gamana@Samsung>
# name: iq
# type: complex matrix
# rows: 2048
# columns: 1
 (0.31360494245283987,0.94081482735851962)
 (0.94081482735851962,-0.94081482735851962)
 (-0.94081482735851962,-0.94081482735851962)
 (0.94081482735851962,-0.94081482735851962)
 (-0.94081482735851962,0.31360494245283987)
 (0.94081482735851962,0.31360494245283987)
 (-0.94081482735851962,0.94081482735851962)
 (-0.94081482735851962,-0.94081482735851962)
 (-0.31360494245283987,-0.94081482735851962)
 (-0.94081482735851962,0.94081482735851962)
 (0.94081482735851962,0.94081482735851962)
 (-0.31360494245283987,-0.31360494245283987)
 (0.94081482735851962,-0.94081482735851962)
 (0.94081482735851962,0.94081482735851962)
 (-0.31360494245283987,-0.94081482735851962)
 (0.31360494245283987,0.31360494245283987)
 (0.31360494245283987,-0.94081482735851962)
 (0.94081482735851962,-0.31360494245283987)
 (-0.31360494245283987,-0.31360494245283987)
 (-0.94081482735851962,-0.94081482735851962)
 (0.94081482735851962,-0.31360494245283987)
 (-0.31360494245283987,-0.31360494245283987)
 (0.94081482735851962,0.94081482735851962)
 (-0.94081482735851962,-0.94081482735851962)
 (-0.31360494245283987,0.94081482735851962)
 (0.94081482735851962,0.31360494245283987)
 (-0.31360494245283987,0.94081482735851962)
 (-0.31360494245283987,-0.31360494245283987)
 (-0.31360494245283987,-0.31360494245283987)
 (0.31360494245283987,-0.31360494245283987)
 (0.31360494245283987,0.94081482735851962)
 (0.94081482735851962,-0.31360494245283987)
 (-0.31360494245283987,0.94081482735851962)
 (-0.31360494245283987,0.94081482735851962)
 (0.31360494245283987,-0.31360494245283987)
 (0.94081482735851962,0.94081482735851962)
 (0.31360494245283987,0.94081482735851962)
 (0.94081482735851962,-0.31360494245283987)
 (-0.94081482735851962,-0.94081482735851962)
 (-0.94081482735851962,-0.31360494245283987)
 (0.31360494245283987,-0.94081482735851962)
 (0.94081482735851962,-0.31360494245283987)
 (-0.94081482735851962,-0.94081482735851962)
 (0.31360494245283987,0.94081482735851962)
 (0.94081482735851962,-0.31360494245283987)
 (-0.31360494245283987,0.94081482735851962)
 (-0.31360494245283987,0.31360494245283987)
 (0.31360494245283987,-0.31360494245283987)
 (-0.94081482735851962,-0.94081482735851962)
 (0.94081482735851962,0.31360494245283987)
 (-0.31360494245283987,0.94081482735851962)
 (-0.94081482735851962,0.31360494245283987)
 (0.31360494245283987,0.31360494245283987)
 (-0.31360494245283987,0.94081482735851962)
 (0.31360494245283987,-0.94081482735851962)
 (-0.94081482735851962,0.31360494245283987)
 (-0.94081482735851962,-0.31360494245283987)
 (0.31360494245283987,-0.31360494245283987)
 (-0.94081482735851962,0.31360494245283987)
 (-0.31360494245283987,-0.31360494245283987)
 (0.94081482735851962,0.94081482735851962)
 (-0.94081482735851962,-0.94081482735851962)
 (0.31360494245283987,-0.31360494245283987)
 (-0.94081482735851962,-0.31360494245283987)
 (0.31360494245283987,-0.94081482735851962)
 (0.94081482735851962,0.94081482735851962)
 (0.31360494245283987,0.94081482735851962)
 (0.31360494245283987,-0.94081482735851962)
 (0.94081482735851962,-0.94081482735851962)
 (0.94081482735851962,-0.94081482735851962)
 (0.94081482735851962,0.31360494245283987)
 (-0.31360494245283987,0.94081482735851962)
 (0.94081482735851962,0.31360494245283987)
 (-0.31360494245283987,0.94081482735851962)
 (-0.31360494245283987,-0.31360494245283987)
 (0.94081482735851962,-0.31360494245283987)
 (0.31360494245283987,-0.31360494245283987)
 (0.31360494245283987,0.31360494245283987)
 (-0.94081482735851962,0.94081482735851962)
 (0.31360494245283987,-0.31360494245283987)
 (0.94081482735851962,0.31360494245283987)
 (0.31360494245283987,-0.94081482735851962)
 (0.94081482735851962,-0.94081482735851962)
 (-0.94081482735851962,0.31360494245283987)
 (0.31360494245283987,-0.31360494245283987)
 (0.94081482735851962,-0.94081482735851962)
 (0.94081482735851962,0.94081482735851962)
 (0.31360494245283987,0.31360494245283987)
 (0.31360494245283987,0.94081482735851962)
 (-0.31360494245283987,-0.31360494245283987)
 (-0.94081482735851962,0.31360494245283987)
 (-0.94081482735851962,0.31360494245283987)
 (0.94081482735851962,0.31360494245283987)
 (0.31360494245283987,-0.31360494245283987)
 (-0.31360494245283987,0.94081482735851962)
 (-0.31360494245283987,-0.31360494245283987)
 (0.94081482735851962,-0.94081482735851962)
 (-0.31360494245283987,0.94081482735851962)
 (-0.31360494245283987,-0.31360494245283987)
 (-0.94081482735851962,0.94081482735851962)
 (0.94081482735851962,-0.94081482735851962)
 (0.31360494245283987,-0.31360494245283987)
 (-0.94081482735851962,0.94081482735851962)
 (-0.94081482735851962,-0.31360494245283987)
 (-0.94081482735851962,0.94081482735851962)
 (-0.31360494245283987,-0.94081482735851962)
 (0.94081482735851962,-0.94081482735851962)
 (0.94081482735851962,0.31360494245283987)
 (0.31360494245283987,-0.94081482735851962)
 (-0.31360494245283987,0.31360494245283987)
 (0.31360494245283987,0.31360494245283987)
 (0.31360494245283987,-0.31360494245283987)
 (-0.94081482735851962,-0.31360494245283987)
 (-0.31360494245283987,0.94081482735851962)
 (-0.94081482735851962,-0.94081482735851962)
 (0.31360494245283987,0.31360494245283987)
 (-0.94081482735851962,0.31360494245283987)
 (0.94081482735851962,-0.94081482735851962)
 (0.31360494245283987,0.94081482735851962)
 (0.94081482735851962,-0.31360494245283987)
 (0.31360494245283987,-0.31360494245283987)
 (-0.31360494245283987,-0.94081482735851962)
 (0.31360494245283987,-0.94081482735851962)
 (-0.94081482735851962,-0.94081482735851962)
 (-0.31360494245283987,0.31360494245283987)
 (0.94081482735851962,0.94081482735851962)
 (-0.31360494245283987,0.31360494245283987)
 (-0.31360494245283987,0.31360494245283987)
 (-0.31360494245283987,0.94081482735851962)
 (-0.31360494245283987,0.94081482735851962)
 (0.94081482735851962,0.31360494245283987)
 (0.94081482735851962,0.31360494245283987)
 (-0.31360494245283987,-0.94081482735851962)
 (-0.94081482735851962,-0.94081482735851962)
 (0.31360494245283987,0.94081482735851962)
 (0.94081482735851962,-0.94081482735851962)
 (-0.31360494245283987,0.31360494245283987)
 (0.94081482735851962,0.31360494245283987)
 (0.94081482735851962,-0.31360494245283987)
 (0.94081482735851962,-0.31360494245283987)
 (-0.31360494245283987,-0.31360494245283987)
 (-0.31360494245283987,0.94081482735851962)
 (-0.94081482735851962,0.31360494245283987)
 (-0.94081482735851962,0.31360494245283987)
 (-0.31360494245283987,0.31360494245283987)
 (-0.94081482735851962,-0.31360494245283987)
 (0.94081482735851962,0.94081482735851962)
 (-0.31360494245283987,-0.31360494245283987)
 (-0.31360494245283987,0.31360494245283987)
 (-0.31360494245283987,-0.94081482735851962)
 (-0.94081482735851962,0.31360494245283987)
 (-0.31360494245283987,0.31360494245283987)
 (0.94081482735851962,-0.31360494245283987)
 (0.94081482735851962,-0.31360494245283987)
 (-0.94081482735851962,-0.31360494245283987)
 (-0.31360494245283987,-0.94081482735851962)
 (0.31360494245283987,-0.31360494245283987)
 (-0.31360494245283987,0.31360494245283987)
 (0.31360494245283987,-0.31360494245283987)
 (0.94081482735851962,-0.94081482735851962)
 (0.31360494245283987,-0.94081482735851962)
 (-0.94081482735851962,0.94081482735851962)
 (-0.94081482735851962,-0.94081482735851962)
 (0.94081482735851962,-0.94081482735851962)
 (-0.31360494245283987,-0.31360494245283987)
 (-0.31360494245283987,0.94081482735851962)
 (0.94081482735851962,0.31360494245283987)
 (0.94081482735851962,-0.31360494245283987)
 (-0.94081482735851962,0.94081482735851962)
 (0.94081482735851962,0.94081482735851962)
 (0.94081482735851962,0.31360494245283987)
 (0.31360494245283987,0.31360494245283987)
 (0.94081482735851962,-0.94081482735851962)
 (-0.31360494245283987,-0.31360494245283987)
 (-0.94081482735851962,0.31360494245283987)
 (0.94081482735851962,0.94081482735851962)
 (0.94081482735851962,-0.94081482735851962)
 (0.94081482735851962,0.94081482735851962)
