# Created by Octave 8.4.0, Thu Dec 11 09:16:05 2025 IST <gamana@Samsung>
# name: iq
# type: complex matrix
# rows: 2048
# columns: 1
 (-0.31841190086719651,-0.95523570260158963)
 (0.31841190086719651,-0.31841190086719651)
 (-0.95523570260158963,0.95523570260158963)
 (0.31841190086719651,-0.95523570260158963)
 (-0.31841190086719651,0.31841190086719651)
 (0.95523570260158963,-0.31841190086719651)
 (0.31841190086719651,-0.95523570260158963)
 (-0.95523570260158963,-0.31841190086719651)
 (-0.31841190086719651,-0.31841190086719651)
 (0.31841190086719651,0.95523570260158963)
 (-0.31841190086719651,-0.31841190086719651)
 (0.31841190086719651,-0.31841190086719651)
 (0.95523570260158963,-0.31841190086719651)
 (0.95523570260158963,-0.95523570260158963)
 (-0.31841190086719651,-0.95523570260158963)
 (0.95523570260158963,-0.95523570260158963)
 (0.95523570260158963,-0.31841190086719651)
 (0.31841190086719651,0.31841190086719651)
 (-0.95523570260158963,-0.95523570260158963)
 (0.31841190086719651,0.95523570260158963)
 (0.31841190086719651,-0.31841190086719651)
 (-0.31841190086719651,-0.95523570260158963)
 (0.95523570260158963,0.31841190086719651)
 (-0.31841190086719651,0.95523570260158963)
 (0.95523570260158963,0.95523570260158963)
 (0.95523570260158963,0.95523570260158963)
 (0.95523570260158963,-0.31841190086719651)
 (0.31841190086719651,-0.95523570260158963)
 (0.95523570260158963,-0.95523570260158963)
 (-0.31841190086719651,0.31841190086719651)
 (0.31841190086719651,0.95523570260158963)
 (0.95523570260158963,0.31841190086719651)
 (-0.95523570260158963,0.31841190086719651)
 (-0.31841190086719651,0.31841190086719651)
 (0.95523570260158963,0.31841190086719651)
 (0.31841190086719651,0.31841190086719651)
 (-0.31841190086719651,0.31841190086719651)
 (-0.31841190086719651,0.95523570260158963)
 (-0.95523570260158963,0.95523570260158963)
 (0.31841190086719651,0.31841190086719651)
 (0.95523570260158963,-0.31841190086719651)
 (-0.31841190086719651,-0.95523570260158963)
 (-0.95523570260158963,0.95523570260158963)
 (0.31841190086719651,-0.31841190086719651)
 (-0.95523570260158963,0.95523570260158963)
 (0.31841190086719651,-0.95523570260158963)
 (-0.31841190086719651,-0.31841190086719651)
 (-0.95523570260158963,0.95523570260158963)
 (0.31841190086719651,0.31841190086719651)
 (0.95523570260158963,0.31841190086719651)
 (0.95523570260158963,-0.31841190086719651)
 (0.31841190086719651,-0.95523570260158963)
 (-0.31841190086719651,0.95523570260158963)
 (0.95523570260158963,-0.31841190086719651)
 (0.95523570260158963,-0.31841190086719651)
 (0.95523570260158963,-0.95523570260158963)
 (0.31841190086719651,0.31841190086719651)
 (0.31841190086719651,-0.95523570260158963)
 (0.31841190086719651,0.31841190086719651)
 (-0.95523570260158963,-0.31841190086719651)
 (0.95523570260158963,0.95523570260158963)
 (0.31841190086719651,-0.31841190086719651)
 (0.95523570260158963,0.31841190086719651)
 (-0.31841190086719651,0.31841190086719651)
 (-0.95523570260158963,0.95523570260158963)
 (0.31841190086719651,-0.95523570260158963)
 (0.95523570260158963,-0.31841190086719651)
 (0.95523570260158963,-0.95523570260158963)
 (-0.95523570260158963,0.31841190086719651)
 (0.95523570260158963,0.31841190086719651)
 (-0.31841190086719651,0.31841190086719651)
 (0.95523570260158963,-0.31841190086719651)
 (-0.31841190086719651,0.95523570260158963)
 (0.31841190086719651,-0.31841190086719651)
 (0.95523570260158963,-0.31841190086719651)
 (0.95523570260158963,0.95523570260158963)
 (0.31841190086719651,-0.31841190086719651)
 (0.31841190086719651,0.95523570260158963)
 (-0.31841190086719651,0.95523570260158963)
 (0.95523570260158963,-0.95523570260158963)
 (-0.95523570260158963,-0.95523570260158963)
 (-0.31841190086719651,-0.31841190086719651)
 (-0.31841190086719651,-0.31841190086719651)
 (0.31841190086719651,0.95523570260158963)
 (-0.31841190086719651,-0.95523570260158963)
 (-0.95523570260158963,-0.31841190086719651)
 (-0.95523570260158963,0.95523570260158963)
 (-0.31841190086719651,-0.31841190086719651)
 (-0.95523570260158963,-0.95523570260158963)
 (0.95523570260158963,-0.31841190086719651)
 (0.31841190086719651,0.95523570260158963)
 (0.31841190086719651,0.31841190086719651)
 (0.31841190086719651,0.95523570260158963)
 (-0.31841190086719651,-0.95523570260158963)
 (0.31841190086719651,0.95523570260158963)
 (0.95523570260158963,0.31841190086719651)
 (0.95523570260158963,0.95523570260158963)
 (-0.95523570260158963,-0.31841190086719651)
 (0.95523570260158963,-0.31841190086719651)
 (-0.31841190086719651,-0.95523570260158963)
 (-0.95523570260158963,0.31841190086719651)
 (0.31841190086719651,-0.95523570260158963)
 (-0.31841190086719651,0.31841190086719651)
 (-0.95523570260158963,-0.31841190086719651)
 (-0.31841190086719651,0.31841190086719651)
 (0.31841190086719651,-0.31841190086719651)
 (-0.31841190086719651,-0.31841190086719651)
 (0.31841190086719651,-0.95523570260158963)
 (0.31841190086719651,0.31841190086719651)
 (0.95523570260158963,-0.31841190086719651)
 (0.31841190086719651,0.31841190086719651)
 (-0.31841190086719651,-0.95523570260158963)
 (0.31841190086719651,-0.95523570260158963)
 (-0.95523570260158963,-0.95523570260158963)
 (-0.95523570260158963,0.31841190086719651)
 (0.95523570260158963,-0.31841190086719651)
 (-0.31841190086719651,-0.31841190086719651)
 (-0.31841190086719651,-0.95523570260158963)
 (-0.95523570260158963,-0.95523570260158963)
 (0.95523570260158963,-0.31841190086719651)
 (-0.31841190086719651,0.31841190086719651)
 (0.31841190086719651,0.31841190086719651)
 (0.95523570260158963,0.31841190086719651)
 (0.31841190086719651,0.95523570260158963)
 (-0.31841190086719651,-0.95523570260158963)
 (-0.31841190086719651,-0.31841190086719651)
 (-0.95523570260158963,0.95523570260158963)
 (0.95523570260158963,-0.31841190086719651)
 (-0.95523570260158963,-0.95523570260158963)
 (0.31841190086719651,-0.31841190086719651)
 (0.31841190086719651,-0.31841190086719651)
 (-0.95523570260158963,-0.31841190086719651)
 (-0.95523570260158963,-0.95523570260158963)
 (-0.95523570260158963,0.31841190086719651)
 (0.31841190086719651,-0.95523570260158963)
 (0.31841190086719651,-0.31841190086719651)
 (-0.95523570260158963,0.31841190086719651)
 (-0.31841190086719651,-0.95523570260158963)
 (0.31841190086719651,-0.31841190086719651)
 (-0.31841190086719651,0.95523570260158963)
 (0.31841190086719651,0.31841190086719651)
 (0.95523570260158963,0.31841190086719651)
 (0.31841190086719651,-0.95523570260158963)
 (0.31841190086719651,0.95523570260158963)
 (-0.31841190086719651,0.31841190086719651)
 (0.31841190086719651,0.95523570260158963)
 (-0.95523570260158963,0.95523570260158963)
 (0.31841190086719651,-0.95523570260158963)
 (-0.31841190086719651,0.95523570260158963)
 (-0.95523570260158963,-0.31841190086719651)
 (-0.95523570260158963,-0.31841190086719651)
 (0.95523570260158963,0.31841190086719651)
 (-0.31841190086719651,0.95523570260158963)
 (0.31841190086719651,0.31841190086719651)
 (0.95523570260158963,0.31841190086719651)
 (-0.31841190086719651,-0.31841190086719651)
 (0.95523570260158963,-0.31841190086719651)
 (-0.95523570260158963,-0.31841190086719651)
 (0.31841190086719651,-0.31841190086719651)
 (-0.31841190086719651,-0.95523570260158963)
 (-0.95523570260158963,0.31841190086719651)
 (0.31841190086719651,0.31841190086719651)
 (0.95523570260158963,0.95523570260158963)
 (-0.31841190086719651,-0.31841190086719651)
 (0.95523570260158963,-0.31841190086719651)
 (0.31841190086719651,0.95523570260158963)
 (-0.31841190086719651,-0.95523570260158963)
 (-0.95523570260158963,-0.95523570260158963)
 (-0.95523570260158963,-0.95523570260158963)
 (-0.95523570260158963,-0.31841190086719651)
 (-0.95523570260158963,0.31841190086719651)
 (-0.95523570260158963,-0.31841190086719651)
 (-0.31841190086719651,0.31841190086719651)
 (0.95523570260158963,0.95523570260158963)
 (0.31841190086719651,-0.31841190086719651)
 (-0.31841190086719651,-0.95523570260158963)
 (0.95523570260158963,-0.95523570260158963)
 (0.31841190086719651,-0.95523570260158963)
