# Created by Octave 8.4.0, Thu Dec 11 09:16:05 2025 IST <gamana@Samsung>
# name: iq
# type: complex matrix
# rows: 2048
# columns: 1
 (-0.93883321422476262,-0.31294440474158752)
 (-0.31294440474158752,0.31294440474158752)
 (-0.93883321422476262,0.93883321422476262)
 (0.31294440474158752,-0.31294440474158752)
 (-0.31294440474158752,-0.31294440474158752)
 (0.93883321422476262,0.93883321422476262)
 (0.31294440474158752,-0.31294440474158752)
 (-0.93883321422476262,-0.93883321422476262)
 (0.93883321422476262,-0.93883321422476262)
 (0.31294440474158752,-0.93883321422476262)
 (-0.31294440474158752,-0.93883321422476262)
 (-0.31294440474158752,-0.93883321422476262)
 (0.93883321422476262,0.93883321422476262)
 (-0.31294440474158752,-0.93883321422476262)
 (0.93883321422476262,0.31294440474158752)
 (0.31294440474158752,-0.31294440474158752)
 (0.31294440474158752,-0.93883321422476262)
 (-0.31294440474158752,-0.31294440474158752)
 (-0.31294440474158752,-0.93883321422476262)
 (0.93883321422476262,-0.31294440474158752)
 (0.93883321422476262,0.31294440474158752)
 (-0.31294440474158752,-0.93883321422476262)
 (0.31294440474158752,0.93883321422476262)
 (0.93883321422476262,-0.93883321422476262)
 (0.31294440474158752,-0.93883321422476262)
 (0.31294440474158752,-0.93883321422476262)
 (0.93883321422476262,0.31294440474158752)
 (0.93883321422476262,0.93883321422476262)
 (0.31294440474158752,-0.31294440474158752)
 (0.31294440474158752,-0.31294440474158752)
 (0.93883321422476262,0.31294440474158752)
 (-0.31294440474158752,-0.93883321422476262)
 (-0.31294440474158752,-0.93883321422476262)
 (-0.93883321422476262,0.93883321422476262)
 (0.31294440474158752,-0.31294440474158752)
 (-0.31294440474158752,-0.31294440474158752)
 (0.31294440474158752,0.31294440474158752)
 (0.93883321422476262,-0.31294440474158752)
 (-0.93883321422476262,0.31294440474158752)
 (0.93883321422476262,-0.31294440474158752)
 (-0.93883321422476262,-0.31294440474158752)
 (0.31294440474158752,-0.93883321422476262)
 (0.31294440474158752,-0.93883321422476262)
 (-0.31294440474158752,0.31294440474158752)
 (-0.93883321422476262,0.93883321422476262)
 (-0.31294440474158752,0.31294440474158752)
 (-0.93883321422476262,-0.31294440474158752)
 (0.31294440474158752,0.93883321422476262)
 (-0.31294440474158752,-0.31294440474158752)
 (0.31294440474158752,0.31294440474158752)
 (-0.31294440474158752,-0.31294440474158752)
 (0.93883321422476262,0.31294440474158752)
 (-0.93883321422476262,0.93883321422476262)
 (-0.93883321422476262,-0.93883321422476262)
 (0.31294440474158752,0.31294440474158752)
 (0.93883321422476262,0.93883321422476262)
 (0.93883321422476262,-0.31294440474158752)
 (0.93883321422476262,-0.93883321422476262)
 (-0.31294440474158752,-0.31294440474158752)
 (0.93883321422476262,-0.31294440474158752)
 (0.31294440474158752,0.31294440474158752)
 (0.31294440474158752,-0.93883321422476262)
 (0.93883321422476262,-0.31294440474158752)
 (0.93883321422476262,-0.93883321422476262)
 (0.31294440474158752,0.31294440474158752)
 (-0.31294440474158752,-0.31294440474158752)
 (-0.31294440474158752,0.31294440474158752)
 (-0.31294440474158752,0.93883321422476262)
 (0.31294440474158752,0.93883321422476262)
 (0.93883321422476262,0.93883321422476262)
 (-0.31294440474158752,-0.31294440474158752)
 (-0.93883321422476262,-0.93883321422476262)
 (-0.93883321422476262,0.31294440474158752)
 (-0.31294440474158752,0.93883321422476262)
 (-0.31294440474158752,0.93883321422476262)
 (0.93883321422476262,-0.93883321422476262)
 (0.93883321422476262,0.93883321422476262)
 (0.31294440474158752,-0.93883321422476262)
 (0.31294440474158752,0.31294440474158752)
 (0.93883321422476262,-0.31294440474158752)
 (0.93883321422476262,0.93883321422476262)
 (0.93883321422476262,-0.31294440474158752)
 (-0.93883321422476262,-0.93883321422476262)
 (0.93883321422476262,-0.31294440474158752)
 (-0.93883321422476262,0.31294440474158752)
 (-0.31294440474158752,0.93883321422476262)
 (-0.93883321422476262,0.93883321422476262)
 (-0.31294440474158752,-0.93883321422476262)
 (0.31294440474158752,0.31294440474158752)
 (0.31294440474158752,0.93883321422476262)
 (0.31294440474158752,-0.31294440474158752)
 (-0.31294440474158752,-0.31294440474158752)
 (-0.93883321422476262,-0.31294440474158752)
 (-0.93883321422476262,0.93883321422476262)
 (0.31294440474158752,0.93883321422476262)
 (0.93883321422476262,-0.31294440474158752)
 (-0.93883321422476262,-0.31294440474158752)
 (-0.93883321422476262,-0.31294440474158752)
 (-0.93883321422476262,-0.93883321422476262)
 (0.93883321422476262,0.93883321422476262)
 (0.93883321422476262,-0.31294440474158752)
 (-0.31294440474158752,0.93883321422476262)
 (0.31294440474158752,-0.31294440474158752)
 (0.93883321422476262,-0.93883321422476262)
 (0.31294440474158752,0.93883321422476262)
 (-0.31294440474158752,-0.31294440474158752)
 (0.93883321422476262,0.93883321422476262)
 (-0.93883321422476262,0.93883321422476262)
 (0.31294440474158752,-0.93883321422476262)
 (0.93883321422476262,0.93883321422476262)
 (-0.31294440474158752,-0.93883321422476262)
 (-0.31294440474158752,0.31294440474158752)
 (-0.31294440474158752,-0.93883321422476262)
 (-0.93883321422476262,-0.31294440474158752)
 (0.93883321422476262,-0.93883321422476262)
 (-0.31294440474158752,0.31294440474158752)
 (0.31294440474158752,0.93883321422476262)
 (0.31294440474158752,-0.31294440474158752)
 (-0.31294440474158752,0.31294440474158752)
 (0.93883321422476262,0.31294440474158752)
 (0.31294440474158752,0.31294440474158752)
 (0.93883321422476262,-0.31294440474158752)
 (0.93883321422476262,0.31294440474158752)
 (0.93883321422476262,0.31294440474158752)
 (-0.31294440474158752,-0.31294440474158752)
 (-0.31294440474158752,0.93883321422476262)
 (-0.93883321422476262,-0.93883321422476262)
 (0.93883321422476262,-0.93883321422476262)
 (0.31294440474158752,0.31294440474158752)
 (-0.31294440474158752,-0.93883321422476262)
 (-0.93883321422476262,0.93883321422476262)
 (-0.93883321422476262,0.31294440474158752)
 (-0.93883321422476262,-0.93883321422476262)
 (-0.93883321422476262,-0.93883321422476262)
 (0.31294440474158752,-0.31294440474158752)
 (-0.93883321422476262,0.93883321422476262)
 (0.31294440474158752,0.93883321422476262)
 (0.31294440474158752,0.31294440474158752)
 (-0.31294440474158752,-0.31294440474158752)
 (0.93883321422476262,0.93883321422476262)
 (0.31294440474158752,0.31294440474158752)
 (0.31294440474158752,0.31294440474158752)
 (0.93883321422476262,-0.31294440474158752)
 (0.93883321422476262,0.31294440474158752)
 (-0.31294440474158752,-0.93883321422476262)
 (-0.31294440474158752,0.31294440474158752)
 (-0.31294440474158752,0.31294440474158752)
 (0.31294440474158752,0.93883321422476262)
 (0.93883321422476262,-0.93883321422476262)
 (-0.31294440474158752,0.93883321422476262)
 (-0.93883321422476262,0.31294440474158752)
 (-0.31294440474158752,0.93883321422476262)
 (0.93883321422476262,0.93883321422476262)
 (0.31294440474158752,-0.93883321422476262)
 (-0.93883321422476262,0.31294440474158752)
 (-0.93883321422476262,0.31294440474158752)
 (-0.93883321422476262,-0.31294440474158752)
 (-0.93883321422476262,-0.93883321422476262)
 (0.93883321422476262,-0.93883321422476262)
 (0.93883321422476262,0.31294440474158752)
 (-0.93883321422476262,-0.93883321422476262)
 (0.93883321422476262,-0.93883321422476262)
 (0.93883321422476262,0.31294440474158752)
 (-0.31294440474158752,-0.31294440474158752)
 (-0.31294440474158752,-0.93883321422476262)
 (0.31294440474158752,0.93883321422476262)
 (-0.93883321422476262,-0.31294440474158752)
 (-0.31294440474158752,-0.31294440474158752)
 (-0.31294440474158752,-0.93883321422476262)
 (0.31294440474158752,-0.31294440474158752)
 (-0.31294440474158752,-0.31294440474158752)
 (-0.31294440474158752,0.93883321422476262)
 (0.93883321422476262,-0.93883321422476262)
 (-0.93883321422476262,0.31294440474158752)
 (0.93883321422476262,-0.31294440474158752)
 (0.93883321422476262,-0.93883321422476262)
 (-0.93883321422476262,0.31294440474158752)
 (-0.31294440474158752,0.93883321422476262)
