# Created by Octave 8.4.0, Thu Dec 11 09:16:05 2025 IST <gamana@Samsung>
# name: iq
# type: complex matrix
# rows: 2048
# columns: 1
 (-0.95128804234730169,0.31709601411576721)
 (0.95128804234730169,-0.31709601411576721)
 (-0.95128804234730169,0.31709601411576721)
 (0.31709601411576721,-0.31709601411576721)
 (-0.31709601411576721,0.31709601411576721)
 (-0.31709601411576721,-0.31709601411576721)
 (-0.31709601411576721,0.31709601411576721)
 (-0.95128804234730169,0.31709601411576721)
 (0.31709601411576721,0.95128804234730169)
 (-0.95128804234730169,-0.31709601411576721)
 (-0.95128804234730169,-0.31709601411576721)
 (0.31709601411576721,0.95128804234730169)
 (0.95128804234730169,0.31709601411576721)
 (-0.31709601411576721,-0.95128804234730169)
 (-0.31709601411576721,0.31709601411576721)
 (0.95128804234730169,-0.31709601411576721)
 (0.95128804234730169,0.31709601411576721)
 (0.31709601411576721,0.31709601411576721)
 (0.95128804234730169,-0.31709601411576721)
 (0.95128804234730169,-0.95128804234730169)
 (-0.31709601411576721,-0.95128804234730169)
 (0.95128804234730169,-0.95128804234730169)
 (0.31709601411576721,-0.31709601411576721)
 (-0.31709601411576721,-0.95128804234730169)
 (-0.95128804234730169,-0.31709601411576721)
 (0.31709601411576721,-0.31709601411576721)
 (-0.31709601411576721,0.95128804234730169)
 (-0.95128804234730169,-0.31709601411576721)
 (-0.95128804234730169,-0.31709601411576721)
 (0.95128804234730169,-0.31709601411576721)
 (0.31709601411576721,0.95128804234730169)
 (-0.95128804234730169,0.31709601411576721)
 (0.31709601411576721,-0.95128804234730169)
 (-0.95128804234730169,-0.31709601411576721)
 (-0.95128804234730169,0.95128804234730169)
 (-0.95128804234730169,0.31709601411576721)
 (-0.31709601411576721,-0.95128804234730169)
 (-0.31709601411576721,0.31709601411576721)
 (-0.31709601411576721,0.31709601411576721)
 (0.95128804234730169,-0.95128804234730169)
 (-0.95128804234730169,0.95128804234730169)
 (-0.31709601411576721,0.31709601411576721)
 (0.31709601411576721,-0.95128804234730169)
 (-0.95128804234730169,0.31709601411576721)
 (0.95128804234730169,-0.95128804234730169)
 (0.95128804234730169,0.31709601411576721)
 (0.95128804234730169,-0.31709601411576721)
 (0.31709601411576721,0.95128804234730169)
 (0.95128804234730169,0.31709601411576721)
 (0.31709601411576721,0.95128804234730169)
 (0.95128804234730169,0.31709601411576721)
 (-0.95128804234730169,-0.95128804234730169)
 (0.31709601411576721,0.31709601411576721)
 (0.31709601411576721,-0.31709601411576721)
 (0.95128804234730169,-0.31709601411576721)
 (-0.31709601411576721,-0.95128804234730169)
 (-0.95128804234730169,0.95128804234730169)
 (0.95128804234730169,-0.95128804234730169)
 (0.95128804234730169,-0.31709601411576721)
 (0.31709601411576721,0.31709601411576721)
 (-0.31709601411576721,0.31709601411576721)
 (-0.31709601411576721,-0.95128804234730169)
 (0.95128804234730169,0.95128804234730169)
 (0.95128804234730169,0.31709601411576721)
 (-0.95128804234730169,0.95128804234730169)
 (0.95128804234730169,-0.95128804234730169)
 (0.95128804234730169,0.95128804234730169)
 (0.95128804234730169,-0.31709601411576721)
 (0.31709601411576721,0.31709601411576721)
 (0.95128804234730169,-0.31709601411576721)
 (-0.95128804234730169,0.31709601411576721)
 (0.95128804234730169,-0.95128804234730169)
 (0.95128804234730169,0.95128804234730169)
 (-0.95128804234730169,-0.31709601411576721)
 (-0.31709601411576721,0.95128804234730169)
 (-0.31709601411576721,0.95128804234730169)
 (0.95128804234730169,0.95128804234730169)
 (-0.31709601411576721,-0.31709601411576721)
 (-0.31709601411576721,0.31709601411576721)
 (0.31709601411576721,-0.31709601411576721)
 (0.95128804234730169,-0.95128804234730169)
 (-0.31709601411576721,0.31709601411576721)
 (0.31709601411576721,0.31709601411576721)
 (0.95128804234730169,0.31709601411576721)
 (-0.31709601411576721,0.31709601411576721)
 (-0.31709601411576721,-0.31709601411576721)
 (-0.31709601411576721,0.31709601411576721)
 (0.31709601411576721,0.95128804234730169)
 (0.31709601411576721,-0.31709601411576721)
 (-0.95128804234730169,-0.95128804234730169)
 (-0.31709601411576721,-0.31709601411576721)
 (0.31709601411576721,0.95128804234730169)
 (0.95128804234730169,-0.31709601411576721)
 (0.95128804234730169,-0.95128804234730169)
 (-0.31709601411576721,-0.95128804234730169)
 (-0.95128804234730169,0.31709601411576721)
 (-0.95128804234730169,0.95128804234730169)
 (0.95128804234730169,0.31709601411576721)
 (0.31709601411576721,0.31709601411576721)
 (-0.95128804234730169,-0.31709601411576721)
 (-0.95128804234730169,0.95128804234730169)
 (0.95128804234730169,-0.95128804234730169)
 (-0.95128804234730169,-0.31709601411576721)
 (-0.31709601411576721,-0.95128804234730169)
 (0.31709601411576721,-0.95128804234730169)
 (0.31709601411576721,0.31709601411576721)
 (-0.95128804234730169,0.95128804234730169)
 (-0.95128804234730169,0.95128804234730169)
 (0.95128804234730169,-0.95128804234730169)
 (-0.95128804234730169,-0.95128804234730169)
 (-0.31709601411576721,0.95128804234730169)
 (0.31709601411576721,-0.95128804234730169)
 (0.31709601411576721,0.95128804234730169)
 (0.31709601411576721,-0.31709601411576721)
 (-0.95128804234730169,-0.95128804234730169)
 (0.95128804234730169,-0.31709601411576721)
 (0.31709601411576721,0.31709601411576721)
 (-0.31709601411576721,0.95128804234730169)
 (-0.31709601411576721,0.95128804234730169)
 (-0.95128804234730169,-0.95128804234730169)
 (0.95128804234730169,0.31709601411576721)
 (0.95128804234730169,0.31709601411576721)
 (0.95128804234730169,0.95128804234730169)
 (-0.95128804234730169,-0.95128804234730169)
 (-0.31709601411576721,0.31709601411576721)
 (0.31709601411576721,-0.31709601411576721)
 (0.31709601411576721,-0.95128804234730169)
 (-0.31709601411576721,0.31709601411576721)
 (0.31709601411576721,-0.31709601411576721)
 (0.95128804234730169,0.31709601411576721)
 (0.31709601411576721,-0.31709601411576721)
 (-0.95128804234730169,0.31709601411576721)
 (0.31709601411576721,0.95128804234730169)
 (-0.95128804234730169,-0.31709601411576721)
 (0.31709601411576721,0.31709601411576721)
 (-0.31709601411576721,-0.31709601411576721)
 (-0.31709601411576721,-0.95128804234730169)
 (-0.31709601411576721,0.95128804234730169)
 (-0.31709601411576721,0.31709601411576721)
 (0.95128804234730169,0.95128804234730169)
 (-0.95128804234730169,-0.31709601411576721)
 (-0.95128804234730169,0.95128804234730169)
 (0.95128804234730169,-0.95128804234730169)
 (-0.31709601411576721,-0.31709601411576721)
 (0.31709601411576721,0.95128804234730169)
 (0.31709601411576721,0.95128804234730169)
 (-0.95128804234730169,-0.95128804234730169)
 (0.31709601411576721,0.31709601411576721)
 (0.95128804234730169,-0.31709601411576721)
 (0.31709601411576721,-0.31709601411576721)
 (-0.31709601411576721,-0.31709601411576721)
 (-0.31709601411576721,0.95128804234730169)
 (0.95128804234730169,0.31709601411576721)
 (-0.31709601411576721,0.31709601411576721)
 (-0.31709601411576721,0.31709601411576721)
 (0.95128804234730169,0.95128804234730169)
 (-0.95128804234730169,0.95128804234730169)
 (-0.31709601411576721,0.95128804234730169)
 (-0.95128804234730169,0.31709601411576721)
 (-0.31709601411576721,0.31709601411576721)
 (-0.31709601411576721,0.95128804234730169)
 (0.31709601411576721,0.31709601411576721)
 (-0.95128804234730169,0.95128804234730169)
 (-0.31709601411576721,-0.31709601411576721)
 (0.31709601411576721,0.95128804234730169)
 (-0.31709601411576721,-0.95128804234730169)
 (-0.95128804234730169,0.95128804234730169)
 (-0.95128804234730169,0.31709601411576721)
 (0.95128804234730169,-0.31709601411576721)
 (0.31709601411576721,0.95128804234730169)
 (0.95128804234730169,0.31709601411576721)
 (-0.95128804234730169,-0.95128804234730169)
 (0.31709601411576721,0.95128804234730169)
 (0.95128804234730169,-0.31709601411576721)
 (-0.31709601411576721,-0.95128804234730169)
 (0.95128804234730169,-0.95128804234730169)
 (-0.95128804234730169,0.95128804234730169)
 (0.31709601411576721,-0.95128804234730169)
