# Created by Octave 8.4.0, Thu Dec 11 09:16:05 2025 IST <gamana@Samsung>
# name: iq
# type: complex matrix
# rows: 2048
# columns: 1
 (0.95147491751703417,-0.95147491751703417)
 (0.31715830583901139,0.31715830583901139)
 (0.31715830583901139,0.95147491751703417)
 (-0.95147491751703417,-0.95147491751703417)
 (0.31715830583901139,0.31715830583901139)
 (0.95147491751703417,-0.95147491751703417)
 (-0.95147491751703417,0.95147491751703417)
 (0.31715830583901139,-0.31715830583901139)
 (-0.95147491751703417,-0.31715830583901139)
 (-0.95147491751703417,-0.95147491751703417)
 (-0.95147491751703417,0.31715830583901139)
 (0.31715830583901139,-0.31715830583901139)
 (-0.95147491751703417,-0.31715830583901139)
 (0.31715830583901139,-0.95147491751703417)
 (-0.95147491751703417,0.31715830583901139)
 (0.95147491751703417,0.31715830583901139)
 (0.95147491751703417,0.95147491751703417)
 (0.95147491751703417,0.95147491751703417)
 (-0.95147491751703417,-0.95147491751703417)
 (0.31715830583901139,0.95147491751703417)
 (0.95147491751703417,-0.95147491751703417)
 (-0.31715830583901139,0.95147491751703417)
 (0.95147491751703417,0.31715830583901139)
 (0.95147491751703417,0.95147491751703417)
 (0.31715830583901139,-0.95147491751703417)
 (0.95147491751703417,0.31715830583901139)
 (-0.95147491751703417,-0.95147491751703417)
 (0.31715830583901139,0.31715830583901139)
 (0.31715830583901139,-0.31715830583901139)
 (0.31715830583901139,-0.31715830583901139)
 (0.31715830583901139,-0.31715830583901139)
 (0.95147491751703417,-0.31715830583901139)
 (-0.31715830583901139,0.95147491751703417)
 (-0.31715830583901139,0.95147491751703417)
 (0.95147491751703417,-0.31715830583901139)
 (-0.95147491751703417,0.31715830583901139)
 (0.31715830583901139,0.31715830583901139)
 (0.31715830583901139,0.95147491751703417)
 (-0.31715830583901139,-0.31715830583901139)
 (-0.31715830583901139,0.31715830583901139)
 (-0.95147491751703417,0.95147491751703417)
 (-0.95147491751703417,-0.31715830583901139)
 (0.95147491751703417,0.31715830583901139)
 (-0.31715830583901139,-0.95147491751703417)
 (-0.31715830583901139,-0.31715830583901139)
 (0.95147491751703417,-0.95147491751703417)
 (0.95147491751703417,0.95147491751703417)
 (0.95147491751703417,-0.95147491751703417)
 (0.31715830583901139,-0.31715830583901139)
 (0.95147491751703417,-0.95147491751703417)
 (-0.31715830583901139,0.31715830583901139)
 (-0.95147491751703417,-0.95147491751703417)
 (-0.31715830583901139,-0.31715830583901139)
 (-0.31715830583901139,-0.31715830583901139)
 (-0.95147491751703417,0.95147491751703417)
 (-0.95147491751703417,-0.95147491751703417)
 (0.95147491751703417,0.31715830583901139)
 (-0.95147491751703417,0.95147491751703417)
 (-0.31715830583901139,-0.31715830583901139)
 (0.31715830583901139,-0.95147491751703417)
 (-0.95147491751703417,0.95147491751703417)
 (-0.95147491751703417,-0.31715830583901139)
 (0.31715830583901139,0.31715830583901139)
 (0.31715830583901139,0.95147491751703417)
 (0.31715830583901139,-0.31715830583901139)
 (0.95147491751703417,0.31715830583901139)
 (-0.95147491751703417,0.31715830583901139)
 (0.95147491751703417,-0.95147491751703417)
 (-0.31715830583901139,0.31715830583901139)
 (-0.95147491751703417,0.95147491751703417)
 (-0.31715830583901139,0.31715830583901139)
 (-0.95147491751703417,-0.95147491751703417)
 (0.31715830583901139,0.95147491751703417)
 (0.95147491751703417,-0.95147491751703417)
 (-0.95147491751703417,-0.95147491751703417)
 (-0.95147491751703417,-0.31715830583901139)
 (0.31715830583901139,-0.31715830583901139)
 (0.95147491751703417,-0.31715830583901139)
 (-0.95147491751703417,-0.31715830583901139)
 (-0.95147491751703417,0.31715830583901139)
 (-0.31715830583901139,-0.31715830583901139)
 (0.95147491751703417,-0.95147491751703417)
 (-0.31715830583901139,-0.95147491751703417)
 (0.31715830583901139,-0.31715830583901139)
 (0.31715830583901139,-0.95147491751703417)
 (-0.31715830583901139,-0.95147491751703417)
 (-0.31715830583901139,-0.31715830583901139)
 (0.95147491751703417,0.31715830583901139)
 (-0.95147491751703417,-0.31715830583901139)
 (-0.95147491751703417,0.95147491751703417)
 (-0.31715830583901139,-0.95147491751703417)
 (0.95147491751703417,-0.95147491751703417)
 (-0.95147491751703417,-0.95147491751703417)
 (-0.95147491751703417,0.95147491751703417)
 (-0.31715830583901139,-0.31715830583901139)
 (-0.95147491751703417,0.31715830583901139)
 (-0.31715830583901139,-0.95147491751703417)
 (0.31715830583901139,0.31715830583901139)
 (0.31715830583901139,-0.31715830583901139)
 (-0.95147491751703417,-0.31715830583901139)
 (0.31715830583901139,0.95147491751703417)
 (0.95147491751703417,-0.31715830583901139)
 (-0.95147491751703417,-0.95147491751703417)
 (0.31715830583901139,0.95147491751703417)
 (0.31715830583901139,-0.31715830583901139)
 (-0.95147491751703417,-0.31715830583901139)
 (-0.31715830583901139,0.95147491751703417)
 (-0.95147491751703417,0.31715830583901139)
 (-0.31715830583901139,0.95147491751703417)
 (0.95147491751703417,-0.31715830583901139)
 (-0.95147491751703417,-0.31715830583901139)
 (0.31715830583901139,-0.31715830583901139)
 (-0.95147491751703417,0.95147491751703417)
 (-0.31715830583901139,0.31715830583901139)
 (0.95147491751703417,-0.31715830583901139)
 (-0.95147491751703417,0.95147491751703417)
 (-0.95147491751703417,0.31715830583901139)
 (0.95147491751703417,0.31715830583901139)
 (0.31715830583901139,0.95147491751703417)
 (0.31715830583901139,0.95147491751703417)
 (0.31715830583901139,0.31715830583901139)
 (-0.31715830583901139,0.31715830583901139)
 (0.95147491751703417,-0.95147491751703417)
 (-0.95147491751703417,-0.31715830583901139)
 (0.95147491751703417,-0.31715830583901139)
 (0.31715830583901139,-0.31715830583901139)
 (0.95147491751703417,0.95147491751703417)
 (-0.31715830583901139,-0.95147491751703417)
 (-0.95147491751703417,-0.95147491751703417)
 (0.95147491751703417,-0.31715830583901139)
 (0.31715830583901139,0.31715830583901139)
 (-0.95147491751703417,0.31715830583901139)
 (-0.95147491751703417,0.31715830583901139)
 (-0.95147491751703417,-0.31715830583901139)
 (0.95147491751703417,0.95147491751703417)
 (-0.31715830583901139,0.31715830583901139)
 (0.95147491751703417,0.31715830583901139)
 (-0.31715830583901139,0.95147491751703417)
 (0.95147491751703417,-0.95147491751703417)
 (-0.31715830583901139,0.31715830583901139)
 (-0.31715830583901139,0.31715830583901139)
 (0.95147491751703417,-0.95147491751703417)
 (-0.31715830583901139,-0.31715830583901139)
 (-0.31715830583901139,-0.31715830583901139)
 (-0.31715830583901139,-0.31715830583901139)
 (0.95147491751703417,0.95147491751703417)
 (0.95147491751703417,0.95147491751703417)
 (0.95147491751703417,-0.95147491751703417)
 (-0.95147491751703417,-0.31715830583901139)
 (0.95147491751703417,-0.95147491751703417)
 (-0.31715830583901139,-0.95147491751703417)
 (0.31715830583901139,0.95147491751703417)
 (0.31715830583901139,0.95147491751703417)
 (-0.95147491751703417,-0.95147491751703417)
 (0.31715830583901139,0.31715830583901139)
 (-0.95147491751703417,-0.31715830583901139)
 (0.95147491751703417,0.31715830583901139)
 (-0.31715830583901139,-0.31715830583901139)
 (0.31715830583901139,-0.31715830583901139)
 (-0.95147491751703417,0.95147491751703417)
 (-0.95147491751703417,0.31715830583901139)
 (0.31715830583901139,-0.31715830583901139)
 (-0.95147491751703417,-0.95147491751703417)
 (0.95147491751703417,-0.95147491751703417)
 (-0.31715830583901139,-0.31715830583901139)
 (-0.31715830583901139,0.95147491751703417)
 (0.95147491751703417,-0.95147491751703417)
 (-0.31715830583901139,-0.31715830583901139)
 (0.95147491751703417,-0.95147491751703417)
 (0.31715830583901139,-0.31715830583901139)
 (0.95147491751703417,-0.95147491751703417)
 (0.31715830583901139,0.95147491751703417)
 (0.31715830583901139,0.31715830583901139)
 (0.31715830583901139,-0.95147491751703417)
 (-0.95147491751703417,-0.95147491751703417)
 (-0.95147491751703417,0.95147491751703417)
 (0.31715830583901139,-0.31715830583901139)
 (0.95147491751703417,0.95147491751703417)
