# Created by Octave 8.4.0, Thu Dec 11 09:16:05 2025 IST <gamana@Samsung>
# name: iq
# type: complex matrix
# rows: 2048
# columns: 1
 (-0.31475579014585348,-0.94426737043756048)
 (-0.94426737043756048,-0.94426737043756048)
 (-0.94426737043756048,-0.94426737043756048)
 (-0.94426737043756048,0.94426737043756048)
 (-0.31475579014585348,-0.31475579014585348)
 (0.31475579014585348,0.94426737043756048)
 (0.94426737043756048,-0.31475579014585348)
 (0.94426737043756048,0.31475579014585348)
 (-0.94426737043756048,-0.31475579014585348)
 (-0.94426737043756048,-0.31475579014585348)
 (-0.31475579014585348,0.31475579014585348)
 (-0.94426737043756048,0.94426737043756048)
 (0.31475579014585348,0.31475579014585348)
 (-0.31475579014585348,-0.94426737043756048)
 (0.31475579014585348,0.31475579014585348)
 (0.31475579014585348,0.31475579014585348)
 (0.94426737043756048,-0.31475579014585348)
 (0.94426737043756048,-0.94426737043756048)
 (0.31475579014585348,0.94426737043756048)
 (0.31475579014585348,0.94426737043756048)
 (0.31475579014585348,0.94426737043756048)
 (0.94426737043756048,-0.94426737043756048)
 (-0.94426737043756048,-0.31475579014585348)
 (0.31475579014585348,-0.31475579014585348)
 (-0.31475579014585348,-0.94426737043756048)
 (-0.31475579014585348,-0.94426737043756048)
 (-0.31475579014585348,0.31475579014585348)
 (0.94426737043756048,-0.94426737043756048)
 (-0.94426737043756048,0.94426737043756048)
 (-0.94426737043756048,0.31475579014585348)
 (0.94426737043756048,-0.94426737043756048)
 (0.94426737043756048,0.94426737043756048)
 (0.94426737043756048,0.94426737043756048)
 (-0.94426737043756048,0.94426737043756048)
 (0.31475579014585348,0.94426737043756048)
 (-0.94426737043756048,-0.94426737043756048)
 (-0.31475579014585348,-0.94426737043756048)
 (-0.94426737043756048,-0.94426737043756048)
 (-0.31475579014585348,-0.31475579014585348)
 (0.31475579014585348,0.94426737043756048)
 (-0.31475579014585348,0.94426737043756048)
 (0.94426737043756048,0.94426737043756048)
 (0.94426737043756048,-0.31475579014585348)
 (0.94426737043756048,0.31475579014585348)
 (0.94426737043756048,-0.31475579014585348)
 (0.94426737043756048,-0.31475579014585348)
 (-0.94426737043756048,-0.31475579014585348)
 (-0.94426737043756048,-0.94426737043756048)
 (0.94426737043756048,0.94426737043756048)
 (-0.94426737043756048,0.31475579014585348)
 (0.94426737043756048,-0.94426737043756048)
 (-0.31475579014585348,0.31475579014585348)
 (0.31475579014585348,0.31475579014585348)
 (-0.94426737043756048,-0.94426737043756048)
 (0.31475579014585348,0.94426737043756048)
 (0.31475579014585348,0.31475579014585348)
 (-0.94426737043756048,-0.31475579014585348)
 (-0.94426737043756048,-0.31475579014585348)
 (0.31475579014585348,0.31475579014585348)
 (-0.94426737043756048,-0.94426737043756048)
 (-0.31475579014585348,0.31475579014585348)
 (0.94426737043756048,-0.31475579014585348)
 (0.31475579014585348,-0.31475579014585348)
 (-0.31475579014585348,-0.94426737043756048)
 (0.31475579014585348,0.94426737043756048)
 (0.94426737043756048,0.31475579014585348)
 (-0.31475579014585348,0.31475579014585348)
 (-0.94426737043756048,0.94426737043756048)
 (0.94426737043756048,0.94426737043756048)
 (0.94426737043756048,0.31475579014585348)
 (0.94426737043756048,0.94426737043756048)
 (0.31475579014585348,0.94426737043756048)
 (0.31475579014585348,0.94426737043756048)
 (-0.94426737043756048,-0.94426737043756048)
 (0.31475579014585348,-0.31475579014585348)
 (0.31475579014585348,0.31475579014585348)
 (0.31475579014585348,-0.31475579014585348)
 (-0.31475579014585348,-0.31475579014585348)
 (0.31475579014585348,0.94426737043756048)
 (-0.31475579014585348,0.94426737043756048)
 (0.94426737043756048,-0.31475579014585348)
 (-0.31475579014585348,-0.31475579014585348)
 (0.31475579014585348,-0.31475579014585348)
 (-0.94426737043756048,0.31475579014585348)
 (-0.31475579014585348,-0.94426737043756048)
 (-0.31475579014585348,-0.31475579014585348)
 (-0.31475579014585348,-0.94426737043756048)
 (-0.31475579014585348,-0.94426737043756048)
 (-0.94426737043756048,0.31475579014585348)
 (-0.94426737043756048,-0.94426737043756048)
 (-0.94426737043756048,-0.94426737043756048)
 (-0.31475579014585348,0.31475579014585348)
 (0.94426737043756048,-0.31475579014585348)
 (-0.94426737043756048,-0.31475579014585348)
 (-0.94426737043756048,0.94426737043756048)
 (-0.31475579014585348,0.31475579014585348)
 (-0.31475579014585348,0.31475579014585348)
 (-0.31475579014585348,0.94426737043756048)
 (0.31475579014585348,-0.94426737043756048)
 (-0.31475579014585348,0.31475579014585348)
 (0.94426737043756048,-0.31475579014585348)
 (-0.94426737043756048,-0.94426737043756048)
 (-0.94426737043756048,-0.31475579014585348)
 (0.94426737043756048,-0.94426737043756048)
 (0.31475579014585348,-0.31475579014585348)
 (0.94426737043756048,-0.31475579014585348)
 (-0.94426737043756048,-0.31475579014585348)
 (-0.94426737043756048,-0.31475579014585348)
 (-0.94426737043756048,-0.94426737043756048)
 (-0.94426737043756048,-0.31475579014585348)
 (0.94426737043756048,-0.31475579014585348)
 (-0.94426737043756048,0.94426737043756048)
 (0.31475579014585348,0.94426737043756048)
 (-0.94426737043756048,0.31475579014585348)
 (-0.31475579014585348,-0.94426737043756048)
 (0.94426737043756048,-0.31475579014585348)
 (-0.31475579014585348,0.31475579014585348)
 (-0.94426737043756048,-0.31475579014585348)
 (0.94426737043756048,0.94426737043756048)
 (-0.94426737043756048,-0.94426737043756048)
 (-0.31475579014585348,0.94426737043756048)
 (-0.31475579014585348,-0.94426737043756048)
 (0.94426737043756048,0.31475579014585348)
 (0.94426737043756048,0.31475579014585348)
 (0.31475579014585348,-0.31475579014585348)
 (0.94426737043756048,0.31475579014585348)
 (0.94426737043756048,-0.94426737043756048)
 (0.31475579014585348,0.94426737043756048)
 (-0.31475579014585348,0.94426737043756048)
 (-0.31475579014585348,0.31475579014585348)
 (0.94426737043756048,-0.31475579014585348)
 (-0.31475579014585348,-0.31475579014585348)
 (0.31475579014585348,0.94426737043756048)
 (-0.31475579014585348,0.94426737043756048)
 (-0.31475579014585348,-0.94426737043756048)
 (0.94426737043756048,0.94426737043756048)
 (-0.31475579014585348,-0.31475579014585348)
 (-0.31475579014585348,-0.31475579014585348)
 (-0.94426737043756048,0.31475579014585348)
 (-0.94426737043756048,-0.31475579014585348)
 (0.94426737043756048,-0.94426737043756048)
 (-0.94426737043756048,-0.31475579014585348)
 (0.94426737043756048,0.31475579014585348)
 (0.31475579014585348,-0.94426737043756048)
 (0.31475579014585348,-0.94426737043756048)
 (-0.31475579014585348,0.94426737043756048)
 (0.31475579014585348,-0.94426737043756048)
 (-0.31475579014585348,-0.31475579014585348)
 (0.94426737043756048,0.31475579014585348)
 (-0.94426737043756048,0.94426737043756048)
 (-0.94426737043756048,0.94426737043756048)
 (-0.31475579014585348,0.94426737043756048)
 (-0.94426737043756048,0.94426737043756048)
 (0.31475579014585348,0.31475579014585348)
 (-0.94426737043756048,0.31475579014585348)
 (0.94426737043756048,0.94426737043756048)
 (-0.94426737043756048,-0.31475579014585348)
 (-0.94426737043756048,-0.31475579014585348)
 (-0.31475579014585348,-0.94426737043756048)
 (0.31475579014585348,0.31475579014585348)
 (0.94426737043756048,0.94426737043756048)
 (-0.31475579014585348,-0.31475579014585348)
 (0.94426737043756048,-0.94426737043756048)
 (0.94426737043756048,0.31475579014585348)
 (-0.31475579014585348,0.94426737043756048)
 (0.94426737043756048,0.94426737043756048)
 (-0.31475579014585348,-0.94426737043756048)
 (0.94426737043756048,0.94426737043756048)
 (0.31475579014585348,0.31475579014585348)
 (0.31475579014585348,0.31475579014585348)
 (-0.94426737043756048,0.31475579014585348)
 (0.94426737043756048,0.31475579014585348)
 (-0.94426737043756048,0.94426737043756048)
 (0.31475579014585348,0.31475579014585348)
 (-0.94426737043756048,0.94426737043756048)
 (0.31475579014585348,0.31475579014585348)
 (0.31475579014585348,-0.31475579014585348)
 (-0.31475579014585348,0.94426737043756048)
