# Created by Octave 8.4.0, Thu Dec 11 09:16:05 2025 IST <gamana@Samsung>
# name: iq
# type: complex matrix
# rows: 2048
# columns: 1
 (0.94868329805051377,-0.94868329805051377)
 (-0.31622776601683794,0.31622776601683794)
 (-0.31622776601683794,-0.94868329805051377)
 (0.94868329805051377,-0.94868329805051377)
 (-0.31622776601683794,-0.94868329805051377)
 (-0.94868329805051377,0.94868329805051377)
 (-0.31622776601683794,-0.31622776601683794)
 (-0.31622776601683794,-0.94868329805051377)
 (-0.31622776601683794,0.31622776601683794)
 (0.31622776601683794,0.94868329805051377)
 (0.94868329805051377,-0.94868329805051377)
 (0.31622776601683794,0.31622776601683794)
 (0.31622776601683794,-0.94868329805051377)
 (0.31622776601683794,-0.31622776601683794)
 (0.31622776601683794,-0.31622776601683794)
 (-0.31622776601683794,0.94868329805051377)
 (0.31622776601683794,0.94868329805051377)
 (0.94868329805051377,-0.94868329805051377)
 (0.31622776601683794,-0.31622776601683794)
 (-0.94868329805051377,0.31622776601683794)
 (-0.31622776601683794,-0.31622776601683794)
 (0.31622776601683794,0.31622776601683794)
 (0.94868329805051377,0.31622776601683794)
 (-0.31622776601683794,-0.31622776601683794)
 (-0.31622776601683794,-0.94868329805051377)
 (0.94868329805051377,0.94868329805051377)
 (0.94868329805051377,-0.94868329805051377)
 (-0.31622776601683794,-0.31622776601683794)
 (-0.94868329805051377,-0.31622776601683794)
 (0.94868329805051377,0.31622776601683794)
 (-0.31622776601683794,0.94868329805051377)
 (-0.31622776601683794,0.94868329805051377)
 (-0.31622776601683794,-0.31622776601683794)
 (0.31622776601683794,0.94868329805051377)
 (0.94868329805051377,0.94868329805051377)
 (0.31622776601683794,0.94868329805051377)
 (0.94868329805051377,0.31622776601683794)
 (-0.94868329805051377,-0.31622776601683794)
 (0.31622776601683794,0.94868329805051377)
 (-0.94868329805051377,-0.94868329805051377)
 (-0.94868329805051377,-0.94868329805051377)
 (-0.31622776601683794,-0.94868329805051377)
 (-0.31622776601683794,0.94868329805051377)
 (-0.94868329805051377,0.31622776601683794)
 (0.31622776601683794,-0.94868329805051377)
 (0.94868329805051377,-0.94868329805051377)
 (-0.31622776601683794,0.94868329805051377)
 (-0.31622776601683794,0.94868329805051377)
 (0.31622776601683794,0.31622776601683794)
 (0.94868329805051377,-0.31622776601683794)
 (0.31622776601683794,0.94868329805051377)
 (-0.94868329805051377,-0.94868329805051377)
 (-0.94868329805051377,-0.31622776601683794)
 (-0.94868329805051377,-0.31622776601683794)
 (0.31622776601683794,0.94868329805051377)
 (-0.31622776601683794,-0.31622776601683794)
 (0.94868329805051377,0.31622776601683794)
 (0.94868329805051377,0.31622776601683794)
 (-0.31622776601683794,-0.94868329805051377)
 (-0.94868329805051377,0.94868329805051377)
 (-0.31622776601683794,-0.94868329805051377)
 (-0.31622776601683794,0.31622776601683794)
 (-0.31622776601683794,0.94868329805051377)
 (-0.31622776601683794,0.94868329805051377)
 (0.94868329805051377,0.94868329805051377)
 (-0.94868329805051377,0.94868329805051377)
 (-0.31622776601683794,0.31622776601683794)
 (0.31622776601683794,0.94868329805051377)
 (-0.94868329805051377,-0.94868329805051377)
 (-0.94868329805051377,-0.31622776601683794)
 (0.94868329805051377,0.31622776601683794)
 (-0.31622776601683794,-0.31622776601683794)
 (0.94868329805051377,-0.31622776601683794)
 (-0.31622776601683794,-0.31622776601683794)
 (-0.94868329805051377,-0.31622776601683794)
 (0.94868329805051377,-0.31622776601683794)
 (-0.94868329805051377,0.94868329805051377)
 (0.94868329805051377,0.31622776601683794)
 (-0.94868329805051377,-0.94868329805051377)
 (0.31622776601683794,0.94868329805051377)
 (-0.94868329805051377,-0.94868329805051377)
 (0.94868329805051377,-0.94868329805051377)
 (0.94868329805051377,0.94868329805051377)
 (0.94868329805051377,-0.94868329805051377)
 (0.31622776601683794,-0.31622776601683794)
 (0.94868329805051377,0.94868329805051377)
 (0.94868329805051377,0.94868329805051377)
 (-0.94868329805051377,-0.31622776601683794)
 (-0.31622776601683794,-0.31622776601683794)
 (-0.31622776601683794,-0.31622776601683794)
 (-0.31622776601683794,0.94868329805051377)
 (-0.94868329805051377,-0.31622776601683794)
 (0.94868329805051377,-0.31622776601683794)
 (0.31622776601683794,-0.94868329805051377)
 (-0.31622776601683794,0.94868329805051377)
 (0.94868329805051377,0.94868329805051377)
 (0.31622776601683794,0.31622776601683794)
 (-0.31622776601683794,0.31622776601683794)
 (-0.94868329805051377,-0.31622776601683794)
 (-0.94868329805051377,0.94868329805051377)
 (-0.94868329805051377,-0.94868329805051377)
 (0.31622776601683794,-0.94868329805051377)
 (0.31622776601683794,-0.94868329805051377)
 (-0.31622776601683794,0.94868329805051377)
 (0.94868329805051377,-0.31622776601683794)
 (-0.31622776601683794,0.94868329805051377)
 (-0.94868329805051377,0.94868329805051377)
 (0.31622776601683794,0.94868329805051377)
 (-0.94868329805051377,0.94868329805051377)
 (0.94868329805051377,0.94868329805051377)
 (0.94868329805051377,-0.31622776601683794)
 (-0.31622776601683794,-0.31622776601683794)
 (-0.31622776601683794,0.31622776601683794)
 (-0.94868329805051377,-0.94868329805051377)
 (0.94868329805051377,0.94868329805051377)
 (-0.31622776601683794,-0.94868329805051377)
 (-0.94868329805051377,-0.31622776601683794)
 (0.31622776601683794,0.94868329805051377)
 (0.94868329805051377,-0.94868329805051377)
 (-0.94868329805051377,-0.31622776601683794)
 (0.94868329805051377,-0.94868329805051377)
 (-0.94868329805051377,-0.31622776601683794)
 (-0.31622776601683794,0.94868329805051377)
 (0.31622776601683794,-0.31622776601683794)
 (0.31622776601683794,-0.94868329805051377)
 (0.31622776601683794,-0.94868329805051377)
 (-0.31622776601683794,0.94868329805051377)
 (0.94868329805051377,0.31622776601683794)
 (0.94868329805051377,-0.31622776601683794)
 (0.94868329805051377,-0.94868329805051377)
 (-0.94868329805051377,0.31622776601683794)
 (-0.31622776601683794,0.94868329805051377)
 (-0.94868329805051377,0.31622776601683794)
 (-0.31622776601683794,-0.94868329805051377)
 (0.31622776601683794,0.31622776601683794)
 (-0.94868329805051377,-0.94868329805051377)
 (-0.31622776601683794,-0.94868329805051377)
 (-0.94868329805051377,-0.31622776601683794)
 (-0.94868329805051377,-0.31622776601683794)
 (0.31622776601683794,-0.94868329805051377)
 (0.31622776601683794,-0.31622776601683794)
 (0.31622776601683794,-0.31622776601683794)
 (0.94868329805051377,-0.31622776601683794)
 (-0.31622776601683794,-0.31622776601683794)
 (-0.94868329805051377,-0.94868329805051377)
 (0.31622776601683794,-0.94868329805051377)
 (-0.94868329805051377,0.94868329805051377)
 (0.31622776601683794,-0.94868329805051377)
 (-0.31622776601683794,-0.31622776601683794)
 (0.94868329805051377,0.31622776601683794)
 (0.31622776601683794,0.94868329805051377)
 (-0.94868329805051377,-0.31622776601683794)
 (0.31622776601683794,-0.94868329805051377)
 (-0.31622776601683794,-0.31622776601683794)
 (-0.31622776601683794,0.31622776601683794)
 (-0.31622776601683794,-0.31622776601683794)
 (-0.94868329805051377,-0.31622776601683794)
 (0.94868329805051377,0.31622776601683794)
 (-0.94868329805051377,-0.94868329805051377)
 (0.94868329805051377,-0.94868329805051377)
 (-0.31622776601683794,-0.94868329805051377)
 (-0.31622776601683794,-0.94868329805051377)
 (0.31622776601683794,0.31622776601683794)
 (-0.94868329805051377,-0.94868329805051377)
 (0.31622776601683794,0.94868329805051377)
 (-0.31622776601683794,-0.31622776601683794)
 (0.94868329805051377,-0.94868329805051377)
 (-0.94868329805051377,0.94868329805051377)
 (-0.31622776601683794,0.31622776601683794)
 (0.94868329805051377,0.94868329805051377)
 (0.31622776601683794,0.94868329805051377)
 (-0.94868329805051377,0.31622776601683794)
 (-0.31622776601683794,-0.31622776601683794)
 (0.94868329805051377,0.31622776601683794)
 (0.94868329805051377,-0.31622776601683794)
 (-0.31622776601683794,-0.31622776601683794)
 (0.31622776601683794,-0.94868329805051377)
 (-0.94868329805051377,-0.31622776601683794)
