# Created by Octave 8.4.0, Thu Dec 11 09:16:05 2025 IST <gamana@Samsung>
# name: iq
# type: complex matrix
# rows: 2048
# columns: 1
 (0.31187247023418019,0.93561741070254056)
 (0.93561741070254056,-0.93561741070254056)
 (0.93561741070254056,-0.31187247023418019)
 (0.93561741070254056,-0.31187247023418019)
 (0.93561741070254056,-0.93561741070254056)
 (-0.31187247023418019,-0.93561741070254056)
 (0.31187247023418019,-0.31187247023418019)
 (-0.93561741070254056,-0.31187247023418019)
 (-0.31187247023418019,-0.31187247023418019)
 (0.31187247023418019,0.93561741070254056)
 (-0.31187247023418019,-0.31187247023418019)
 (-0.31187247023418019,-0.31187247023418019)
 (-0.93561741070254056,0.31187247023418019)
 (0.93561741070254056,0.31187247023418019)
 (0.93561741070254056,0.93561741070254056)
 (0.31187247023418019,0.93561741070254056)
 (-0.31187247023418019,0.93561741070254056)
 (0.93561741070254056,-0.93561741070254056)
 (0.93561741070254056,-0.93561741070254056)
 (0.31187247023418019,0.93561741070254056)
 (0.93561741070254056,0.31187247023418019)
 (-0.93561741070254056,-0.93561741070254056)
 (0.31187247023418019,0.93561741070254056)
 (0.31187247023418019,0.93561741070254056)
 (-0.31187247023418019,-0.31187247023418019)
 (0.31187247023418019,-0.31187247023418019)
 (-0.31187247023418019,0.93561741070254056)
 (0.31187247023418019,0.93561741070254056)
 (-0.31187247023418019,-0.93561741070254056)
 (0.31187247023418019,0.93561741070254056)
 (-0.93561741070254056,-0.31187247023418019)
 (0.31187247023418019,0.93561741070254056)
 (0.93561741070254056,0.31187247023418019)
 (-0.93561741070254056,0.31187247023418019)
 (-0.31187247023418019,-0.93561741070254056)
 (0.93561741070254056,0.31187247023418019)
 (-0.93561741070254056,-0.93561741070254056)
 (0.93561741070254056,0.93561741070254056)
 (-0.93561741070254056,-0.93561741070254056)
 (0.31187247023418019,0.31187247023418019)
 (0.31187247023418019,-0.93561741070254056)
 (-0.93561741070254056,-0.93561741070254056)
 (0.93561741070254056,0.93561741070254056)
 (0.31187247023418019,-0.93561741070254056)
 (0.31187247023418019,-0.31187247023418019)
 (-0.31187247023418019,-0.93561741070254056)
 (-0.31187247023418019,0.93561741070254056)
 (0.31187247023418019,-0.93561741070254056)
 (-0.31187247023418019,-0.31187247023418019)
 (0.93561741070254056,0.31187247023418019)
 (-0.93561741070254056,0.93561741070254056)
 (0.31187247023418019,0.31187247023418019)
 (0.31187247023418019,-0.31187247023418019)
 (-0.31187247023418019,0.93561741070254056)
 (-0.93561741070254056,-0.31187247023418019)
 (-0.93561741070254056,-0.31187247023418019)
 (-0.31187247023418019,0.93561741070254056)
 (-0.93561741070254056,-0.31187247023418019)
 (-0.31187247023418019,-0.31187247023418019)
 (0.31187247023418019,0.93561741070254056)
 (-0.93561741070254056,0.93561741070254056)
 (0.93561741070254056,0.93561741070254056)
 (-0.31187247023418019,0.31187247023418019)
 (0.93561741070254056,-0.31187247023418019)
 (-0.31187247023418019,-0.31187247023418019)
 (0.93561741070254056,0.93561741070254056)
 (0.93561741070254056,-0.93561741070254056)
 (-0.31187247023418019,0.93561741070254056)
 (0.93561741070254056,-0.31187247023418019)
 (0.93561741070254056,-0.93561741070254056)
 (-0.31187247023418019,0.31187247023418019)
 (-0.31187247023418019,0.93561741070254056)
 (-0.93561741070254056,0.31187247023418019)
 (0.31187247023418019,0.93561741070254056)
 (0.31187247023418019,-0.31187247023418019)
 (-0.31187247023418019,-0.93561741070254056)
 (-0.93561741070254056,-0.31187247023418019)
 (-0.93561741070254056,0.93561741070254056)
 (-0.93561741070254056,0.93561741070254056)
 (0.31187247023418019,-0.31187247023418019)
 (-0.31187247023418019,0.31187247023418019)
 (-0.31187247023418019,-0.93561741070254056)
 (-0.31187247023418019,0.31187247023418019)
 (-0.31187247023418019,-0.31187247023418019)
 (-0.31187247023418019,0.93561741070254056)
 (-0.93561741070254056,-0.31187247023418019)
 (0.31187247023418019,-0.31187247023418019)
 (0.31187247023418019,-0.93561741070254056)
 (0.31187247023418019,-0.93561741070254056)
 (0.93561741070254056,0.31187247023418019)
 (-0.93561741070254056,0.93561741070254056)
 (-0.93561741070254056,-0.93561741070254056)
 (-0.93561741070254056,0.31187247023418019)
 (0.31187247023418019,-0.93561741070254056)
 (0.31187247023418019,-0.31187247023418019)
 (-0.93561741070254056,0.31187247023418019)
 (-0.93561741070254056,-0.31187247023418019)
 (-0.31187247023418019,0.93561741070254056)
 (-0.93561741070254056,-0.31187247023418019)
 (0.93561741070254056,0.31187247023418019)
 (-0.93561741070254056,0.31187247023418019)
 (-0.31187247023418019,-0.31187247023418019)
 (0.31187247023418019,-0.31187247023418019)
 (0.31187247023418019,0.93561741070254056)
 (0.31187247023418019,-0.93561741070254056)
 (0.31187247023418019,0.93561741070254056)
 (0.31187247023418019,0.93561741070254056)
 (-0.31187247023418019,-0.93561741070254056)
 (0.93561741070254056,-0.93561741070254056)
 (-0.31187247023418019,0.93561741070254056)
 (-0.31187247023418019,0.93561741070254056)
 (-0.31187247023418019,0.93561741070254056)
 (0.93561741070254056,0.31187247023418019)
 (0.93561741070254056,0.93561741070254056)
 (-0.93561741070254056,-0.93561741070254056)
 (0.93561741070254056,-0.93561741070254056)
 (-0.93561741070254056,-0.31187247023418019)
 (0.93561741070254056,0.31187247023418019)
 (-0.31187247023418019,-0.93561741070254056)
 (0.31187247023418019,0.31187247023418019)
 (-0.93561741070254056,-0.93561741070254056)
 (0.93561741070254056,0.93561741070254056)
 (-0.93561741070254056,-0.31187247023418019)
 (0.31187247023418019,0.93561741070254056)
 (0.93561741070254056,-0.93561741070254056)
 (-0.31187247023418019,0.93561741070254056)
 (-0.31187247023418019,-0.93561741070254056)
 (-0.31187247023418019,0.93561741070254056)
 (-0.93561741070254056,0.31187247023418019)
 (-0.31187247023418019,-0.31187247023418019)
 (-0.93561741070254056,-0.93561741070254056)
 (-0.31187247023418019,0.31187247023418019)
 (0.93561741070254056,-0.31187247023418019)
 (0.93561741070254056,-0.93561741070254056)
 (0.93561741070254056,0.93561741070254056)
 (-0.93561741070254056,-0.31187247023418019)
 (-0.31187247023418019,-0.93561741070254056)
 (0.93561741070254056,-0.31187247023418019)
 (0.31187247023418019,-0.93561741070254056)
 (0.93561741070254056,-0.93561741070254056)
 (-0.93561741070254056,-0.93561741070254056)
 (-0.93561741070254056,0.93561741070254056)
 (-0.31187247023418019,0.31187247023418019)
 (-0.31187247023418019,0.31187247023418019)
 (0.93561741070254056,-0.31187247023418019)
 (0.31187247023418019,-0.93561741070254056)
 (0.93561741070254056,-0.93561741070254056)
 (-0.31187247023418019,0.31187247023418019)
 (0.31187247023418019,0.93561741070254056)
 (0.93561741070254056,0.31187247023418019)
 (0.93561741070254056,0.31187247023418019)
 (0.31187247023418019,0.31187247023418019)
 (0.93561741070254056,-0.31187247023418019)
 (-0.31187247023418019,-0.93561741070254056)
 (-0.93561741070254056,-0.31187247023418019)
 (-0.93561741070254056,-0.93561741070254056)
 (-0.93561741070254056,-0.93561741070254056)
 (0.93561741070254056,-0.93561741070254056)
 (-0.31187247023418019,-0.93561741070254056)
 (0.31187247023418019,-0.31187247023418019)
 (0.93561741070254056,0.31187247023418019)
 (0.31187247023418019,-0.93561741070254056)
 (-0.31187247023418019,0.93561741070254056)
 (-0.93561741070254056,-0.31187247023418019)
 (0.93561741070254056,0.31187247023418019)
 (-0.93561741070254056,-0.93561741070254056)
 (0.93561741070254056,-0.31187247023418019)
 (-0.93561741070254056,0.31187247023418019)
 (0.31187247023418019,0.31187247023418019)
 (-0.93561741070254056,0.93561741070254056)
 (0.31187247023418019,0.93561741070254056)
 (-0.31187247023418019,0.93561741070254056)
 (-0.93561741070254056,0.31187247023418019)
 (0.31187247023418019,0.93561741070254056)
 (-0.31187247023418019,-0.31187247023418019)
 (0.31187247023418019,0.31187247023418019)
 (-0.31187247023418019,-0.93561741070254056)
 (0.93561741070254056,0.31187247023418019)
