# Created by Octave 8.4.0, Thu Dec 11 09:16:05 2025 IST <gamana@Samsung>
# name: iq
# type: complex matrix
# rows: 2048
# columns: 1
 (0.93739988023740839,-0.93739988023740839)
 (0.93739988023740839,0.31246662674580283)
 (-0.31246662674580283,0.93739988023740839)
 (0.31246662674580283,0.93739988023740839)
 (0.93739988023740839,-0.31246662674580283)
 (0.93739988023740839,0.31246662674580283)
 (0.31246662674580283,0.93739988023740839)
 (-0.31246662674580283,-0.93739988023740839)
 (0.93739988023740839,-0.31246662674580283)
 (0.93739988023740839,0.93739988023740839)
 (0.31246662674580283,0.31246662674580283)
 (0.31246662674580283,0.31246662674580283)
 (0.31246662674580283,0.31246662674580283)
 (-0.31246662674580283,0.31246662674580283)
 (-0.31246662674580283,0.93739988023740839)
 (0.93739988023740839,0.31246662674580283)
 (0.31246662674580283,-0.93739988023740839)
 (0.31246662674580283,-0.31246662674580283)
 (-0.31246662674580283,0.31246662674580283)
 (0.93739988023740839,-0.93739988023740839)
 (0.31246662674580283,0.31246662674580283)
 (0.93739988023740839,0.93739988023740839)
 (-0.31246662674580283,0.93739988023740839)
 (-0.31246662674580283,0.31246662674580283)
 (-0.93739988023740839,-0.31246662674580283)
 (0.93739988023740839,-0.93739988023740839)
 (-0.93739988023740839,0.93739988023740839)
 (-0.93739988023740839,-0.93739988023740839)
 (0.31246662674580283,0.31246662674580283)
 (0.93739988023740839,0.93739988023740839)
 (-0.31246662674580283,0.93739988023740839)
 (-0.93739988023740839,0.31246662674580283)
 (-0.31246662674580283,0.93739988023740839)
 (0.31246662674580283,0.31246662674580283)
 (0.31246662674580283,-0.93739988023740839)
 (-0.93739988023740839,0.31246662674580283)
 (0.31246662674580283,0.31246662674580283)
 (0.93739988023740839,0.93739988023740839)
 (0.31246662674580283,0.93739988023740839)
 (0.31246662674580283,0.93739988023740839)
 (-0.93739988023740839,0.31246662674580283)
 (0.31246662674580283,0.31246662674580283)
 (0.93739988023740839,0.93739988023740839)
 (0.93739988023740839,-0.93739988023740839)
 (-0.31246662674580283,-0.31246662674580283)
 (-0.31246662674580283,-0.31246662674580283)
 (-0.93739988023740839,-0.93739988023740839)
 (-0.93739988023740839,-0.31246662674580283)
 (0.93739988023740839,0.93739988023740839)
 (0.31246662674580283,-0.93739988023740839)
 (-0.31246662674580283,-0.93739988023740839)
 (0.93739988023740839,0.93739988023740839)
 (0.93739988023740839,0.93739988023740839)
 (0.31246662674580283,-0.93739988023740839)
 (0.31246662674580283,-0.31246662674580283)
 (0.93739988023740839,-0.31246662674580283)
 (0.93739988023740839,0.93739988023740839)
 (0.31246662674580283,-0.31246662674580283)
 (-0.93739988023740839,0.93739988023740839)
 (-0.31246662674580283,0.93739988023740839)
 (0.31246662674580283,0.31246662674580283)
 (-0.31246662674580283,0.93739988023740839)
 (0.31246662674580283,-0.93739988023740839)
 (-0.31246662674580283,0.31246662674580283)
 (0.93739988023740839,0.31246662674580283)
 (0.31246662674580283,0.31246662674580283)
 (0.93739988023740839,0.93739988023740839)
 (0.31246662674580283,0.31246662674580283)
 (0.93739988023740839,-0.93739988023740839)
 (0.31246662674580283,0.31246662674580283)
 (-0.31246662674580283,0.31246662674580283)
 (-0.93739988023740839,0.93739988023740839)
 (0.93739988023740839,0.31246662674580283)
 (-0.93739988023740839,-0.93739988023740839)
 (0.31246662674580283,-0.93739988023740839)
 (0.93739988023740839,-0.93739988023740839)
 (0.93739988023740839,-0.93739988023740839)
 (-0.31246662674580283,-0.93739988023740839)
 (0.31246662674580283,-0.31246662674580283)
 (0.93739988023740839,-0.93739988023740839)
 (-0.31246662674580283,0.31246662674580283)
 (0.31246662674580283,0.93739988023740839)
 (-0.93739988023740839,0.93739988023740839)
 (0.31246662674580283,0.31246662674580283)
 (0.31246662674580283,0.31246662674580283)
 (0.93739988023740839,-0.31246662674580283)
 (0.93739988023740839,0.93739988023740839)
 (0.93739988023740839,-0.93739988023740839)
 (0.93739988023740839,-0.31246662674580283)
 (-0.31246662674580283,0.93739988023740839)
 (-0.93739988023740839,-0.93739988023740839)
 (-0.31246662674580283,-0.93739988023740839)
 (-0.93739988023740839,-0.31246662674580283)
 (-0.31246662674580283,-0.31246662674580283)
 (0.93739988023740839,0.93739988023740839)
 (-0.93739988023740839,0.31246662674580283)
 (0.31246662674580283,-0.93739988023740839)
 (0.31246662674580283,0.31246662674580283)
 (0.31246662674580283,-0.93739988023740839)
 (-0.31246662674580283,-0.93739988023740839)
 (-0.31246662674580283,-0.31246662674580283)
 (-0.31246662674580283,0.31246662674580283)
 (0.93739988023740839,0.31246662674580283)
 (0.93739988023740839,-0.31246662674580283)
 (0.93739988023740839,-0.93739988023740839)
 (-0.93739988023740839,-0.31246662674580283)
 (-0.93739988023740839,0.31246662674580283)
 (0.93739988023740839,0.93739988023740839)
 (0.93739988023740839,-0.93739988023740839)
 (0.93739988023740839,-0.31246662674580283)
 (-0.31246662674580283,0.31246662674580283)
 (-0.93739988023740839,-0.31246662674580283)
 (0.93739988023740839,0.93739988023740839)
 (0.31246662674580283,-0.31246662674580283)
 (0.31246662674580283,0.93739988023740839)
 (-0.93739988023740839,0.93739988023740839)
 (0.93739988023740839,-0.31246662674580283)
 (0.31246662674580283,0.93739988023740839)
 (0.31246662674580283,-0.93739988023740839)
 (-0.93739988023740839,-0.31246662674580283)
 (0.31246662674580283,-0.93739988023740839)
 (0.31246662674580283,0.93739988023740839)
 (0.31246662674580283,0.31246662674580283)
 (-0.31246662674580283,-0.31246662674580283)
 (-0.31246662674580283,-0.93739988023740839)
 (-0.93739988023740839,0.93739988023740839)
 (0.31246662674580283,-0.93739988023740839)
 (0.31246662674580283,-0.31246662674580283)
 (0.93739988023740839,-0.31246662674580283)
 (-0.31246662674580283,-0.93739988023740839)
 (0.93739988023740839,0.31246662674580283)
 (0.31246662674580283,-0.31246662674580283)
 (-0.31246662674580283,-0.31246662674580283)
 (0.31246662674580283,-0.93739988023740839)
 (-0.31246662674580283,0.93739988023740839)
 (-0.93739988023740839,-0.93739988023740839)
 (0.31246662674580283,-0.93739988023740839)
 (-0.31246662674580283,0.93739988023740839)
 (-0.31246662674580283,0.93739988023740839)
 (-0.31246662674580283,0.31246662674580283)
 (0.31246662674580283,0.31246662674580283)
 (0.93739988023740839,0.31246662674580283)
 (-0.31246662674580283,-0.31246662674580283)
 (0.93739988023740839,-0.31246662674580283)
 (0.31246662674580283,-0.93739988023740839)
 (0.31246662674580283,-0.93739988023740839)
 (-0.93739988023740839,-0.93739988023740839)
 (0.93739988023740839,-0.93739988023740839)
 (0.93739988023740839,0.93739988023740839)
 (0.31246662674580283,-0.31246662674580283)
 (0.93739988023740839,-0.93739988023740839)
 (0.93739988023740839,-0.93739988023740839)
 (0.31246662674580283,0.31246662674580283)
 (-0.93739988023740839,0.93739988023740839)
 (-0.93739988023740839,-0.31246662674580283)
 (-0.93739988023740839,-0.93739988023740839)
 (0.31246662674580283,-0.31246662674580283)
 (0.93739988023740839,0.93739988023740839)
 (0.93739988023740839,-0.31246662674580283)
 (-0.31246662674580283,-0.93739988023740839)
 (0.31246662674580283,0.93739988023740839)
 (-0.93739988023740839,0.93739988023740839)
 (0.93739988023740839,-0.93739988023740839)
 (0.93739988023740839,-0.93739988023740839)
 (-0.31246662674580283,-0.31246662674580283)
 (-0.93739988023740839,0.93739988023740839)
 (0.31246662674580283,-0.31246662674580283)
 (-0.31246662674580283,0.93739988023740839)
 (-0.31246662674580283,0.93739988023740839)
 (-0.31246662674580283,0.93739988023740839)
 (-0.31246662674580283,-0.93739988023740839)
 (0.93739988023740839,-0.93739988023740839)
 (-0.93739988023740839,-0.31246662674580283)
 (-0.93739988023740839,-0.93739988023740839)
 (-0.93739988023740839,-0.31246662674580283)
 (0.93739988023740839,0.93739988023740839)
 (0.31246662674580283,0.93739988023740839)
 (-0.93739988023740839,-0.31246662674580283)
 (0.93739988023740839,-0.31246662674580283)
