# Created by Octave 8.4.0, Thu Dec 11 09:16:05 2025 IST <gamana@Samsung>
# name: iq
# type: complex matrix
# rows: 2048
# columns: 1
 (-0.31163575485264794,0.31163575485264794)
 (0.93490726455794371,-0.31163575485264794)
 (0.31163575485264794,0.31163575485264794)
 (-0.93490726455794371,-0.93490726455794371)
 (-0.93490726455794371,0.93490726455794371)
 (0.31163575485264794,-0.93490726455794371)
 (0.31163575485264794,0.31163575485264794)
 (0.93490726455794371,0.93490726455794371)
 (0.31163575485264794,0.31163575485264794)
 (0.93490726455794371,-0.93490726455794371)
 (-0.31163575485264794,-0.31163575485264794)
 (-0.93490726455794371,0.93490726455794371)
 (-0.93490726455794371,-0.93490726455794371)
 (0.93490726455794371,0.31163575485264794)
 (-0.31163575485264794,-0.31163575485264794)
 (0.93490726455794371,0.93490726455794371)
 (-0.31163575485264794,0.93490726455794371)
 (0.31163575485264794,0.31163575485264794)
 (0.31163575485264794,0.31163575485264794)
 (-0.31163575485264794,-0.31163575485264794)
 (-0.93490726455794371,0.31163575485264794)
 (-0.31163575485264794,-0.93490726455794371)
 (0.93490726455794371,-0.93490726455794371)
 (-0.93490726455794371,-0.93490726455794371)
 (-0.93490726455794371,-0.93490726455794371)
 (0.31163575485264794,-0.31163575485264794)
 (-0.93490726455794371,0.31163575485264794)
 (0.31163575485264794,0.31163575485264794)
 (0.93490726455794371,-0.93490726455794371)
 (-0.31163575485264794,-0.31163575485264794)
 (-0.31163575485264794,0.31163575485264794)
 (0.93490726455794371,-0.31163575485264794)
 (0.31163575485264794,-0.93490726455794371)
 (-0.93490726455794371,-0.93490726455794371)
 (0.93490726455794371,-0.93490726455794371)
 (-0.31163575485264794,0.93490726455794371)
 (-0.93490726455794371,0.31163575485264794)
 (-0.31163575485264794,0.31163575485264794)
 (-0.93490726455794371,0.93490726455794371)
 (0.31163575485264794,0.93490726455794371)
 (-0.31163575485264794,-0.93490726455794371)
 (0.93490726455794371,-0.93490726455794371)
 (-0.31163575485264794,0.31163575485264794)
 (-0.93490726455794371,0.31163575485264794)
 (-0.31163575485264794,0.31163575485264794)
 (0.31163575485264794,-0.93490726455794371)
 (-0.31163575485264794,0.93490726455794371)
 (-0.31163575485264794,-0.31163575485264794)
 (0.31163575485264794,0.93490726455794371)
 (-0.31163575485264794,-0.93490726455794371)
 (-0.31163575485264794,0.93490726455794371)
 (-0.93490726455794371,0.93490726455794371)
 (0.31163575485264794,0.31163575485264794)
 (-0.31163575485264794,-0.31163575485264794)
 (-0.93490726455794371,-0.93490726455794371)
 (-0.93490726455794371,-0.93490726455794371)
 (0.31163575485264794,-0.93490726455794371)
 (0.31163575485264794,-0.31163575485264794)
 (-0.93490726455794371,0.31163575485264794)
 (0.93490726455794371,-0.31163575485264794)
 (0.93490726455794371,0.93490726455794371)
 (0.93490726455794371,-0.31163575485264794)
 (0.31163575485264794,-0.31163575485264794)
 (0.93490726455794371,0.31163575485264794)
 (-0.93490726455794371,0.93490726455794371)
 (0.31163575485264794,0.93490726455794371)
 (0.93490726455794371,0.31163575485264794)
 (-0.31163575485264794,0.31163575485264794)
 (-0.31163575485264794,0.31163575485264794)
 (-0.31163575485264794,-0.93490726455794371)
 (-0.93490726455794371,0.93490726455794371)
 (-0.93490726455794371,-0.93490726455794371)
 (-0.93490726455794371,0.93490726455794371)
 (0.31163575485264794,-0.31163575485264794)
 (0.31163575485264794,-0.93490726455794371)
 (-0.93490726455794371,-0.31163575485264794)
 (-0.93490726455794371,-0.93490726455794371)
 (0.31163575485264794,0.31163575485264794)
 (0.31163575485264794,-0.93490726455794371)
 (-0.31163575485264794,-0.31163575485264794)
 (0.93490726455794371,-0.31163575485264794)
 (-0.31163575485264794,-0.93490726455794371)
 (0.31163575485264794,-0.93490726455794371)
 (-0.31163575485264794,0.93490726455794371)
 (0.31163575485264794,0.93490726455794371)
 (-0.93490726455794371,-0.31163575485264794)
 (-0.93490726455794371,0.93490726455794371)
 (0.31163575485264794,-0.31163575485264794)
 (0.93490726455794371,-0.93490726455794371)
 (0.93490726455794371,0.31163575485264794)
 (0.31163575485264794,-0.93490726455794371)
 (-0.93490726455794371,0.93490726455794371)
 (0.31163575485264794,0.93490726455794371)
 (-0.93490726455794371,0.31163575485264794)
 (0.31163575485264794,0.31163575485264794)
 (0.31163575485264794,-0.31163575485264794)
 (-0.93490726455794371,0.93490726455794371)
 (-0.31163575485264794,0.31163575485264794)
 (0.31163575485264794,0.31163575485264794)
 (-0.31163575485264794,-0.31163575485264794)
 (0.31163575485264794,-0.31163575485264794)
 (-0.93490726455794371,-0.31163575485264794)
 (0.93490726455794371,-0.93490726455794371)
 (0.93490726455794371,0.93490726455794371)
 (0.93490726455794371,-0.93490726455794371)
 (0.93490726455794371,0.93490726455794371)
 (-0.31163575485264794,-0.31163575485264794)
 (0.31163575485264794,-0.31163575485264794)
 (-0.93490726455794371,0.93490726455794371)
 (-0.93490726455794371,-0.31163575485264794)
 (0.93490726455794371,-0.31163575485264794)
 (0.31163575485264794,-0.31163575485264794)
 (0.31163575485264794,-0.31163575485264794)
 (0.93490726455794371,0.31163575485264794)
 (-0.31163575485264794,0.31163575485264794)
 (0.93490726455794371,-0.93490726455794371)
 (0.93490726455794371,-0.93490726455794371)
 (-0.31163575485264794,-0.93490726455794371)
 (-0.93490726455794371,0.31163575485264794)
 (-0.93490726455794371,-0.31163575485264794)
 (-0.93490726455794371,0.93490726455794371)
 (-0.93490726455794371,-0.31163575485264794)
 (0.93490726455794371,-0.93490726455794371)
 (-0.31163575485264794,-0.31163575485264794)
 (0.31163575485264794,-0.93490726455794371)
 (-0.93490726455794371,-0.31163575485264794)
 (-0.31163575485264794,0.93490726455794371)
 (-0.31163575485264794,0.93490726455794371)
 (0.31163575485264794,0.31163575485264794)
 (-0.93490726455794371,0.31163575485264794)
 (0.31163575485264794,0.31163575485264794)
 (0.31163575485264794,0.93490726455794371)
 (-0.93490726455794371,-0.31163575485264794)
 (-0.93490726455794371,0.93490726455794371)
 (0.31163575485264794,-0.93490726455794371)
 (-0.93490726455794371,-0.93490726455794371)
 (0.31163575485264794,-0.31163575485264794)
 (0.31163575485264794,-0.93490726455794371)
 (0.93490726455794371,-0.93490726455794371)
 (-0.93490726455794371,-0.31163575485264794)
 (0.93490726455794371,0.93490726455794371)
 (0.31163575485264794,0.93490726455794371)
 (-0.93490726455794371,-0.31163575485264794)
 (0.93490726455794371,0.31163575485264794)
 (0.31163575485264794,0.31163575485264794)
 (0.31163575485264794,-0.31163575485264794)
 (0.31163575485264794,0.93490726455794371)
 (0.31163575485264794,-0.31163575485264794)
 (0.93490726455794371,0.31163575485264794)
 (0.93490726455794371,0.31163575485264794)
 (-0.31163575485264794,-0.93490726455794371)
 (-0.31163575485264794,0.93490726455794371)
 (-0.31163575485264794,0.31163575485264794)
 (0.31163575485264794,0.93490726455794371)
 (-0.93490726455794371,0.93490726455794371)
 (-0.93490726455794371,-0.93490726455794371)
 (-0.31163575485264794,0.31163575485264794)
 (0.31163575485264794,0.31163575485264794)
 (0.93490726455794371,0.31163575485264794)
 (0.93490726455794371,0.31163575485264794)
 (-0.93490726455794371,-0.31163575485264794)
 (0.93490726455794371,0.31163575485264794)
 (-0.93490726455794371,-0.31163575485264794)
 (0.31163575485264794,-0.31163575485264794)
 (0.31163575485264794,0.31163575485264794)
 (-0.93490726455794371,0.31163575485264794)
 (0.31163575485264794,0.31163575485264794)
 (-0.93490726455794371,0.93490726455794371)
 (-0.93490726455794371,-0.93490726455794371)
 (-0.93490726455794371,0.31163575485264794)
 (-0.31163575485264794,-0.31163575485264794)
 (-0.93490726455794371,0.93490726455794371)
 (0.93490726455794371,-0.31163575485264794)
 (0.93490726455794371,0.31163575485264794)
 (0.93490726455794371,0.31163575485264794)
 (0.31163575485264794,0.93490726455794371)
 (0.31163575485264794,-0.31163575485264794)
 (-0.31163575485264794,0.31163575485264794)
