# Created by Octave 8.4.0, Thu Dec 11 09:16:05 2025 IST <gamana@Samsung>
# name: iq
# type: complex matrix
# rows: 2048
# columns: 1
 (0.31542788907510044,0.94628366722530133)
 (0.31542788907510044,0.31542788907510044)
 (-0.31542788907510044,0.31542788907510044)
 (0.31542788907510044,-0.94628366722530133)
 (0.94628366722530133,0.31542788907510044)
 (0.94628366722530133,0.94628366722530133)
 (-0.31542788907510044,-0.94628366722530133)
 (0.31542788907510044,-0.94628366722530133)
 (-0.31542788907510044,-0.94628366722530133)
 (-0.31542788907510044,0.31542788907510044)
 (0.31542788907510044,-0.31542788907510044)
 (0.94628366722530133,0.31542788907510044)
 (-0.31542788907510044,-0.94628366722530133)
 (-0.94628366722530133,-0.94628366722530133)
 (0.31542788907510044,-0.94628366722530133)
 (-0.31542788907510044,-0.94628366722530133)
 (0.94628366722530133,0.31542788907510044)
 (0.31542788907510044,-0.31542788907510044)
 (-0.94628366722530133,-0.31542788907510044)
 (0.94628366722530133,-0.31542788907510044)
 (-0.31542788907510044,-0.31542788907510044)
 (0.31542788907510044,0.31542788907510044)
 (0.94628366722530133,-0.94628366722530133)
 (-0.94628366722530133,0.94628366722530133)
 (-0.94628366722530133,0.94628366722530133)
 (-0.31542788907510044,0.31542788907510044)
 (-0.31542788907510044,-0.94628366722530133)
 (0.31542788907510044,-0.94628366722530133)
 (-0.31542788907510044,0.31542788907510044)
 (-0.94628366722530133,0.31542788907510044)
 (0.94628366722530133,0.94628366722530133)
 (0.94628366722530133,-0.94628366722530133)
 (0.31542788907510044,0.94628366722530133)
 (0.94628366722530133,-0.94628366722530133)
 (0.31542788907510044,0.31542788907510044)
 (-0.94628366722530133,0.31542788907510044)
 (-0.31542788907510044,0.31542788907510044)
 (-0.31542788907510044,0.94628366722530133)
 (-0.94628366722530133,0.31542788907510044)
 (0.94628366722530133,-0.94628366722530133)
 (0.31542788907510044,0.94628366722530133)
 (-0.31542788907510044,0.31542788907510044)
 (0.94628366722530133,0.94628366722530133)
 (0.94628366722530133,-0.31542788907510044)
 (-0.31542788907510044,-0.31542788907510044)
 (0.94628366722530133,0.94628366722530133)
 (0.31542788907510044,0.94628366722530133)
 (0.31542788907510044,-0.31542788907510044)
 (-0.94628366722530133,-0.94628366722530133)
 (0.94628366722530133,-0.94628366722530133)
 (-0.94628366722530133,0.31542788907510044)
 (-0.31542788907510044,0.94628366722530133)
 (0.31542788907510044,0.94628366722530133)
 (-0.31542788907510044,-0.31542788907510044)
 (0.94628366722530133,0.31542788907510044)
 (-0.31542788907510044,-0.31542788907510044)
 (-0.94628366722530133,0.31542788907510044)
 (-0.31542788907510044,0.31542788907510044)
 (0.94628366722530133,0.31542788907510044)
 (-0.31542788907510044,0.94628366722530133)
 (0.94628366722530133,0.31542788907510044)
 (0.31542788907510044,-0.31542788907510044)
 (-0.31542788907510044,-0.94628366722530133)
 (-0.31542788907510044,0.31542788907510044)
 (0.94628366722530133,-0.31542788907510044)
 (0.94628366722530133,0.94628366722530133)
 (0.94628366722530133,-0.31542788907510044)
 (0.31542788907510044,-0.94628366722530133)
 (0.31542788907510044,-0.31542788907510044)
 (-0.31542788907510044,0.94628366722530133)
 (-0.94628366722530133,0.94628366722530133)
 (-0.94628366722530133,0.31542788907510044)
 (-0.94628366722530133,-0.31542788907510044)
 (0.94628366722530133,0.94628366722530133)
 (0.31542788907510044,0.94628366722530133)
 (0.94628366722530133,0.31542788907510044)
 (0.94628366722530133,-0.31542788907510044)
 (-0.94628366722530133,0.94628366722530133)
 (0.31542788907510044,0.94628366722530133)
 (-0.31542788907510044,0.94628366722530133)
 (-0.31542788907510044,0.94628366722530133)
 (-0.31542788907510044,0.94628366722530133)
 (0.94628366722530133,-0.94628366722530133)
 (0.94628366722530133,0.94628366722530133)
 (0.31542788907510044,0.94628366722530133)
 (-0.31542788907510044,0.31542788907510044)
 (0.31542788907510044,0.94628366722530133)
 (0.94628366722530133,0.94628366722530133)
 (-0.31542788907510044,0.94628366722530133)
 (0.94628366722530133,0.31542788907510044)
 (0.94628366722530133,-0.31542788907510044)
 (0.94628366722530133,0.31542788907510044)
 (-0.94628366722530133,0.94628366722530133)
 (0.94628366722530133,-0.31542788907510044)
 (-0.94628366722530133,-0.94628366722530133)
 (-0.94628366722530133,-0.94628366722530133)
 (-0.94628366722530133,0.94628366722530133)
 (-0.31542788907510044,-0.31542788907510044)
 (-0.94628366722530133,-0.31542788907510044)
 (-0.94628366722530133,0.94628366722530133)
 (0.31542788907510044,-0.31542788907510044)
 (0.94628366722530133,0.31542788907510044)
 (-0.94628366722530133,0.94628366722530133)
 (0.94628366722530133,0.94628366722530133)
 (-0.31542788907510044,0.94628366722530133)
 (0.31542788907510044,0.31542788907510044)
 (-0.94628366722530133,-0.94628366722530133)
 (0.94628366722530133,-0.94628366722530133)
 (-0.31542788907510044,0.94628366722530133)
 (-0.31542788907510044,-0.31542788907510044)
 (-0.31542788907510044,0.31542788907510044)
 (0.31542788907510044,0.94628366722530133)
 (0.31542788907510044,-0.94628366722530133)
 (0.94628366722530133,-0.31542788907510044)
 (-0.31542788907510044,-0.94628366722530133)
 (0.31542788907510044,0.31542788907510044)
 (0.94628366722530133,0.31542788907510044)
 (0.94628366722530133,0.94628366722530133)
 (0.31542788907510044,-0.94628366722530133)
 (-0.31542788907510044,0.94628366722530133)
 (-0.94628366722530133,-0.94628366722530133)
 (-0.94628366722530133,0.94628366722530133)
 (0.94628366722530133,0.31542788907510044)
 (-0.31542788907510044,-0.94628366722530133)
 (0.31542788907510044,0.94628366722530133)
 (0.94628366722530133,-0.31542788907510044)
 (0.94628366722530133,-0.94628366722530133)
 (0.31542788907510044,-0.31542788907510044)
 (-0.94628366722530133,0.31542788907510044)
 (-0.94628366722530133,0.94628366722530133)
 (0.31542788907510044,0.31542788907510044)
 (0.94628366722530133,-0.31542788907510044)
 (0.31542788907510044,-0.31542788907510044)
 (0.31542788907510044,-0.94628366722530133)
 (0.94628366722530133,0.31542788907510044)
 (0.94628366722530133,0.94628366722530133)
 (-0.31542788907510044,-0.31542788907510044)
 (0.94628366722530133,-0.94628366722530133)
 (-0.94628366722530133,-0.31542788907510044)
 (0.31542788907510044,0.31542788907510044)
 (-0.94628366722530133,0.94628366722530133)
 (-0.31542788907510044,-0.94628366722530133)
 (-0.94628366722530133,0.94628366722530133)
 (-0.31542788907510044,-0.31542788907510044)
 (0.31542788907510044,0.31542788907510044)
 (-0.31542788907510044,0.31542788907510044)
 (0.94628366722530133,0.31542788907510044)
 (0.94628366722530133,0.31542788907510044)
 (0.94628366722530133,0.31542788907510044)
 (-0.94628366722530133,-0.31542788907510044)
 (-0.31542788907510044,0.94628366722530133)
 (-0.94628366722530133,-0.31542788907510044)
 (0.94628366722530133,0.94628366722530133)
 (0.94628366722530133,-0.31542788907510044)
 (-0.31542788907510044,0.94628366722530133)
 (0.94628366722530133,-0.94628366722530133)
 (-0.94628366722530133,-0.94628366722530133)
 (-0.94628366722530133,-0.31542788907510044)
 (-0.94628366722530133,-0.31542788907510044)
 (-0.31542788907510044,0.31542788907510044)
 (0.94628366722530133,-0.31542788907510044)
 (0.31542788907510044,0.94628366722530133)
 (-0.94628366722530133,0.94628366722530133)
 (0.94628366722530133,-0.94628366722530133)
 (0.31542788907510044,0.31542788907510044)
 (0.31542788907510044,0.31542788907510044)
 (0.94628366722530133,0.94628366722530133)
 (-0.94628366722530133,-0.94628366722530133)
 (0.94628366722530133,0.31542788907510044)
 (0.31542788907510044,-0.94628366722530133)
 (-0.94628366722530133,0.94628366722530133)
 (-0.31542788907510044,0.31542788907510044)
 (0.94628366722530133,-0.94628366722530133)
 (0.94628366722530133,-0.31542788907510044)
 (0.94628366722530133,-0.94628366722530133)
 (0.31542788907510044,-0.94628366722530133)
 (-0.94628366722530133,0.94628366722530133)
 (0.31542788907510044,0.94628366722530133)
 (-0.94628366722530133,-0.31542788907510044)
