# Created by Octave 8.4.0, Thu Dec 11 09:16:05 2025 IST <gamana@Samsung>
# name: iq
# type: complex matrix
# rows: 2048
# columns: 1
 (-0.31860122517341083,0.31860122517341083)
 (0.95580367552023238,-0.95580367552023238)
 (0.31860122517341083,-0.31860122517341083)
 (-0.95580367552023238,-0.31860122517341083)
 (-0.95580367552023238,0.31860122517341083)
 (0.31860122517341083,0.31860122517341083)
 (-0.31860122517341083,-0.95580367552023238)
 (-0.95580367552023238,0.95580367552023238)
 (0.31860122517341083,-0.95580367552023238)
 (0.31860122517341083,0.31860122517341083)
 (0.31860122517341083,0.95580367552023238)
 (-0.31860122517341083,-0.31860122517341083)
 (0.31860122517341083,-0.95580367552023238)
 (-0.31860122517341083,-0.95580367552023238)
 (-0.31860122517341083,0.31860122517341083)
 (-0.95580367552023238,0.31860122517341083)
 (0.31860122517341083,0.95580367552023238)
 (-0.95580367552023238,-0.95580367552023238)
 (-0.95580367552023238,0.95580367552023238)
 (-0.95580367552023238,-0.31860122517341083)
 (-0.31860122517341083,0.31860122517341083)
 (-0.95580367552023238,-0.31860122517341083)
 (0.31860122517341083,0.31860122517341083)
 (-0.31860122517341083,-0.31860122517341083)
 (0.95580367552023238,0.95580367552023238)
 (-0.95580367552023238,0.31860122517341083)
 (-0.95580367552023238,-0.95580367552023238)
 (-0.31860122517341083,-0.95580367552023238)
 (-0.31860122517341083,0.31860122517341083)
 (0.31860122517341083,0.31860122517341083)
 (0.95580367552023238,0.31860122517341083)
 (0.95580367552023238,0.95580367552023238)
 (0.95580367552023238,0.95580367552023238)
 (0.95580367552023238,0.31860122517341083)
 (-0.95580367552023238,0.31860122517341083)
 (0.31860122517341083,0.95580367552023238)
 (-0.95580367552023238,0.31860122517341083)
 (0.31860122517341083,0.95580367552023238)
 (-0.31860122517341083,0.95580367552023238)
 (0.31860122517341083,0.31860122517341083)
 (-0.31860122517341083,0.31860122517341083)
 (0.31860122517341083,-0.95580367552023238)
 (-0.31860122517341083,0.31860122517341083)
 (0.31860122517341083,-0.95580367552023238)
 (-0.31860122517341083,0.95580367552023238)
 (0.95580367552023238,-0.95580367552023238)
 (0.31860122517341083,-0.95580367552023238)
 (0.31860122517341083,-0.31860122517341083)
 (0.95580367552023238,0.31860122517341083)
 (0.31860122517341083,-0.95580367552023238)
 (0.95580367552023238,-0.31860122517341083)
 (-0.95580367552023238,0.95580367552023238)
 (-0.31860122517341083,-0.95580367552023238)
 (0.95580367552023238,0.95580367552023238)
 (-0.95580367552023238,0.95580367552023238)
 (-0.31860122517341083,0.31860122517341083)
 (-0.95580367552023238,0.95580367552023238)
 (-0.95580367552023238,-0.95580367552023238)
 (0.31860122517341083,0.31860122517341083)
 (-0.95580367552023238,0.95580367552023238)
 (-0.95580367552023238,-0.31860122517341083)
 (-0.31860122517341083,0.95580367552023238)
 (0.95580367552023238,-0.95580367552023238)
 (0.95580367552023238,0.31860122517341083)
 (0.31860122517341083,0.31860122517341083)
 (0.31860122517341083,-0.31860122517341083)
 (-0.95580367552023238,-0.95580367552023238)
 (0.31860122517341083,0.95580367552023238)
 (-0.95580367552023238,-0.95580367552023238)
 (-0.31860122517341083,0.31860122517341083)
 (-0.31860122517341083,0.31860122517341083)
 (0.31860122517341083,-0.31860122517341083)
 (0.31860122517341083,0.31860122517341083)
 (0.31860122517341083,0.31860122517341083)
 (0.31860122517341083,0.95580367552023238)
 (-0.31860122517341083,0.31860122517341083)
 (0.31860122517341083,0.95580367552023238)
 (-0.95580367552023238,-0.31860122517341083)
 (0.31860122517341083,0.31860122517341083)
 (0.95580367552023238,-0.31860122517341083)
 (0.31860122517341083,-0.31860122517341083)
 (-0.31860122517341083,-0.31860122517341083)
 (0.95580367552023238,0.95580367552023238)
 (-0.31860122517341083,0.95580367552023238)
 (-0.31860122517341083,0.31860122517341083)
 (-0.95580367552023238,0.31860122517341083)
 (0.31860122517341083,0.31860122517341083)
 (0.95580367552023238,-0.31860122517341083)
 (-0.95580367552023238,-0.31860122517341083)
 (-0.95580367552023238,-0.31860122517341083)
 (0.31860122517341083,0.31860122517341083)
 (0.95580367552023238,0.31860122517341083)
 (-0.95580367552023238,-0.95580367552023238)
 (-0.95580367552023238,0.31860122517341083)
 (-0.31860122517341083,-0.95580367552023238)
 (0.31860122517341083,-0.95580367552023238)
 (0.31860122517341083,0.95580367552023238)
 (-0.95580367552023238,-0.31860122517341083)
 (-0.31860122517341083,0.31860122517341083)
 (0.95580367552023238,-0.31860122517341083)
 (0.31860122517341083,0.95580367552023238)
 (-0.31860122517341083,-0.31860122517341083)
 (-0.31860122517341083,-0.95580367552023238)
 (0.95580367552023238,0.95580367552023238)
 (0.95580367552023238,-0.31860122517341083)
 (-0.31860122517341083,0.95580367552023238)
 (0.31860122517341083,0.95580367552023238)
 (0.31860122517341083,0.31860122517341083)
 (-0.31860122517341083,-0.95580367552023238)
 (-0.95580367552023238,0.95580367552023238)
 (0.31860122517341083,-0.95580367552023238)
 (-0.31860122517341083,0.95580367552023238)
 (-0.31860122517341083,-0.31860122517341083)
 (-0.95580367552023238,-0.31860122517341083)
 (-0.31860122517341083,0.95580367552023238)
 (0.31860122517341083,-0.95580367552023238)
 (-0.95580367552023238,0.95580367552023238)
 (-0.95580367552023238,0.95580367552023238)
 (-0.31860122517341083,-0.31860122517341083)
 (-0.31860122517341083,0.95580367552023238)
 (0.95580367552023238,-0.95580367552023238)
 (0.31860122517341083,0.95580367552023238)
 (-0.95580367552023238,0.95580367552023238)
 (-0.31860122517341083,0.95580367552023238)
 (-0.95580367552023238,0.31860122517341083)
 (0.31860122517341083,-0.31860122517341083)
 (-0.95580367552023238,0.95580367552023238)
 (0.95580367552023238,0.31860122517341083)
 (-0.95580367552023238,-0.31860122517341083)
 (0.95580367552023238,-0.31860122517341083)
 (-0.31860122517341083,0.31860122517341083)
 (-0.31860122517341083,0.31860122517341083)
 (0.31860122517341083,-0.31860122517341083)
 (-0.31860122517341083,-0.95580367552023238)
 (-0.31860122517341083,0.95580367552023238)
 (-0.31860122517341083,0.31860122517341083)
 (0.31860122517341083,-0.31860122517341083)
 (-0.95580367552023238,-0.31860122517341083)
 (-0.31860122517341083,-0.95580367552023238)
 (-0.95580367552023238,0.31860122517341083)
 (0.95580367552023238,0.31860122517341083)
 (-0.95580367552023238,0.31860122517341083)
 (-0.95580367552023238,0.95580367552023238)
 (0.31860122517341083,0.95580367552023238)
 (-0.31860122517341083,0.95580367552023238)
 (-0.31860122517341083,-0.95580367552023238)
 (-0.95580367552023238,0.31860122517341083)
 (0.95580367552023238,0.31860122517341083)
 (-0.95580367552023238,0.31860122517341083)
 (-0.95580367552023238,0.31860122517341083)
 (-0.31860122517341083,-0.95580367552023238)
 (-0.31860122517341083,0.95580367552023238)
 (0.95580367552023238,0.31860122517341083)
 (0.95580367552023238,0.95580367552023238)
 (0.95580367552023238,-0.31860122517341083)
 (-0.95580367552023238,0.95580367552023238)
 (-0.95580367552023238,0.31860122517341083)
 (-0.95580367552023238,-0.95580367552023238)
 (-0.95580367552023238,0.31860122517341083)
 (-0.95580367552023238,-0.95580367552023238)
 (-0.31860122517341083,-0.95580367552023238)
 (0.31860122517341083,-0.31860122517341083)
 (-0.95580367552023238,-0.95580367552023238)
 (-0.95580367552023238,-0.31860122517341083)
 (-0.31860122517341083,-0.31860122517341083)
 (0.31860122517341083,0.95580367552023238)
 (-0.31860122517341083,0.95580367552023238)
 (-0.95580367552023238,-0.31860122517341083)
 (-0.95580367552023238,-0.95580367552023238)
 (-0.31860122517341083,-0.31860122517341083)
 (0.31860122517341083,0.31860122517341083)
 (0.95580367552023238,0.31860122517341083)
 (-0.95580367552023238,0.95580367552023238)
 (0.95580367552023238,-0.95580367552023238)
 (-0.95580367552023238,0.95580367552023238)
 (-0.95580367552023238,-0.95580367552023238)
 (0.31860122517341083,-0.31860122517341083)
 (0.95580367552023238,0.95580367552023238)
