# Created by Octave 8.4.0, Thu Dec 11 09:16:05 2025 IST <gamana@Samsung>
# name: iq
# type: complex matrix
# rows: 2048
# columns: 1
 (-0.32032048080140252,0.96096144240420767)
 (-0.96096144240420767,-0.32032048080140252)
 (-0.32032048080140252,0.96096144240420767)
 (0.96096144240420767,-0.96096144240420767)
 (0.96096144240420767,-0.96096144240420767)
 (0.96096144240420767,0.96096144240420767)
 (-0.96096144240420767,-0.96096144240420767)
 (0.96096144240420767,0.96096144240420767)
 (0.32032048080140252,-0.96096144240420767)
 (-0.32032048080140252,-0.96096144240420767)
 (-0.96096144240420767,-0.32032048080140252)
 (-0.32032048080140252,0.32032048080140252)
 (-0.32032048080140252,0.32032048080140252)
 (-0.96096144240420767,-0.32032048080140252)
 (-0.96096144240420767,-0.32032048080140252)
 (-0.96096144240420767,0.32032048080140252)
 (-0.96096144240420767,0.96096144240420767)
 (0.96096144240420767,0.32032048080140252)
 (-0.96096144240420767,0.32032048080140252)
 (-0.32032048080140252,-0.32032048080140252)
 (-0.96096144240420767,-0.32032048080140252)
 (0.32032048080140252,0.32032048080140252)
 (0.32032048080140252,-0.32032048080140252)
 (-0.32032048080140252,0.96096144240420767)
 (0.96096144240420767,-0.96096144240420767)
 (-0.96096144240420767,0.32032048080140252)
 (-0.32032048080140252,0.32032048080140252)
 (-0.32032048080140252,0.96096144240420767)
 (-0.96096144240420767,0.32032048080140252)
 (0.96096144240420767,0.32032048080140252)
 (0.32032048080140252,-0.32032048080140252)
 (0.32032048080140252,0.96096144240420767)
 (-0.96096144240420767,0.32032048080140252)
 (-0.32032048080140252,-0.32032048080140252)
 (0.32032048080140252,-0.96096144240420767)
 (-0.32032048080140252,-0.96096144240420767)
 (0.96096144240420767,0.96096144240420767)
 (-0.32032048080140252,-0.96096144240420767)
 (-0.32032048080140252,-0.96096144240420767)
 (-0.32032048080140252,-0.96096144240420767)
 (-0.96096144240420767,-0.96096144240420767)
 (-0.32032048080140252,-0.96096144240420767)
 (0.32032048080140252,0.96096144240420767)
 (-0.32032048080140252,-0.32032048080140252)
 (-0.96096144240420767,-0.96096144240420767)
 (0.32032048080140252,-0.32032048080140252)
 (-0.96096144240420767,0.32032048080140252)
 (-0.96096144240420767,-0.96096144240420767)
 (0.32032048080140252,-0.96096144240420767)
 (-0.96096144240420767,-0.96096144240420767)
 (-0.96096144240420767,0.32032048080140252)
 (-0.32032048080140252,-0.96096144240420767)
 (-0.96096144240420767,0.32032048080140252)
 (0.32032048080140252,-0.96096144240420767)
 (0.32032048080140252,-0.32032048080140252)
 (0.96096144240420767,0.96096144240420767)
 (0.32032048080140252,-0.32032048080140252)
 (-0.96096144240420767,0.32032048080140252)
 (0.96096144240420767,-0.32032048080140252)
 (-0.96096144240420767,-0.32032048080140252)
 (-0.96096144240420767,0.32032048080140252)
 (0.32032048080140252,0.32032048080140252)
 (-0.96096144240420767,-0.32032048080140252)
 (0.32032048080140252,0.96096144240420767)
 (0.32032048080140252,0.32032048080140252)
 (0.96096144240420767,-0.32032048080140252)
 (-0.32032048080140252,-0.32032048080140252)
 (-0.32032048080140252,-0.96096144240420767)
 (-0.96096144240420767,-0.96096144240420767)
 (-0.32032048080140252,-0.32032048080140252)
 (-0.96096144240420767,0.32032048080140252)
 (-0.96096144240420767,-0.96096144240420767)
 (0.32032048080140252,0.96096144240420767)
 (-0.96096144240420767,-0.96096144240420767)
 (0.96096144240420767,-0.96096144240420767)
 (-0.32032048080140252,0.96096144240420767)
 (0.32032048080140252,0.32032048080140252)
 (0.32032048080140252,0.96096144240420767)
 (0.32032048080140252,0.32032048080140252)
 (0.32032048080140252,0.32032048080140252)
 (0.96096144240420767,0.32032048080140252)
 (-0.96096144240420767,0.32032048080140252)
 (-0.32032048080140252,-0.32032048080140252)
 (-0.96096144240420767,0.96096144240420767)
 (-0.96096144240420767,0.32032048080140252)
 (-0.32032048080140252,0.32032048080140252)
 (0.32032048080140252,0.96096144240420767)
 (0.32032048080140252,0.32032048080140252)
 (0.32032048080140252,-0.32032048080140252)
 (0.96096144240420767,0.32032048080140252)
 (0.96096144240420767,-0.32032048080140252)
 (0.32032048080140252,-0.32032048080140252)
 (-0.96096144240420767,-0.32032048080140252)
 (-0.96096144240420767,0.32032048080140252)
 (0.32032048080140252,-0.96096144240420767)
 (-0.96096144240420767,0.32032048080140252)
 (0.96096144240420767,0.32032048080140252)
 (-0.32032048080140252,-0.32032048080140252)
 (-0.96096144240420767,0.96096144240420767)
 (0.32032048080140252,-0.32032048080140252)
 (-0.32032048080140252,-0.96096144240420767)
 (0.32032048080140252,-0.32032048080140252)
 (-0.96096144240420767,-0.32032048080140252)
 (0.96096144240420767,-0.96096144240420767)
 (0.32032048080140252,0.32032048080140252)
 (-0.96096144240420767,-0.32032048080140252)
 (-0.96096144240420767,0.96096144240420767)
 (-0.32032048080140252,0.96096144240420767)
 (-0.96096144240420767,-0.96096144240420767)
 (-0.32032048080140252,0.96096144240420767)
 (0.32032048080140252,0.32032048080140252)
 (0.96096144240420767,-0.32032048080140252)
 (-0.32032048080140252,-0.96096144240420767)
 (-0.32032048080140252,0.32032048080140252)
 (0.96096144240420767,-0.32032048080140252)
 (-0.96096144240420767,0.96096144240420767)
 (0.32032048080140252,-0.32032048080140252)
 (0.32032048080140252,-0.96096144240420767)
 (0.96096144240420767,0.32032048080140252)
 (0.96096144240420767,0.96096144240420767)
 (0.32032048080140252,0.96096144240420767)
 (-0.32032048080140252,0.96096144240420767)
 (0.32032048080140252,-0.32032048080140252)
 (-0.96096144240420767,0.96096144240420767)
 (-0.32032048080140252,-0.32032048080140252)
 (-0.32032048080140252,0.32032048080140252)
 (0.96096144240420767,-0.32032048080140252)
 (-0.32032048080140252,0.32032048080140252)
 (0.96096144240420767,0.96096144240420767)
 (-0.96096144240420767,0.96096144240420767)
 (-0.96096144240420767,-0.32032048080140252)
 (0.32032048080140252,0.32032048080140252)
 (0.96096144240420767,-0.32032048080140252)
 (-0.96096144240420767,0.96096144240420767)
 (-0.96096144240420767,0.96096144240420767)
 (-0.96096144240420767,-0.96096144240420767)
 (-0.96096144240420767,0.96096144240420767)
 (-0.32032048080140252,-0.32032048080140252)
 (-0.96096144240420767,0.32032048080140252)
 (0.32032048080140252,0.32032048080140252)
 (-0.32032048080140252,-0.32032048080140252)
 (0.32032048080140252,-0.96096144240420767)
 (0.96096144240420767,0.96096144240420767)
 (0.96096144240420767,0.32032048080140252)
 (0.96096144240420767,0.96096144240420767)
 (-0.32032048080140252,0.32032048080140252)
 (-0.32032048080140252,0.96096144240420767)
 (0.96096144240420767,-0.96096144240420767)
 (0.32032048080140252,0.96096144240420767)
 (-0.32032048080140252,0.32032048080140252)
 (-0.32032048080140252,0.32032048080140252)
 (-0.96096144240420767,0.96096144240420767)
 (-0.96096144240420767,-0.96096144240420767)
 (-0.96096144240420767,0.32032048080140252)
 (0.32032048080140252,-0.96096144240420767)
 (-0.32032048080140252,-0.32032048080140252)
 (-0.32032048080140252,-0.96096144240420767)
 (0.32032048080140252,0.32032048080140252)
 (-0.96096144240420767,-0.32032048080140252)
 (-0.32032048080140252,-0.32032048080140252)
 (-0.96096144240420767,0.96096144240420767)
 (-0.96096144240420767,0.32032048080140252)
 (-0.96096144240420767,0.96096144240420767)
 (0.96096144240420767,0.32032048080140252)
 (0.32032048080140252,0.32032048080140252)
 (-0.96096144240420767,-0.32032048080140252)
 (0.96096144240420767,0.96096144240420767)
 (0.32032048080140252,-0.96096144240420767)
 (0.32032048080140252,0.96096144240420767)
 (0.96096144240420767,0.96096144240420767)
 (-0.32032048080140252,0.32032048080140252)
 (-0.96096144240420767,-0.32032048080140252)
 (-0.96096144240420767,-0.32032048080140252)
 (-0.32032048080140252,0.32032048080140252)
 (0.32032048080140252,-0.32032048080140252)
 (-0.96096144240420767,0.32032048080140252)
 (0.32032048080140252,0.96096144240420767)
 (-0.32032048080140252,0.96096144240420767)
