# Created by Octave 8.4.0, Thu Dec 11 09:16:05 2025 IST <gamana@Samsung>
# name: iq
# type: complex matrix
# rows: 2048
# columns: 1
 (0.95072807680735694,0.95072807680735694)
 (-0.31690935893578565,-0.95072807680735694)
 (-0.31690935893578565,-0.95072807680735694)
 (0.31690935893578565,-0.95072807680735694)
 (-0.31690935893578565,-0.31690935893578565)
 (0.31690935893578565,0.95072807680735694)
 (0.95072807680735694,0.31690935893578565)
 (0.31690935893578565,0.95072807680735694)
 (-0.95072807680735694,0.95072807680735694)
 (0.95072807680735694,-0.95072807680735694)
 (0.31690935893578565,-0.31690935893578565)
 (-0.95072807680735694,-0.95072807680735694)
 (0.31690935893578565,0.31690935893578565)
 (0.31690935893578565,0.95072807680735694)
 (0.95072807680735694,-0.31690935893578565)
 (0.31690935893578565,0.31690935893578565)
 (0.95072807680735694,-0.31690935893578565)
 (-0.31690935893578565,-0.95072807680735694)
 (0.31690935893578565,-0.95072807680735694)
 (-0.95072807680735694,0.31690935893578565)
 (-0.31690935893578565,-0.31690935893578565)
 (-0.31690935893578565,-0.31690935893578565)
 (-0.95072807680735694,-0.31690935893578565)
 (0.31690935893578565,-0.95072807680735694)
 (0.95072807680735694,-0.95072807680735694)
 (-0.95072807680735694,0.95072807680735694)
 (-0.31690935893578565,-0.31690935893578565)
 (0.95072807680735694,-0.31690935893578565)
 (0.95072807680735694,-0.95072807680735694)
 (-0.31690935893578565,0.95072807680735694)
 (-0.95072807680735694,-0.95072807680735694)
 (-0.31690935893578565,0.31690935893578565)
 (0.31690935893578565,-0.95072807680735694)
 (-0.95072807680735694,0.31690935893578565)
 (0.31690935893578565,-0.95072807680735694)
 (0.95072807680735694,0.95072807680735694)
 (0.95072807680735694,0.95072807680735694)
 (-0.31690935893578565,0.31690935893578565)
 (0.95072807680735694,0.95072807680735694)
 (0.31690935893578565,0.95072807680735694)
 (0.31690935893578565,-0.31690935893578565)
 (-0.95072807680735694,0.31690935893578565)
 (0.95072807680735694,-0.95072807680735694)
 (0.95072807680735694,-0.95072807680735694)
 (0.31690935893578565,-0.95072807680735694)
 (0.95072807680735694,-0.95072807680735694)
 (0.31690935893578565,-0.31690935893578565)
 (0.31690935893578565,0.95072807680735694)
 (0.95072807680735694,-0.95072807680735694)
 (-0.31690935893578565,-0.95072807680735694)
 (0.31690935893578565,0.31690935893578565)
 (-0.31690935893578565,0.31690935893578565)
 (-0.31690935893578565,-0.95072807680735694)
 (-0.31690935893578565,0.95072807680735694)
 (0.95072807680735694,0.31690935893578565)
 (-0.31690935893578565,0.95072807680735694)
 (0.31690935893578565,-0.31690935893578565)
 (-0.31690935893578565,0.95072807680735694)
 (-0.95072807680735694,0.31690935893578565)
 (0.31690935893578565,0.31690935893578565)
 (-0.95072807680735694,0.31690935893578565)
 (-0.95072807680735694,-0.31690935893578565)
 (0.95072807680735694,0.31690935893578565)
 (-0.95072807680735694,-0.31690935893578565)
 (0.95072807680735694,0.95072807680735694)
 (-0.31690935893578565,-0.95072807680735694)
 (-0.31690935893578565,-0.31690935893578565)
 (-0.31690935893578565,-0.31690935893578565)
 (0.31690935893578565,-0.95072807680735694)
 (0.95072807680735694,-0.95072807680735694)
 (0.31690935893578565,0.31690935893578565)
 (-0.95072807680735694,0.31690935893578565)
 (0.95072807680735694,-0.95072807680735694)
 (-0.31690935893578565,-0.95072807680735694)
 (0.31690935893578565,0.31690935893578565)
 (0.31690935893578565,-0.31690935893578565)
 (0.95072807680735694,0.95072807680735694)
 (0.95072807680735694,0.31690935893578565)
 (0.31690935893578565,-0.95072807680735694)
 (0.31690935893578565,0.31690935893578565)
 (-0.95072807680735694,-0.95072807680735694)
 (0.31690935893578565,0.95072807680735694)
 (-0.31690935893578565,-0.95072807680735694)
 (0.31690935893578565,0.31690935893578565)
 (0.95072807680735694,0.95072807680735694)
 (-0.31690935893578565,0.31690935893578565)
 (-0.95072807680735694,-0.95072807680735694)
 (0.95072807680735694,0.31690935893578565)
 (0.31690935893578565,-0.31690935893578565)
 (-0.31690935893578565,-0.31690935893578565)
 (0.95072807680735694,0.31690935893578565)
 (-0.31690935893578565,0.95072807680735694)
 (0.95072807680735694,0.95072807680735694)
 (0.95072807680735694,0.31690935893578565)
 (0.31690935893578565,-0.95072807680735694)
 (0.31690935893578565,0.95072807680735694)
 (0.31690935893578565,-0.95072807680735694)
 (0.95072807680735694,-0.95072807680735694)
 (0.95072807680735694,0.31690935893578565)
 (-0.31690935893578565,-0.31690935893578565)
 (0.31690935893578565,0.95072807680735694)
 (-0.31690935893578565,0.95072807680735694)
 (0.95072807680735694,-0.95072807680735694)
 (0.95072807680735694,0.31690935893578565)
 (-0.95072807680735694,-0.31690935893578565)
 (0.95072807680735694,0.95072807680735694)
 (-0.31690935893578565,-0.31690935893578565)
 (0.95072807680735694,-0.31690935893578565)
 (-0.31690935893578565,0.95072807680735694)
 (-0.95072807680735694,0.95072807680735694)
 (-0.31690935893578565,0.31690935893578565)
 (-0.31690935893578565,-0.31690935893578565)
 (0.31690935893578565,0.95072807680735694)
 (0.31690935893578565,-0.95072807680735694)
 (-0.31690935893578565,-0.31690935893578565)
 (0.31690935893578565,-0.31690935893578565)
 (-0.31690935893578565,-0.31690935893578565)
 (-0.95072807680735694,-0.95072807680735694)
 (-0.31690935893578565,-0.95072807680735694)
 (0.31690935893578565,0.95072807680735694)
 (-0.31690935893578565,-0.95072807680735694)
 (-0.31690935893578565,-0.95072807680735694)
 (-0.95072807680735694,-0.31690935893578565)
 (0.95072807680735694,0.95072807680735694)
 (0.95072807680735694,-0.95072807680735694)
 (-0.31690935893578565,-0.95072807680735694)
 (-0.31690935893578565,0.31690935893578565)
 (0.31690935893578565,-0.95072807680735694)
 (-0.95072807680735694,-0.31690935893578565)
 (-0.31690935893578565,0.95072807680735694)
 (0.95072807680735694,-0.95072807680735694)
 (-0.31690935893578565,0.95072807680735694)
 (0.31690935893578565,0.95072807680735694)
 (0.31690935893578565,0.95072807680735694)
 (-0.95072807680735694,0.31690935893578565)
 (0.31690935893578565,-0.31690935893578565)
 (-0.31690935893578565,0.31690935893578565)
 (0.95072807680735694,0.95072807680735694)
 (-0.31690935893578565,-0.31690935893578565)
 (0.95072807680735694,-0.31690935893578565)
 (-0.95072807680735694,0.95072807680735694)
 (-0.95072807680735694,-0.31690935893578565)
 (-0.31690935893578565,0.31690935893578565)
 (-0.95072807680735694,-0.95072807680735694)
 (0.95072807680735694,0.95072807680735694)
 (-0.31690935893578565,0.95072807680735694)
 (-0.31690935893578565,0.31690935893578565)
 (-0.31690935893578565,0.31690935893578565)
 (-0.95072807680735694,0.31690935893578565)
 (-0.95072807680735694,0.95072807680735694)
 (-0.31690935893578565,-0.31690935893578565)
 (-0.95072807680735694,0.95072807680735694)
 (-0.95072807680735694,0.31690935893578565)
 (0.31690935893578565,-0.95072807680735694)
 (0.95072807680735694,0.95072807680735694)
 (0.31690935893578565,-0.31690935893578565)
 (-0.95072807680735694,0.95072807680735694)
 (0.31690935893578565,-0.31690935893578565)
 (0.31690935893578565,-0.31690935893578565)
 (-0.95072807680735694,-0.31690935893578565)
 (-0.95072807680735694,-0.95072807680735694)
 (0.31690935893578565,-0.95072807680735694)
 (0.95072807680735694,-0.95072807680735694)
 (-0.31690935893578565,-0.31690935893578565)
 (0.95072807680735694,0.95072807680735694)
 (-0.31690935893578565,-0.95072807680735694)
 (0.95072807680735694,0.31690935893578565)
 (-0.31690935893578565,-0.95072807680735694)
 (0.95072807680735694,0.95072807680735694)
 (-0.31690935893578565,-0.31690935893578565)
 (0.31690935893578565,0.31690935893578565)
 (-0.95072807680735694,-0.31690935893578565)
 (0.95072807680735694,-0.31690935893578565)
 (0.95072807680735694,0.31690935893578565)
 (-0.95072807680735694,-0.31690935893578565)
 (0.31690935893578565,-0.95072807680735694)
 (-0.95072807680735694,-0.31690935893578565)
 (-0.95072807680735694,-0.31690935893578565)
