# Created by Octave 8.4.0, Thu Dec 11 09:16:05 2025 IST <gamana@Samsung>
# name: iq
# type: complex matrix
# rows: 2048
# columns: 1
 (0.31647510885169422,0.31647510885169422)
 (-0.31647510885169422,-0.9494253265550826)
 (-0.9494253265550826,-0.9494253265550826)
 (-0.31647510885169422,0.9494253265550826)
 (0.31647510885169422,-0.31647510885169422)
 (-0.9494253265550826,0.31647510885169422)
 (-0.31647510885169422,0.9494253265550826)
 (-0.9494253265550826,0.31647510885169422)
 (-0.31647510885169422,0.31647510885169422)
 (0.31647510885169422,0.9494253265550826)
 (-0.31647510885169422,0.31647510885169422)
 (0.31647510885169422,0.9494253265550826)
 (-0.31647510885169422,0.9494253265550826)
 (-0.31647510885169422,-0.9494253265550826)
 (-0.9494253265550826,0.9494253265550826)
 (0.9494253265550826,0.9494253265550826)
 (0.9494253265550826,0.31647510885169422)
 (-0.31647510885169422,0.9494253265550826)
 (0.31647510885169422,0.9494253265550826)
 (-0.31647510885169422,0.9494253265550826)
 (-0.9494253265550826,0.9494253265550826)
 (-0.9494253265550826,0.31647510885169422)
 (-0.9494253265550826,0.9494253265550826)
 (-0.9494253265550826,0.31647510885169422)
 (-0.9494253265550826,-0.31647510885169422)
 (0.31647510885169422,-0.9494253265550826)
 (0.9494253265550826,0.9494253265550826)
 (-0.31647510885169422,0.9494253265550826)
 (-0.31647510885169422,-0.31647510885169422)
 (-0.9494253265550826,0.9494253265550826)
 (-0.31647510885169422,-0.31647510885169422)
 (-0.9494253265550826,0.9494253265550826)
 (-0.9494253265550826,0.31647510885169422)
 (-0.9494253265550826,0.31647510885169422)
 (0.9494253265550826,0.9494253265550826)
 (-0.31647510885169422,0.31647510885169422)
 (0.9494253265550826,0.31647510885169422)
 (-0.31647510885169422,0.9494253265550826)
 (0.9494253265550826,0.9494253265550826)
 (-0.9494253265550826,0.31647510885169422)
 (-0.9494253265550826,-0.9494253265550826)
 (-0.9494253265550826,-0.31647510885169422)
 (-0.31647510885169422,0.31647510885169422)
 (-0.31647510885169422,0.31647510885169422)
 (-0.9494253265550826,-0.31647510885169422)
 (-0.9494253265550826,0.31647510885169422)
 (0.31647510885169422,-0.31647510885169422)
 (-0.31647510885169422,0.9494253265550826)
 (0.9494253265550826,-0.31647510885169422)
 (0.9494253265550826,0.31647510885169422)
 (0.31647510885169422,0.31647510885169422)
 (-0.31647510885169422,0.9494253265550826)
 (-0.31647510885169422,-0.9494253265550826)
 (-0.31647510885169422,0.31647510885169422)
 (-0.31647510885169422,0.9494253265550826)
 (-0.9494253265550826,0.31647510885169422)
 (0.9494253265550826,0.9494253265550826)
 (-0.31647510885169422,-0.9494253265550826)
 (0.9494253265550826,0.9494253265550826)
 (0.31647510885169422,0.31647510885169422)
 (-0.31647510885169422,0.31647510885169422)
 (-0.31647510885169422,-0.9494253265550826)
 (-0.31647510885169422,0.9494253265550826)
 (0.31647510885169422,0.9494253265550826)
 (0.9494253265550826,-0.9494253265550826)
 (0.9494253265550826,-0.9494253265550826)
 (0.31647510885169422,-0.9494253265550826)
 (0.9494253265550826,-0.31647510885169422)
 (-0.9494253265550826,0.31647510885169422)
 (-0.9494253265550826,-0.31647510885169422)
 (0.9494253265550826,-0.31647510885169422)
 (0.31647510885169422,-0.31647510885169422)
 (0.31647510885169422,0.9494253265550826)
 (0.9494253265550826,0.31647510885169422)
 (0.9494253265550826,0.9494253265550826)
 (-0.31647510885169422,-0.9494253265550826)
 (-0.31647510885169422,0.31647510885169422)
 (-0.31647510885169422,0.31647510885169422)
 (-0.9494253265550826,-0.31647510885169422)
 (0.31647510885169422,0.31647510885169422)
 (0.31647510885169422,-0.9494253265550826)
 (0.31647510885169422,-0.31647510885169422)
 (-0.31647510885169422,-0.31647510885169422)
 (-0.9494253265550826,0.31647510885169422)
 (0.9494253265550826,-0.9494253265550826)
 (0.9494253265550826,0.9494253265550826)
 (-0.9494253265550826,0.31647510885169422)
 (-0.31647510885169422,0.31647510885169422)
 (-0.9494253265550826,0.9494253265550826)
 (0.9494253265550826,-0.9494253265550826)
 (-0.31647510885169422,-0.9494253265550826)
 (-0.31647510885169422,-0.9494253265550826)
 (-0.9494253265550826,0.9494253265550826)
 (0.31647510885169422,0.9494253265550826)
 (-0.31647510885169422,-0.31647510885169422)
 (0.31647510885169422,-0.31647510885169422)
 (-0.9494253265550826,-0.9494253265550826)
 (-0.31647510885169422,0.31647510885169422)
 (0.31647510885169422,0.9494253265550826)
 (0.9494253265550826,-0.9494253265550826)
 (0.9494253265550826,-0.9494253265550826)
 (-0.31647510885169422,0.31647510885169422)
 (-0.9494253265550826,0.31647510885169422)
 (0.9494253265550826,-0.9494253265550826)
 (0.9494253265550826,0.9494253265550826)
 (-0.9494253265550826,0.31647510885169422)
 (0.9494253265550826,0.9494253265550826)
 (0.31647510885169422,-0.31647510885169422)
 (-0.9494253265550826,-0.31647510885169422)
 (0.9494253265550826,0.9494253265550826)
 (-0.9494253265550826,0.9494253265550826)
 (-0.31647510885169422,0.31647510885169422)
 (0.31647510885169422,0.31647510885169422)
 (0.31647510885169422,-0.31647510885169422)
 (-0.9494253265550826,-0.31647510885169422)
 (-0.9494253265550826,-0.9494253265550826)
 (-0.31647510885169422,0.31647510885169422)
 (0.9494253265550826,-0.31647510885169422)
 (0.31647510885169422,0.9494253265550826)
 (-0.9494253265550826,-0.31647510885169422)
 (0.9494253265550826,0.31647510885169422)
 (0.31647510885169422,0.9494253265550826)
 (-0.9494253265550826,0.31647510885169422)
 (0.9494253265550826,0.31647510885169422)
 (-0.31647510885169422,0.31647510885169422)
 (0.9494253265550826,0.31647510885169422)
 (0.9494253265550826,-0.9494253265550826)
 (0.9494253265550826,0.9494253265550826)
 (-0.31647510885169422,-0.31647510885169422)
 (0.31647510885169422,-0.9494253265550826)
 (-0.31647510885169422,-0.31647510885169422)
 (0.9494253265550826,0.9494253265550826)
 (0.31647510885169422,0.9494253265550826)
 (0.31647510885169422,0.9494253265550826)
 (-0.31647510885169422,-0.9494253265550826)
 (0.31647510885169422,0.31647510885169422)
 (0.9494253265550826,0.31647510885169422)
 (0.31647510885169422,0.9494253265550826)
 (-0.31647510885169422,0.9494253265550826)
 (0.31647510885169422,-0.31647510885169422)
 (-0.9494253265550826,-0.31647510885169422)
 (0.9494253265550826,0.9494253265550826)
 (-0.9494253265550826,0.31647510885169422)
 (-0.9494253265550826,-0.31647510885169422)
 (-0.31647510885169422,-0.31647510885169422)
 (-0.9494253265550826,0.9494253265550826)
 (-0.31647510885169422,0.9494253265550826)
 (-0.9494253265550826,0.9494253265550826)
 (0.9494253265550826,0.31647510885169422)
 (0.9494253265550826,-0.31647510885169422)
 (-0.9494253265550826,0.9494253265550826)
 (-0.9494253265550826,-0.31647510885169422)
 (-0.9494253265550826,0.9494253265550826)
 (0.9494253265550826,-0.9494253265550826)
 (0.31647510885169422,0.31647510885169422)
 (-0.31647510885169422,0.9494253265550826)
 (-0.9494253265550826,-0.31647510885169422)
 (-0.31647510885169422,-0.9494253265550826)
 (0.9494253265550826,0.31647510885169422)
 (-0.9494253265550826,-0.31647510885169422)
 (-0.31647510885169422,0.9494253265550826)
 (-0.31647510885169422,-0.9494253265550826)
 (-0.31647510885169422,0.31647510885169422)
 (-0.9494253265550826,0.31647510885169422)
 (0.9494253265550826,0.9494253265550826)
 (-0.9494253265550826,-0.9494253265550826)
 (-0.31647510885169422,0.31647510885169422)
 (-0.9494253265550826,-0.9494253265550826)
 (0.31647510885169422,0.31647510885169422)
 (-0.9494253265550826,-0.31647510885169422)
 (-0.9494253265550826,0.9494253265550826)
 (0.9494253265550826,-0.31647510885169422)
 (-0.31647510885169422,0.31647510885169422)
 (0.9494253265550826,-0.31647510885169422)
 (0.9494253265550826,-0.9494253265550826)
 (-0.31647510885169422,0.9494253265550826)
 (-0.31647510885169422,-0.31647510885169422)
 (0.31647510885169422,-0.31647510885169422)
 (0.31647510885169422,0.31647510885169422)
 (0.31647510885169422,-0.9494253265550826)
 (0.9494253265550826,0.31647510885169422)
 (0.9494253265550826,-0.9494253265550826)
 (-0.31647510885169422,-0.31647510885169422)
