# Created by Octave 8.4.0, Thu Dec 11 09:16:05 2025 IST <gamana@Samsung>
# name: iq
# type: complex matrix
# rows: 2048
# columns: 1
 (0.3180971089950177,0.3180971089950177)
 (-0.95429132698505303,-0.95429132698505303)
 (0.95429132698505303,0.95429132698505303)
 (-0.95429132698505303,0.3180971089950177)
 (-0.95429132698505303,-0.95429132698505303)
 (0.95429132698505303,0.3180971089950177)
 (-0.95429132698505303,0.95429132698505303)
 (0.95429132698505303,0.3180971089950177)
 (-0.3180971089950177,0.95429132698505303)
 (-0.3180971089950177,0.95429132698505303)
 (-0.3180971089950177,-0.95429132698505303)
 (-0.3180971089950177,-0.3180971089950177)
 (0.95429132698505303,0.3180971089950177)
 (-0.3180971089950177,-0.3180971089950177)
 (-0.3180971089950177,0.95429132698505303)
 (-0.3180971089950177,0.95429132698505303)
 (0.95429132698505303,-0.3180971089950177)
 (-0.3180971089950177,0.95429132698505303)
 (-0.3180971089950177,-0.95429132698505303)
 (0.3180971089950177,-0.95429132698505303)
 (-0.3180971089950177,-0.95429132698505303)
 (0.95429132698505303,0.3180971089950177)
 (0.95429132698505303,0.95429132698505303)
 (0.95429132698505303,-0.3180971089950177)
 (-0.95429132698505303,-0.95429132698505303)
 (-0.3180971089950177,0.3180971089950177)
 (0.3180971089950177,0.95429132698505303)
 (-0.95429132698505303,-0.95429132698505303)
 (-0.95429132698505303,-0.3180971089950177)
 (-0.95429132698505303,0.95429132698505303)
 (-0.95429132698505303,0.95429132698505303)
 (0.3180971089950177,0.3180971089950177)
 (-0.3180971089950177,-0.95429132698505303)
 (-0.95429132698505303,-0.3180971089950177)
 (-0.3180971089950177,0.3180971089950177)
 (0.3180971089950177,-0.3180971089950177)
 (-0.3180971089950177,0.95429132698505303)
 (0.95429132698505303,-0.95429132698505303)
 (-0.95429132698505303,0.95429132698505303)
 (0.95429132698505303,0.95429132698505303)
 (-0.3180971089950177,-0.95429132698505303)
 (0.95429132698505303,0.3180971089950177)
 (0.95429132698505303,-0.95429132698505303)
 (0.3180971089950177,0.95429132698505303)
 (-0.3180971089950177,-0.95429132698505303)
 (-0.3180971089950177,0.3180971089950177)
 (0.95429132698505303,-0.3180971089950177)
 (-0.95429132698505303,0.95429132698505303)
 (0.95429132698505303,-0.3180971089950177)
 (0.95429132698505303,-0.3180971089950177)
 (-0.95429132698505303,-0.3180971089950177)
 (-0.95429132698505303,-0.3180971089950177)
 (0.95429132698505303,-0.3180971089950177)
 (-0.3180971089950177,-0.3180971089950177)
 (0.3180971089950177,0.95429132698505303)
 (0.3180971089950177,-0.3180971089950177)
 (0.3180971089950177,0.95429132698505303)
 (-0.3180971089950177,-0.3180971089950177)
 (-0.3180971089950177,0.3180971089950177)
 (-0.95429132698505303,-0.3180971089950177)
 (0.3180971089950177,-0.95429132698505303)
 (0.3180971089950177,-0.95429132698505303)
 (-0.3180971089950177,-0.3180971089950177)
 (0.3180971089950177,-0.95429132698505303)
 (0.3180971089950177,0.95429132698505303)
 (0.3180971089950177,0.3180971089950177)
 (0.3180971089950177,-0.3180971089950177)
 (-0.3180971089950177,0.3180971089950177)
 (0.95429132698505303,0.95429132698505303)
 (0.95429132698505303,-0.95429132698505303)
 (0.95429132698505303,-0.3180971089950177)
 (-0.3180971089950177,0.95429132698505303)
 (-0.3180971089950177,-0.95429132698505303)
 (-0.3180971089950177,0.95429132698505303)
 (0.95429132698505303,-0.95429132698505303)
 (0.3180971089950177,0.95429132698505303)
 (-0.95429132698505303,0.95429132698505303)
 (0.95429132698505303,-0.3180971089950177)
 (0.95429132698505303,-0.3180971089950177)
 (0.95429132698505303,-0.95429132698505303)
 (-0.3180971089950177,-0.95429132698505303)
 (-0.3180971089950177,0.3180971089950177)
 (0.95429132698505303,0.3180971089950177)
 (0.95429132698505303,-0.3180971089950177)
 (0.95429132698505303,-0.95429132698505303)
 (0.95429132698505303,-0.95429132698505303)
 (0.3180971089950177,0.95429132698505303)
 (-0.3180971089950177,-0.95429132698505303)
 (-0.95429132698505303,0.95429132698505303)
 (-0.3180971089950177,-0.3180971089950177)
 (0.95429132698505303,0.95429132698505303)
 (0.3180971089950177,0.95429132698505303)
 (-0.3180971089950177,-0.95429132698505303)
 (-0.3180971089950177,-0.3180971089950177)
 (0.3180971089950177,-0.95429132698505303)
 (-0.3180971089950177,0.95429132698505303)
 (-0.95429132698505303,0.3180971089950177)
 (0.3180971089950177,-0.95429132698505303)
 (0.3180971089950177,-0.95429132698505303)
 (-0.3180971089950177,0.95429132698505303)
 (0.3180971089950177,0.3180971089950177)
 (-0.95429132698505303,-0.95429132698505303)
 (-0.3180971089950177,0.95429132698505303)
 (0.3180971089950177,-0.95429132698505303)
 (0.95429132698505303,-0.3180971089950177)
 (0.95429132698505303,0.3180971089950177)
 (0.3180971089950177,0.95429132698505303)
 (0.95429132698505303,-0.3180971089950177)
 (-0.95429132698505303,0.3180971089950177)
 (0.95429132698505303,0.3180971089950177)
 (-0.3180971089950177,0.95429132698505303)
 (-0.95429132698505303,-0.3180971089950177)
 (-0.95429132698505303,0.3180971089950177)
 (0.3180971089950177,0.3180971089950177)
 (0.3180971089950177,-0.3180971089950177)
 (-0.95429132698505303,-0.95429132698505303)
 (0.3180971089950177,0.95429132698505303)
 (0.95429132698505303,0.95429132698505303)
 (-0.95429132698505303,-0.3180971089950177)
 (0.3180971089950177,0.3180971089950177)
 (-0.3180971089950177,-0.3180971089950177)
 (0.95429132698505303,0.3180971089950177)
 (-0.95429132698505303,-0.3180971089950177)
 (-0.3180971089950177,0.95429132698505303)
 (-0.95429132698505303,-0.3180971089950177)
 (-0.3180971089950177,-0.3180971089950177)
 (0.95429132698505303,-0.95429132698505303)
 (-0.3180971089950177,-0.95429132698505303)
 (-0.95429132698505303,-0.3180971089950177)
 (0.95429132698505303,0.95429132698505303)
 (-0.3180971089950177,-0.3180971089950177)
 (-0.95429132698505303,0.95429132698505303)
 (-0.3180971089950177,0.3180971089950177)
 (0.3180971089950177,0.95429132698505303)
 (0.3180971089950177,-0.3180971089950177)
 (0.3180971089950177,-0.95429132698505303)
 (0.95429132698505303,0.95429132698505303)
 (-0.95429132698505303,-0.3180971089950177)
 (0.95429132698505303,-0.95429132698505303)
 (-0.3180971089950177,-0.3180971089950177)
 (0.95429132698505303,-0.3180971089950177)
 (-0.3180971089950177,-0.95429132698505303)
 (0.3180971089950177,0.3180971089950177)
 (0.3180971089950177,-0.95429132698505303)
 (0.3180971089950177,0.95429132698505303)
 (-0.95429132698505303,0.3180971089950177)
 (-0.95429132698505303,-0.3180971089950177)
 (-0.3180971089950177,-0.95429132698505303)
 (0.95429132698505303,0.95429132698505303)
 (0.95429132698505303,-0.3180971089950177)
 (0.95429132698505303,-0.95429132698505303)
 (-0.95429132698505303,0.3180971089950177)
 (-0.3180971089950177,-0.95429132698505303)
 (-0.3180971089950177,-0.3180971089950177)
 (-0.3180971089950177,0.95429132698505303)
 (-0.95429132698505303,-0.95429132698505303)
 (0.95429132698505303,0.95429132698505303)
 (-0.3180971089950177,-0.95429132698505303)
 (0.95429132698505303,-0.95429132698505303)
 (-0.95429132698505303,0.95429132698505303)
 (0.95429132698505303,-0.95429132698505303)
 (0.3180971089950177,0.3180971089950177)
 (0.3180971089950177,-0.3180971089950177)
 (0.95429132698505303,-0.3180971089950177)
 (0.95429132698505303,-0.3180971089950177)
 (-0.95429132698505303,0.95429132698505303)
 (-0.3180971089950177,0.3180971089950177)
 (0.95429132698505303,-0.3180971089950177)
 (0.95429132698505303,0.95429132698505303)
 (0.3180971089950177,0.3180971089950177)
 (-0.95429132698505303,0.3180971089950177)
 (0.95429132698505303,0.95429132698505303)
 (0.3180971089950177,-0.95429132698505303)
 (-0.95429132698505303,0.95429132698505303)
 (-0.3180971089950177,0.3180971089950177)
 (-0.3180971089950177,-0.3180971089950177)
 (-0.95429132698505303,-0.95429132698505303)
 (-0.95429132698505303,-0.3180971089950177)
 (0.95429132698505303,-0.95429132698505303)
 (-0.3180971089950177,-0.95429132698505303)
 (0.3180971089950177,-0.95429132698505303)
 (-0.3180971089950177,0.3180971089950177)
