# Created by Octave 8.4.0, Thu Dec 11 09:16:05 2025 IST <gamana@Samsung>
# name: iq
# type: complex matrix
# rows: 2048
# columns: 1
 (-0.9525984860063299,0.9525984860063299)
 (-0.31753282866877663,-0.31753282866877663)
 (-0.9525984860063299,0.9525984860063299)
 (-0.9525984860063299,0.9525984860063299)
 (-0.9525984860063299,-0.9525984860063299)
 (-0.31753282866877663,0.9525984860063299)
 (-0.31753282866877663,0.31753282866877663)
 (-0.31753282866877663,0.31753282866877663)
 (0.31753282866877663,-0.31753282866877663)
 (-0.9525984860063299,0.31753282866877663)
 (-0.9525984860063299,-0.31753282866877663)
 (0.31753282866877663,-0.31753282866877663)
 (-0.31753282866877663,0.31753282866877663)
 (-0.31753282866877663,-0.9525984860063299)
 (-0.31753282866877663,-0.31753282866877663)
 (-0.9525984860063299,0.9525984860063299)
 (0.9525984860063299,-0.9525984860063299)
 (-0.9525984860063299,0.9525984860063299)
 (-0.9525984860063299,0.9525984860063299)
 (0.9525984860063299,0.31753282866877663)
 (0.31753282866877663,-0.9525984860063299)
 (0.31753282866877663,0.31753282866877663)
 (-0.31753282866877663,0.31753282866877663)
 (0.31753282866877663,0.31753282866877663)
 (-0.9525984860063299,0.9525984860063299)
 (-0.9525984860063299,0.31753282866877663)
 (-0.31753282866877663,-0.9525984860063299)
 (-0.31753282866877663,-0.31753282866877663)
 (-0.9525984860063299,0.31753282866877663)
 (0.9525984860063299,0.31753282866877663)
 (-0.31753282866877663,-0.9525984860063299)
 (-0.9525984860063299,-0.31753282866877663)
 (0.31753282866877663,-0.31753282866877663)
 (0.9525984860063299,0.9525984860063299)
 (-0.31753282866877663,0.31753282866877663)
 (0.31753282866877663,0.31753282866877663)
 (0.31753282866877663,0.31753282866877663)
 (-0.31753282866877663,-0.9525984860063299)
 (-0.31753282866877663,0.9525984860063299)
 (-0.31753282866877663,0.9525984860063299)
 (-0.9525984860063299,-0.9525984860063299)
 (-0.31753282866877663,0.31753282866877663)
 (0.31753282866877663,0.9525984860063299)
 (0.31753282866877663,0.31753282866877663)
 (0.31753282866877663,0.9525984860063299)
 (-0.9525984860063299,-0.9525984860063299)
 (-0.31753282866877663,0.31753282866877663)
 (-0.9525984860063299,-0.31753282866877663)
 (-0.9525984860063299,-0.9525984860063299)
 (-0.31753282866877663,0.31753282866877663)
 (-0.9525984860063299,0.9525984860063299)
 (0.9525984860063299,0.9525984860063299)
 (0.9525984860063299,-0.9525984860063299)
 (0.9525984860063299,-0.9525984860063299)
 (-0.31753282866877663,0.31753282866877663)
 (-0.31753282866877663,-0.31753282866877663)
 (0.31753282866877663,0.9525984860063299)
 (0.9525984860063299,-0.9525984860063299)
 (-0.31753282866877663,-0.9525984860063299)
 (-0.31753282866877663,-0.31753282866877663)
 (-0.9525984860063299,-0.9525984860063299)
 (0.31753282866877663,-0.9525984860063299)
 (-0.31753282866877663,-0.31753282866877663)
 (-0.9525984860063299,0.31753282866877663)
 (-0.9525984860063299,-0.31753282866877663)
 (0.9525984860063299,0.31753282866877663)
 (-0.31753282866877663,-0.31753282866877663)
 (0.9525984860063299,-0.31753282866877663)
 (0.9525984860063299,-0.31753282866877663)
 (0.9525984860063299,-0.9525984860063299)
 (0.31753282866877663,-0.31753282866877663)
 (-0.31753282866877663,-0.9525984860063299)
 (-0.31753282866877663,-0.31753282866877663)
 (-0.31753282866877663,-0.31753282866877663)
 (0.31753282866877663,0.9525984860063299)
 (0.31753282866877663,0.31753282866877663)
 (0.9525984860063299,-0.9525984860063299)
 (-0.9525984860063299,-0.9525984860063299)
 (0.31753282866877663,0.31753282866877663)
 (0.9525984860063299,0.9525984860063299)
 (-0.31753282866877663,0.31753282866877663)
 (0.31753282866877663,0.9525984860063299)
 (-0.9525984860063299,0.31753282866877663)
 (0.9525984860063299,0.31753282866877663)
 (0.31753282866877663,0.9525984860063299)
 (-0.9525984860063299,-0.31753282866877663)
 (0.9525984860063299,-0.31753282866877663)
 (0.31753282866877663,-0.31753282866877663)
 (-0.9525984860063299,-0.31753282866877663)
 (-0.9525984860063299,-0.31753282866877663)
 (-0.31753282866877663,-0.31753282866877663)
 (-0.9525984860063299,0.31753282866877663)
 (-0.9525984860063299,0.31753282866877663)
 (-0.31753282866877663,-0.31753282866877663)
 (-0.31753282866877663,-0.9525984860063299)
 (-0.31753282866877663,-0.31753282866877663)
 (0.31753282866877663,0.31753282866877663)
 (-0.31753282866877663,-0.9525984860063299)
 (-0.9525984860063299,-0.31753282866877663)
 (0.9525984860063299,0.31753282866877663)
 (0.9525984860063299,-0.31753282866877663)
 (0.31753282866877663,-0.9525984860063299)
 (0.9525984860063299,-0.9525984860063299)
 (-0.9525984860063299,-0.31753282866877663)
 (0.9525984860063299,-0.9525984860063299)
 (0.9525984860063299,0.31753282866877663)
 (0.31753282866877663,0.31753282866877663)
 (-0.31753282866877663,0.9525984860063299)
 (-0.9525984860063299,-0.31753282866877663)
 (0.9525984860063299,0.9525984860063299)
 (0.31753282866877663,-0.9525984860063299)
 (0.31753282866877663,-0.9525984860063299)
 (0.31753282866877663,0.31753282866877663)
 (-0.31753282866877663,-0.31753282866877663)
 (-0.31753282866877663,-0.9525984860063299)
 (0.9525984860063299,0.31753282866877663)
 (-0.31753282866877663,-0.9525984860063299)
 (0.9525984860063299,0.31753282866877663)
 (-0.31753282866877663,0.31753282866877663)
 (-0.9525984860063299,-0.31753282866877663)
 (0.9525984860063299,0.9525984860063299)
 (-0.31753282866877663,0.31753282866877663)
 (0.9525984860063299,0.31753282866877663)
 (-0.9525984860063299,0.31753282866877663)
 (0.9525984860063299,-0.31753282866877663)
 (0.9525984860063299,-0.9525984860063299)
 (0.9525984860063299,-0.31753282866877663)
 (-0.9525984860063299,0.31753282866877663)
 (0.9525984860063299,-0.31753282866877663)
 (-0.31753282866877663,-0.9525984860063299)
 (0.31753282866877663,-0.31753282866877663)
 (0.9525984860063299,-0.9525984860063299)
 (-0.31753282866877663,-0.9525984860063299)
 (-0.9525984860063299,-0.9525984860063299)
 (-0.9525984860063299,0.9525984860063299)
 (-0.9525984860063299,0.31753282866877663)
 (-0.31753282866877663,0.31753282866877663)
 (-0.31753282866877663,0.9525984860063299)
 (-0.31753282866877663,-0.31753282866877663)
 (-0.31753282866877663,-0.31753282866877663)
 (-0.9525984860063299,-0.31753282866877663)
 (-0.31753282866877663,0.9525984860063299)
 (0.9525984860063299,-0.31753282866877663)
 (0.31753282866877663,-0.9525984860063299)
 (0.31753282866877663,-0.31753282866877663)
 (-0.31753282866877663,0.9525984860063299)
 (-0.31753282866877663,0.31753282866877663)
 (0.9525984860063299,-0.9525984860063299)
 (0.31753282866877663,-0.31753282866877663)
 (0.31753282866877663,-0.9525984860063299)
 (-0.31753282866877663,0.9525984860063299)
 (0.31753282866877663,-0.9525984860063299)
 (-0.31753282866877663,-0.31753282866877663)
 (-0.9525984860063299,-0.9525984860063299)
 (-0.31753282866877663,0.9525984860063299)
 (-0.9525984860063299,0.31753282866877663)
 (0.9525984860063299,0.31753282866877663)
 (0.31753282866877663,0.9525984860063299)
 (-0.31753282866877663,-0.9525984860063299)
 (-0.31753282866877663,-0.9525984860063299)
 (0.31753282866877663,0.9525984860063299)
 (-0.31753282866877663,0.31753282866877663)
 (-0.9525984860063299,0.31753282866877663)
 (-0.9525984860063299,-0.9525984860063299)
 (0.9525984860063299,-0.9525984860063299)
 (0.9525984860063299,0.31753282866877663)
 (-0.31753282866877663,0.31753282866877663)
 (-0.9525984860063299,0.31753282866877663)
 (-0.9525984860063299,-0.31753282866877663)
 (-0.9525984860063299,0.9525984860063299)
 (-0.9525984860063299,-0.31753282866877663)
 (-0.31753282866877663,0.9525984860063299)
 (-0.9525984860063299,-0.31753282866877663)
 (-0.9525984860063299,0.31753282866877663)
 (0.9525984860063299,0.9525984860063299)
 (-0.9525984860063299,0.31753282866877663)
 (0.31753282866877663,0.9525984860063299)
 (-0.31753282866877663,-0.31753282866877663)
 (-0.9525984860063299,-0.31753282866877663)
 (0.9525984860063299,-0.9525984860063299)
 (-0.31753282866877663,0.9525984860063299)
 (0.31753282866877663,0.31753282866877663)
