# Created by Octave 8.4.0, Thu Dec 11 09:16:05 2025 IST <gamana@Samsung>
# name: iq
# type: complex matrix
# rows: 2048
# columns: 1
 (0.96057651891894491,0.32019217297298164)
 (-0.96057651891894491,-0.32019217297298164)
 (-0.96057651891894491,-0.96057651891894491)
 (-0.96057651891894491,0.32019217297298164)
 (-0.96057651891894491,-0.96057651891894491)
 (-0.96057651891894491,-0.32019217297298164)
 (0.96057651891894491,-0.96057651891894491)
 (0.96057651891894491,0.32019217297298164)
 (0.96057651891894491,0.96057651891894491)
 (0.32019217297298164,-0.32019217297298164)
 (-0.32019217297298164,0.96057651891894491)
 (0.96057651891894491,0.96057651891894491)
 (0.96057651891894491,-0.32019217297298164)
 (-0.96057651891894491,0.96057651891894491)
 (-0.32019217297298164,0.32019217297298164)
 (-0.96057651891894491,0.32019217297298164)
 (-0.96057651891894491,0.96057651891894491)
 (-0.32019217297298164,0.32019217297298164)
 (0.96057651891894491,-0.96057651891894491)
 (0.32019217297298164,-0.32019217297298164)
 (-0.32019217297298164,0.32019217297298164)
 (-0.32019217297298164,0.32019217297298164)
 (-0.32019217297298164,0.96057651891894491)
 (0.32019217297298164,0.96057651891894491)
 (0.32019217297298164,0.96057651891894491)
 (-0.32019217297298164,0.96057651891894491)
 (0.32019217297298164,0.32019217297298164)
 (-0.96057651891894491,-0.32019217297298164)
 (-0.32019217297298164,-0.32019217297298164)
 (-0.32019217297298164,0.96057651891894491)
 (-0.96057651891894491,-0.96057651891894491)
 (0.96057651891894491,0.32019217297298164)
 (0.96057651891894491,0.96057651891894491)
 (0.96057651891894491,-0.32019217297298164)
 (-0.32019217297298164,-0.96057651891894491)
 (-0.96057651891894491,0.96057651891894491)
 (-0.96057651891894491,0.96057651891894491)
 (-0.96057651891894491,-0.96057651891894491)
 (-0.32019217297298164,-0.32019217297298164)
 (0.32019217297298164,0.32019217297298164)
 (-0.32019217297298164,-0.32019217297298164)
 (-0.32019217297298164,0.96057651891894491)
 (-0.32019217297298164,-0.32019217297298164)
 (0.32019217297298164,-0.32019217297298164)
 (0.96057651891894491,0.96057651891894491)
 (-0.96057651891894491,-0.32019217297298164)
 (0.32019217297298164,-0.32019217297298164)
 (-0.32019217297298164,-0.96057651891894491)
 (-0.96057651891894491,0.96057651891894491)
 (-0.32019217297298164,-0.32019217297298164)
 (0.96057651891894491,0.32019217297298164)
 (0.96057651891894491,-0.32019217297298164)
 (-0.32019217297298164,-0.96057651891894491)
 (0.96057651891894491,0.96057651891894491)
 (0.32019217297298164,-0.32019217297298164)
 (-0.32019217297298164,0.32019217297298164)
 (-0.32019217297298164,0.32019217297298164)
 (-0.32019217297298164,-0.32019217297298164)
 (-0.96057651891894491,-0.96057651891894491)
 (-0.32019217297298164,0.96057651891894491)
 (-0.96057651891894491,0.96057651891894491)
 (-0.32019217297298164,0.96057651891894491)
 (-0.96057651891894491,0.32019217297298164)
 (-0.96057651891894491,0.32019217297298164)
 (-0.32019217297298164,0.96057651891894491)
 (-0.96057651891894491,-0.32019217297298164)
 (0.32019217297298164,-0.96057651891894491)
 (-0.32019217297298164,-0.96057651891894491)
 (0.32019217297298164,0.96057651891894491)
 (-0.32019217297298164,0.32019217297298164)
 (-0.96057651891894491,0.96057651891894491)
 (0.96057651891894491,0.96057651891894491)
 (0.96057651891894491,-0.32019217297298164)
 (-0.96057651891894491,-0.96057651891894491)
 (-0.32019217297298164,-0.32019217297298164)
 (-0.32019217297298164,-0.32019217297298164)
 (0.96057651891894491,0.96057651891894491)
 (-0.32019217297298164,0.96057651891894491)
 (-0.96057651891894491,0.32019217297298164)
 (0.96057651891894491,-0.96057651891894491)
 (-0.96057651891894491,-0.32019217297298164)
 (-0.96057651891894491,-0.96057651891894491)
 (0.32019217297298164,-0.96057651891894491)
 (0.96057651891894491,-0.96057651891894491)
 (0.96057651891894491,0.32019217297298164)
 (-0.96057651891894491,-0.32019217297298164)
 (-0.96057651891894491,0.96057651891894491)
 (0.96057651891894491,0.32019217297298164)
 (0.96057651891894491,0.96057651891894491)
 (0.96057651891894491,-0.32019217297298164)
 (0.32019217297298164,0.96057651891894491)
 (-0.32019217297298164,0.96057651891894491)
 (-0.96057651891894491,-0.32019217297298164)
 (-0.96057651891894491,0.96057651891894491)
 (-0.32019217297298164,0.96057651891894491)
 (-0.32019217297298164,-0.96057651891894491)
 (0.32019217297298164,0.96057651891894491)
 (-0.32019217297298164,0.96057651891894491)
 (-0.32019217297298164,0.96057651891894491)
 (-0.32019217297298164,0.96057651891894491)
 (-0.32019217297298164,-0.32019217297298164)
 (-0.96057651891894491,-0.32019217297298164)
 (0.96057651891894491,-0.96057651891894491)
 (-0.96057651891894491,0.32019217297298164)
 (0.32019217297298164,-0.32019217297298164)
 (0.96057651891894491,0.96057651891894491)
 (0.32019217297298164,-0.32019217297298164)
 (0.32019217297298164,-0.32019217297298164)
 (-0.32019217297298164,-0.32019217297298164)
 (-0.32019217297298164,0.96057651891894491)
 (-0.32019217297298164,-0.32019217297298164)
 (0.32019217297298164,-0.32019217297298164)
 (0.32019217297298164,0.32019217297298164)
 (0.32019217297298164,0.96057651891894491)
 (-0.96057651891894491,0.32019217297298164)
 (-0.96057651891894491,-0.96057651891894491)
 (0.96057651891894491,0.32019217297298164)
 (0.96057651891894491,0.96057651891894491)
 (-0.32019217297298164,-0.96057651891894491)
 (-0.96057651891894491,-0.96057651891894491)
 (0.32019217297298164,0.96057651891894491)
 (0.96057651891894491,-0.32019217297298164)
 (-0.96057651891894491,0.96057651891894491)
 (-0.96057651891894491,0.96057651891894491)
 (-0.96057651891894491,0.96057651891894491)
 (0.32019217297298164,-0.96057651891894491)
 (0.96057651891894491,-0.32019217297298164)
 (0.32019217297298164,-0.32019217297298164)
 (-0.32019217297298164,-0.32019217297298164)
 (0.32019217297298164,-0.32019217297298164)
 (0.96057651891894491,0.96057651891894491)
 (0.96057651891894491,0.96057651891894491)
 (0.96057651891894491,0.32019217297298164)
 (-0.32019217297298164,-0.96057651891894491)
 (-0.96057651891894491,0.96057651891894491)
 (0.96057651891894491,0.32019217297298164)
 (-0.96057651891894491,-0.32019217297298164)
 (-0.32019217297298164,-0.32019217297298164)
 (0.32019217297298164,-0.32019217297298164)
 (0.32019217297298164,0.96057651891894491)
 (-0.32019217297298164,0.32019217297298164)
 (0.32019217297298164,0.32019217297298164)
 (0.96057651891894491,-0.96057651891894491)
 (-0.32019217297298164,-0.32019217297298164)
 (0.32019217297298164,-0.96057651891894491)
 (0.32019217297298164,0.32019217297298164)
 (-0.96057651891894491,0.96057651891894491)
 (0.96057651891894491,0.96057651891894491)
 (-0.32019217297298164,-0.32019217297298164)
 (-0.96057651891894491,0.96057651891894491)
 (0.96057651891894491,0.96057651891894491)
 (-0.32019217297298164,0.32019217297298164)
 (0.96057651891894491,-0.96057651891894491)
 (-0.32019217297298164,-0.96057651891894491)
 (-0.32019217297298164,0.32019217297298164)
 (0.96057651891894491,-0.32019217297298164)
 (0.32019217297298164,0.96057651891894491)
 (-0.96057651891894491,-0.96057651891894491)
 (-0.96057651891894491,-0.32019217297298164)
 (0.96057651891894491,0.96057651891894491)
 (-0.32019217297298164,0.96057651891894491)
 (0.32019217297298164,0.96057651891894491)
 (0.96057651891894491,0.32019217297298164)
 (-0.32019217297298164,-0.32019217297298164)
 (-0.32019217297298164,-0.32019217297298164)
 (0.32019217297298164,-0.96057651891894491)
 (-0.96057651891894491,-0.32019217297298164)
 (-0.96057651891894491,0.32019217297298164)
 (0.32019217297298164,0.96057651891894491)
 (0.32019217297298164,0.96057651891894491)
 (-0.32019217297298164,0.32019217297298164)
 (0.32019217297298164,-0.32019217297298164)
 (0.32019217297298164,0.32019217297298164)
 (-0.32019217297298164,0.32019217297298164)
 (-0.96057651891894491,0.96057651891894491)
 (-0.32019217297298164,0.32019217297298164)
 (-0.32019217297298164,0.32019217297298164)
 (-0.32019217297298164,0.32019217297298164)
