# Created by Octave 8.4.0, Thu Dec 11 09:16:05 2025 IST <gamana@Samsung>
# name: iq
# type: complex matrix
# rows: 2048
# columns: 1
 (-0.31469490305946396,-0.31469490305946396)
 (-0.94408470917839193,-0.94408470917839193)
 (-0.31469490305946396,0.94408470917839193)
 (-0.94408470917839193,-0.94408470917839193)
 (-0.31469490305946396,-0.94408470917839193)
 (-0.31469490305946396,0.31469490305946396)
 (-0.94408470917839193,-0.31469490305946396)
 (0.94408470917839193,0.94408470917839193)
 (0.31469490305946396,-0.94408470917839193)
 (0.94408470917839193,-0.94408470917839193)
 (0.31469490305946396,-0.94408470917839193)
 (0.94408470917839193,0.94408470917839193)
 (-0.31469490305946396,-0.31469490305946396)
 (-0.94408470917839193,-0.31469490305946396)
 (0.31469490305946396,0.94408470917839193)
 (-0.31469490305946396,-0.31469490305946396)
 (0.31469490305946396,-0.31469490305946396)
 (0.94408470917839193,-0.94408470917839193)
 (0.94408470917839193,0.31469490305946396)
 (0.94408470917839193,-0.94408470917839193)
 (0.94408470917839193,-0.31469490305946396)
 (-0.94408470917839193,-0.31469490305946396)
 (0.31469490305946396,-0.31469490305946396)
 (-0.94408470917839193,0.94408470917839193)
 (0.31469490305946396,0.94408470917839193)
 (0.94408470917839193,-0.31469490305946396)
 (-0.94408470917839193,0.94408470917839193)
 (0.31469490305946396,0.94408470917839193)
 (0.94408470917839193,-0.94408470917839193)
 (0.31469490305946396,-0.31469490305946396)
 (-0.94408470917839193,-0.94408470917839193)
 (-0.94408470917839193,-0.94408470917839193)
 (0.31469490305946396,0.94408470917839193)
 (-0.94408470917839193,-0.31469490305946396)
 (-0.94408470917839193,0.31469490305946396)
 (0.31469490305946396,-0.94408470917839193)
 (0.94408470917839193,0.94408470917839193)
 (0.94408470917839193,-0.31469490305946396)
 (-0.94408470917839193,0.94408470917839193)
 (0.31469490305946396,-0.31469490305946396)
 (-0.94408470917839193,0.31469490305946396)
 (0.94408470917839193,-0.94408470917839193)
 (0.94408470917839193,-0.94408470917839193)
 (-0.94408470917839193,0.94408470917839193)
 (0.31469490305946396,-0.94408470917839193)
 (0.31469490305946396,0.31469490305946396)
 (0.31469490305946396,-0.31469490305946396)
 (0.31469490305946396,-0.31469490305946396)
 (-0.31469490305946396,-0.31469490305946396)
 (-0.31469490305946396,-0.94408470917839193)
 (-0.31469490305946396,-0.31469490305946396)
 (0.31469490305946396,-0.94408470917839193)
 (0.94408470917839193,0.31469490305946396)
 (0.94408470917839193,0.94408470917839193)
 (-0.31469490305946396,-0.94408470917839193)
 (0.31469490305946396,-0.94408470917839193)
 (-0.94408470917839193,0.31469490305946396)
 (-0.31469490305946396,0.31469490305946396)
 (-0.31469490305946396,-0.94408470917839193)
 (-0.94408470917839193,-0.31469490305946396)
 (0.94408470917839193,-0.31469490305946396)
 (0.31469490305946396,-0.31469490305946396)
 (0.31469490305946396,0.94408470917839193)
 (-0.31469490305946396,-0.94408470917839193)
 (-0.31469490305946396,0.31469490305946396)
 (0.94408470917839193,0.94408470917839193)
 (0.94408470917839193,-0.31469490305946396)
 (0.94408470917839193,-0.31469490305946396)
 (0.31469490305946396,0.94408470917839193)
 (0.31469490305946396,0.94408470917839193)
 (0.94408470917839193,-0.94408470917839193)
 (0.31469490305946396,-0.94408470917839193)
 (0.94408470917839193,-0.94408470917839193)
 (0.94408470917839193,0.31469490305946396)
 (0.94408470917839193,-0.31469490305946396)
 (0.31469490305946396,-0.94408470917839193)
 (-0.31469490305946396,-0.31469490305946396)
 (-0.31469490305946396,-0.94408470917839193)
 (-0.94408470917839193,0.94408470917839193)
 (-0.31469490305946396,-0.94408470917839193)
 (0.94408470917839193,0.31469490305946396)
 (-0.31469490305946396,-0.94408470917839193)
 (-0.94408470917839193,0.31469490305946396)
 (-0.94408470917839193,0.31469490305946396)
 (0.94408470917839193,0.31469490305946396)
 (-0.94408470917839193,-0.31469490305946396)
 (-0.94408470917839193,0.94408470917839193)
 (-0.94408470917839193,-0.94408470917839193)
 (-0.94408470917839193,-0.31469490305946396)
 (0.94408470917839193,0.31469490305946396)
 (-0.94408470917839193,0.31469490305946396)
 (0.31469490305946396,0.94408470917839193)
 (-0.31469490305946396,0.31469490305946396)
 (-0.94408470917839193,0.31469490305946396)
 (-0.94408470917839193,-0.31469490305946396)
 (0.31469490305946396,-0.94408470917839193)
 (0.31469490305946396,0.94408470917839193)
 (0.31469490305946396,0.94408470917839193)
 (0.94408470917839193,-0.31469490305946396)
 (0.31469490305946396,0.31469490305946396)
 (-0.94408470917839193,-0.94408470917839193)
 (0.94408470917839193,-0.31469490305946396)
 (-0.94408470917839193,0.31469490305946396)
 (0.31469490305946396,0.31469490305946396)
 (-0.31469490305946396,-0.94408470917839193)
 (0.94408470917839193,0.94408470917839193)
 (0.31469490305946396,0.31469490305946396)
 (-0.94408470917839193,0.94408470917839193)
 (-0.31469490305946396,0.94408470917839193)
 (0.94408470917839193,-0.94408470917839193)
 (-0.94408470917839193,-0.31469490305946396)
 (0.31469490305946396,0.94408470917839193)
 (-0.31469490305946396,-0.94408470917839193)
 (0.94408470917839193,-0.31469490305946396)
 (0.94408470917839193,0.31469490305946396)
 (0.94408470917839193,0.94408470917839193)
 (-0.94408470917839193,-0.31469490305946396)
 (0.31469490305946396,-0.94408470917839193)
 (0.31469490305946396,-0.31469490305946396)
 (0.94408470917839193,0.94408470917839193)
 (0.94408470917839193,-0.31469490305946396)
 (0.94408470917839193,0.31469490305946396)
 (-0.31469490305946396,-0.31469490305946396)
 (0.31469490305946396,0.31469490305946396)
 (0.31469490305946396,0.94408470917839193)
 (-0.31469490305946396,0.31469490305946396)
 (0.94408470917839193,0.31469490305946396)
 (-0.94408470917839193,-0.31469490305946396)
 (0.94408470917839193,-0.31469490305946396)
 (0.31469490305946396,0.94408470917839193)
 (0.94408470917839193,-0.31469490305946396)
 (-0.94408470917839193,0.94408470917839193)
 (-0.31469490305946396,0.31469490305946396)
 (0.31469490305946396,-0.94408470917839193)
 (0.94408470917839193,0.94408470917839193)
 (-0.31469490305946396,-0.31469490305946396)
 (-0.94408470917839193,-0.31469490305946396)
 (0.31469490305946396,0.94408470917839193)
 (0.94408470917839193,-0.94408470917839193)
 (0.31469490305946396,0.31469490305946396)
 (0.31469490305946396,0.94408470917839193)
 (0.94408470917839193,0.31469490305946396)
 (-0.94408470917839193,0.94408470917839193)
 (-0.94408470917839193,-0.31469490305946396)
 (-0.31469490305946396,0.31469490305946396)
 (-0.31469490305946396,-0.31469490305946396)
 (0.31469490305946396,0.94408470917839193)
 (0.31469490305946396,-0.31469490305946396)
 (0.94408470917839193,-0.94408470917839193)
 (-0.31469490305946396,-0.94408470917839193)
 (-0.31469490305946396,-0.31469490305946396)
 (0.94408470917839193,-0.31469490305946396)
 (0.94408470917839193,0.94408470917839193)
 (-0.31469490305946396,0.31469490305946396)
 (-0.31469490305946396,-0.31469490305946396)
 (-0.31469490305946396,0.94408470917839193)
 (-0.31469490305946396,-0.31469490305946396)
 (-0.94408470917839193,-0.31469490305946396)
 (0.94408470917839193,-0.94408470917839193)
 (0.94408470917839193,-0.31469490305946396)
 (-0.31469490305946396,-0.94408470917839193)
 (-0.31469490305946396,0.31469490305946396)
 (-0.31469490305946396,0.31469490305946396)
 (-0.94408470917839193,-0.31469490305946396)
 (-0.31469490305946396,0.31469490305946396)
 (0.31469490305946396,-0.94408470917839193)
 (0.31469490305946396,0.31469490305946396)
 (-0.94408470917839193,0.94408470917839193)
 (0.31469490305946396,-0.94408470917839193)
 (0.94408470917839193,0.94408470917839193)
 (-0.94408470917839193,-0.31469490305946396)
 (0.94408470917839193,0.31469490305946396)
 (-0.31469490305946396,-0.94408470917839193)
 (0.94408470917839193,-0.94408470917839193)
 (-0.31469490305946396,0.94408470917839193)
 (-0.31469490305946396,-0.94408470917839193)
 (0.94408470917839193,0.94408470917839193)
 (-0.94408470917839193,-0.31469490305946396)
