# Created by Octave 8.4.0, Thu Dec 11 09:16:05 2025 IST <gamana@Samsung>
# name: iq
# type: complex matrix
# rows: 2048
# columns: 1
 (-0.32044894300059185,0.96134682900177548)
 (-0.32044894300059185,-0.96134682900177548)
 (0.32044894300059185,0.32044894300059185)
 (0.32044894300059185,-0.32044894300059185)
 (-0.96134682900177548,-0.32044894300059185)
 (0.32044894300059185,-0.96134682900177548)
 (0.96134682900177548,-0.96134682900177548)
 (-0.96134682900177548,0.96134682900177548)
 (0.96134682900177548,0.32044894300059185)
 (-0.96134682900177548,-0.96134682900177548)
 (-0.32044894300059185,0.96134682900177548)
 (-0.32044894300059185,-0.32044894300059185)
 (-0.32044894300059185,-0.96134682900177548)
 (-0.96134682900177548,-0.96134682900177548)
 (-0.32044894300059185,-0.96134682900177548)
 (0.96134682900177548,0.96134682900177548)
 (-0.96134682900177548,0.32044894300059185)
 (-0.96134682900177548,0.32044894300059185)
 (-0.32044894300059185,0.32044894300059185)
 (0.32044894300059185,0.32044894300059185)
 (0.96134682900177548,0.96134682900177548)
 (-0.32044894300059185,0.32044894300059185)
 (-0.32044894300059185,0.32044894300059185)
 (-0.32044894300059185,-0.96134682900177548)
 (-0.96134682900177548,-0.96134682900177548)
 (0.32044894300059185,-0.32044894300059185)
 (0.96134682900177548,0.32044894300059185)
 (-0.96134682900177548,-0.96134682900177548)
 (0.96134682900177548,0.32044894300059185)
 (0.32044894300059185,0.32044894300059185)
 (0.32044894300059185,-0.96134682900177548)
 (0.96134682900177548,0.96134682900177548)
 (0.32044894300059185,-0.32044894300059185)
 (0.96134682900177548,-0.32044894300059185)
 (-0.96134682900177548,-0.32044894300059185)
 (-0.96134682900177548,-0.96134682900177548)
 (0.32044894300059185,0.96134682900177548)
 (0.96134682900177548,-0.32044894300059185)
 (0.32044894300059185,0.96134682900177548)
 (-0.96134682900177548,-0.96134682900177548)
 (0.96134682900177548,0.32044894300059185)
 (-0.32044894300059185,-0.96134682900177548)
 (-0.96134682900177548,-0.96134682900177548)
 (0.32044894300059185,-0.32044894300059185)
 (-0.96134682900177548,0.96134682900177548)
 (-0.32044894300059185,-0.32044894300059185)
 (-0.32044894300059185,0.32044894300059185)
 (0.32044894300059185,-0.96134682900177548)
 (0.96134682900177548,-0.32044894300059185)
 (-0.32044894300059185,-0.96134682900177548)
 (0.96134682900177548,-0.96134682900177548)
 (-0.96134682900177548,0.96134682900177548)
 (0.96134682900177548,0.32044894300059185)
 (-0.96134682900177548,-0.96134682900177548)
 (-0.96134682900177548,-0.32044894300059185)
 (-0.96134682900177548,0.32044894300059185)
 (-0.32044894300059185,0.96134682900177548)
 (0.32044894300059185,0.96134682900177548)
 (0.32044894300059185,-0.32044894300059185)
 (-0.96134682900177548,0.32044894300059185)
 (-0.32044894300059185,0.32044894300059185)
 (0.32044894300059185,0.96134682900177548)
 (-0.32044894300059185,0.32044894300059185)
 (0.32044894300059185,-0.96134682900177548)
 (-0.96134682900177548,-0.32044894300059185)
 (-0.32044894300059185,0.96134682900177548)
 (0.32044894300059185,0.96134682900177548)
 (-0.96134682900177548,-0.32044894300059185)
 (0.32044894300059185,0.96134682900177548)
 (-0.96134682900177548,-0.32044894300059185)
 (0.96134682900177548,-0.32044894300059185)
 (0.96134682900177548,-0.96134682900177548)
 (0.96134682900177548,0.32044894300059185)
 (-0.96134682900177548,0.96134682900177548)
 (0.96134682900177548,-0.96134682900177548)
 (-0.96134682900177548,0.96134682900177548)
 (-0.96134682900177548,-0.32044894300059185)
 (0.32044894300059185,0.32044894300059185)
 (-0.96134682900177548,0.96134682900177548)
 (0.32044894300059185,0.96134682900177548)
 (-0.32044894300059185,-0.32044894300059185)
 (-0.96134682900177548,-0.96134682900177548)
 (-0.96134682900177548,0.32044894300059185)
 (0.96134682900177548,-0.32044894300059185)
 (-0.32044894300059185,-0.32044894300059185)
 (-0.96134682900177548,0.32044894300059185)
 (-0.32044894300059185,0.96134682900177548)
 (-0.96134682900177548,0.32044894300059185)
 (0.96134682900177548,-0.32044894300059185)
 (-0.32044894300059185,0.32044894300059185)
 (0.32044894300059185,-0.32044894300059185)
 (0.96134682900177548,-0.96134682900177548)
 (-0.32044894300059185,-0.96134682900177548)
 (-0.96134682900177548,-0.32044894300059185)
 (0.96134682900177548,-0.96134682900177548)
 (-0.32044894300059185,-0.32044894300059185)
 (-0.96134682900177548,-0.96134682900177548)
 (0.96134682900177548,-0.96134682900177548)
 (-0.32044894300059185,-0.96134682900177548)
 (-0.96134682900177548,0.32044894300059185)
 (-0.96134682900177548,-0.32044894300059185)
 (-0.32044894300059185,0.32044894300059185)
 (-0.32044894300059185,0.32044894300059185)
 (0.96134682900177548,-0.96134682900177548)
 (-0.96134682900177548,-0.96134682900177548)
 (-0.96134682900177548,0.32044894300059185)
 (0.96134682900177548,-0.32044894300059185)
 (-0.32044894300059185,0.32044894300059185)
 (-0.32044894300059185,-0.32044894300059185)
 (-0.96134682900177548,0.96134682900177548)
 (0.32044894300059185,0.32044894300059185)
 (-0.96134682900177548,0.32044894300059185)
 (-0.96134682900177548,0.96134682900177548)
 (-0.32044894300059185,0.32044894300059185)
 (0.96134682900177548,-0.32044894300059185)
 (-0.32044894300059185,-0.96134682900177548)
 (-0.32044894300059185,-0.32044894300059185)
 (-0.32044894300059185,-0.96134682900177548)
 (0.96134682900177548,0.96134682900177548)
 (-0.96134682900177548,0.32044894300059185)
 (-0.96134682900177548,0.32044894300059185)
 (-0.32044894300059185,-0.96134682900177548)
 (-0.32044894300059185,-0.32044894300059185)
 (-0.32044894300059185,-0.96134682900177548)
 (0.32044894300059185,-0.96134682900177548)
 (0.32044894300059185,0.96134682900177548)
 (-0.96134682900177548,0.32044894300059185)
 (0.32044894300059185,-0.32044894300059185)
 (-0.32044894300059185,0.32044894300059185)
 (0.96134682900177548,0.32044894300059185)
 (-0.32044894300059185,-0.32044894300059185)
 (-0.96134682900177548,0.32044894300059185)
 (-0.96134682900177548,0.96134682900177548)
 (0.96134682900177548,0.96134682900177548)
 (0.96134682900177548,0.32044894300059185)
 (0.32044894300059185,-0.32044894300059185)
 (-0.32044894300059185,0.96134682900177548)
 (0.32044894300059185,-0.96134682900177548)
 (0.96134682900177548,-0.96134682900177548)
 (-0.96134682900177548,0.32044894300059185)
 (-0.96134682900177548,-0.96134682900177548)
 (-0.32044894300059185,-0.96134682900177548)
 (0.96134682900177548,-0.32044894300059185)
 (-0.96134682900177548,-0.96134682900177548)
 (0.32044894300059185,0.32044894300059185)
 (-0.96134682900177548,-0.96134682900177548)
 (0.32044894300059185,0.32044894300059185)
 (0.96134682900177548,-0.96134682900177548)
 (0.32044894300059185,0.96134682900177548)
 (0.96134682900177548,-0.32044894300059185)
 (0.32044894300059185,0.96134682900177548)
 (0.96134682900177548,0.32044894300059185)
 (-0.32044894300059185,0.32044894300059185)
 (-0.32044894300059185,-0.32044894300059185)
 (0.32044894300059185,-0.96134682900177548)
 (-0.32044894300059185,0.32044894300059185)
 (-0.32044894300059185,0.32044894300059185)
 (0.96134682900177548,-0.32044894300059185)
 (0.96134682900177548,0.32044894300059185)
 (0.32044894300059185,-0.96134682900177548)
 (0.96134682900177548,0.32044894300059185)
 (0.32044894300059185,-0.96134682900177548)
 (0.32044894300059185,0.96134682900177548)
 (0.32044894300059185,-0.32044894300059185)
 (0.32044894300059185,-0.32044894300059185)
 (-0.96134682900177548,0.32044894300059185)
 (-0.96134682900177548,-0.32044894300059185)
 (0.96134682900177548,-0.32044894300059185)
 (0.32044894300059185,0.32044894300059185)
 (0.32044894300059185,-0.32044894300059185)
 (0.32044894300059185,0.32044894300059185)
 (0.32044894300059185,-0.96134682900177548)
 (0.32044894300059185,-0.96134682900177548)
 (-0.96134682900177548,-0.32044894300059185)
 (0.96134682900177548,-0.96134682900177548)
 (0.96134682900177548,0.32044894300059185)
 (0.96134682900177548,0.32044894300059185)
 (0.96134682900177548,0.96134682900177548)
