# Created by Octave 8.4.0, Thu Dec 11 09:16:05 2025 IST <gamana@Samsung>
# name: iq
# type: complex matrix
# rows: 2048
# columns: 1
 (0.31487767041766074,0.31487767041766074)
 (0.31487767041766074,-0.31487767041766074)
 (0.94463301125298216,0.31487767041766074)
 (0.31487767041766074,-0.31487767041766074)
 (0.31487767041766074,0.94463301125298216)
 (-0.31487767041766074,-0.31487767041766074)
 (-0.94463301125298216,-0.31487767041766074)
 (0.94463301125298216,0.31487767041766074)
 (-0.31487767041766074,0.31487767041766074)
 (0.94463301125298216,0.94463301125298216)
 (-0.31487767041766074,-0.94463301125298216)
 (0.94463301125298216,-0.31487767041766074)
 (0.31487767041766074,0.94463301125298216)
 (0.94463301125298216,-0.94463301125298216)
 (0.31487767041766074,0.94463301125298216)
 (-0.31487767041766074,0.31487767041766074)
 (-0.31487767041766074,-0.31487767041766074)
 (0.94463301125298216,-0.94463301125298216)
 (-0.31487767041766074,0.94463301125298216)
 (0.94463301125298216,-0.31487767041766074)
 (-0.94463301125298216,-0.94463301125298216)
 (0.31487767041766074,-0.31487767041766074)
 (-0.94463301125298216,0.31487767041766074)
 (-0.94463301125298216,-0.31487767041766074)
 (-0.31487767041766074,0.94463301125298216)
 (-0.31487767041766074,-0.94463301125298216)
 (-0.94463301125298216,-0.31487767041766074)
 (0.31487767041766074,0.94463301125298216)
 (-0.31487767041766074,-0.31487767041766074)
 (0.31487767041766074,-0.94463301125298216)
 (-0.94463301125298216,0.94463301125298216)
 (0.31487767041766074,-0.31487767041766074)
 (-0.94463301125298216,0.94463301125298216)
 (-0.94463301125298216,0.31487767041766074)
 (-0.31487767041766074,0.94463301125298216)
 (0.31487767041766074,0.31487767041766074)
 (0.31487767041766074,0.31487767041766074)
 (-0.31487767041766074,0.31487767041766074)
 (0.31487767041766074,0.31487767041766074)
 (-0.94463301125298216,-0.94463301125298216)
 (0.94463301125298216,-0.94463301125298216)
 (-0.31487767041766074,-0.94463301125298216)
 (0.94463301125298216,-0.94463301125298216)
 (0.94463301125298216,-0.94463301125298216)
 (-0.94463301125298216,0.94463301125298216)
 (0.31487767041766074,0.31487767041766074)
 (0.94463301125298216,-0.31487767041766074)
 (0.31487767041766074,0.31487767041766074)
 (-0.94463301125298216,0.94463301125298216)
 (-0.31487767041766074,0.94463301125298216)
 (-0.94463301125298216,-0.94463301125298216)
 (-0.31487767041766074,0.31487767041766074)
 (0.94463301125298216,0.31487767041766074)
 (0.94463301125298216,-0.31487767041766074)
 (0.31487767041766074,0.94463301125298216)
 (-0.31487767041766074,-0.94463301125298216)
 (0.94463301125298216,-0.94463301125298216)
 (-0.94463301125298216,0.31487767041766074)
 (-0.31487767041766074,0.94463301125298216)
 (0.94463301125298216,0.31487767041766074)
 (-0.31487767041766074,0.94463301125298216)
 (0.94463301125298216,0.94463301125298216)
 (-0.94463301125298216,0.94463301125298216)
 (-0.94463301125298216,0.31487767041766074)
 (-0.31487767041766074,0.94463301125298216)
 (-0.31487767041766074,-0.94463301125298216)
 (0.94463301125298216,-0.94463301125298216)
 (0.94463301125298216,0.94463301125298216)
 (0.31487767041766074,-0.94463301125298216)
 (-0.31487767041766074,-0.31487767041766074)
 (-0.94463301125298216,-0.31487767041766074)
 (0.31487767041766074,-0.31487767041766074)
 (0.94463301125298216,-0.94463301125298216)
 (-0.94463301125298216,0.94463301125298216)
 (0.31487767041766074,0.94463301125298216)
 (0.31487767041766074,-0.94463301125298216)
 (0.94463301125298216,0.31487767041766074)
 (0.94463301125298216,-0.31487767041766074)
 (-0.31487767041766074,0.94463301125298216)
 (0.31487767041766074,0.94463301125298216)
 (0.31487767041766074,0.31487767041766074)
 (0.94463301125298216,0.94463301125298216)
 (0.94463301125298216,-0.31487767041766074)
 (-0.94463301125298216,-0.31487767041766074)
 (0.94463301125298216,-0.31487767041766074)
 (-0.94463301125298216,0.31487767041766074)
 (-0.94463301125298216,0.94463301125298216)
 (0.31487767041766074,-0.94463301125298216)
 (-0.94463301125298216,0.94463301125298216)
 (-0.31487767041766074,0.94463301125298216)
 (0.94463301125298216,0.31487767041766074)
 (0.94463301125298216,0.31487767041766074)
 (-0.31487767041766074,0.31487767041766074)
 (-0.94463301125298216,-0.31487767041766074)
 (-0.94463301125298216,-0.31487767041766074)
 (-0.94463301125298216,-0.94463301125298216)
 (0.94463301125298216,-0.31487767041766074)
 (0.31487767041766074,-0.94463301125298216)
 (0.31487767041766074,-0.94463301125298216)
 (0.94463301125298216,-0.31487767041766074)
 (-0.94463301125298216,0.31487767041766074)
 (0.94463301125298216,-0.31487767041766074)
 (-0.94463301125298216,-0.94463301125298216)
 (0.94463301125298216,0.94463301125298216)
 (-0.94463301125298216,-0.31487767041766074)
 (-0.31487767041766074,0.31487767041766074)
 (0.31487767041766074,0.31487767041766074)
 (0.31487767041766074,-0.31487767041766074)
 (-0.31487767041766074,-0.31487767041766074)
 (0.94463301125298216,0.31487767041766074)
 (-0.31487767041766074,-0.31487767041766074)
 (0.31487767041766074,0.31487767041766074)
 (0.94463301125298216,-0.31487767041766074)
 (0.31487767041766074,-0.94463301125298216)
 (0.94463301125298216,-0.31487767041766074)
 (0.94463301125298216,0.31487767041766074)
 (-0.31487767041766074,-0.94463301125298216)
 (0.31487767041766074,-0.94463301125298216)
 (-0.31487767041766074,-0.94463301125298216)
 (0.94463301125298216,0.31487767041766074)
 (-0.94463301125298216,0.31487767041766074)
 (0.94463301125298216,0.31487767041766074)
 (0.31487767041766074,-0.31487767041766074)
 (-0.31487767041766074,-0.94463301125298216)
 (-0.31487767041766074,-0.31487767041766074)
 (0.31487767041766074,-0.31487767041766074)
 (-0.31487767041766074,-0.31487767041766074)
 (-0.31487767041766074,0.94463301125298216)
 (0.31487767041766074,-0.94463301125298216)
 (0.94463301125298216,-0.31487767041766074)
 (0.94463301125298216,-0.31487767041766074)
 (0.31487767041766074,-0.31487767041766074)
 (-0.31487767041766074,-0.94463301125298216)
 (-0.31487767041766074,0.94463301125298216)
 (0.31487767041766074,0.31487767041766074)
 (0.31487767041766074,-0.31487767041766074)
 (0.31487767041766074,0.31487767041766074)
 (0.94463301125298216,0.31487767041766074)
 (-0.94463301125298216,-0.31487767041766074)
 (0.94463301125298216,-0.31487767041766074)
 (-0.31487767041766074,0.31487767041766074)
 (0.94463301125298216,0.31487767041766074)
 (0.94463301125298216,-0.94463301125298216)
 (-0.31487767041766074,-0.94463301125298216)
 (-0.94463301125298216,-0.94463301125298216)
 (0.94463301125298216,0.94463301125298216)
 (0.94463301125298216,0.94463301125298216)
 (-0.31487767041766074,0.94463301125298216)
 (0.31487767041766074,-0.31487767041766074)
 (-0.94463301125298216,0.31487767041766074)
 (-0.94463301125298216,0.31487767041766074)
 (0.31487767041766074,-0.94463301125298216)
 (0.94463301125298216,-0.31487767041766074)
 (0.94463301125298216,0.94463301125298216)
 (0.31487767041766074,0.31487767041766074)
 (-0.31487767041766074,-0.31487767041766074)
 (-0.31487767041766074,0.94463301125298216)
 (-0.94463301125298216,-0.31487767041766074)
 (0.94463301125298216,-0.94463301125298216)
 (0.31487767041766074,0.31487767041766074)
 (-0.31487767041766074,0.31487767041766074)
 (0.94463301125298216,0.31487767041766074)
 (-0.94463301125298216,0.31487767041766074)
 (0.94463301125298216,0.94463301125298216)
 (0.31487767041766074,-0.31487767041766074)
 (0.94463301125298216,-0.94463301125298216)
 (-0.31487767041766074,-0.94463301125298216)
 (0.31487767041766074,0.31487767041766074)
 (0.94463301125298216,0.94463301125298216)
 (0.94463301125298216,-0.31487767041766074)
 (-0.31487767041766074,-0.31487767041766074)
 (-0.31487767041766074,0.31487767041766074)
 (-0.94463301125298216,0.31487767041766074)
 (0.31487767041766074,-0.94463301125298216)
 (-0.94463301125298216,0.94463301125298216)
 (-0.94463301125298216,-0.94463301125298216)
 (-0.94463301125298216,0.31487767041766074)
 (-0.94463301125298216,-0.94463301125298216)
