# Created by Octave 8.4.0, Thu Dec 11 09:16:05 2025 IST <gamana@Samsung>
# name: iq
# type: complex matrix
# rows: 2048
# columns: 1
 (-0.93349180990129677,-0.31116393663376557)
 (-0.93349180990129677,-0.31116393663376557)
 (0.31116393663376557,-0.31116393663376557)
 (-0.31116393663376557,0.31116393663376557)
 (-0.31116393663376557,-0.93349180990129677)
 (-0.31116393663376557,-0.31116393663376557)
 (0.93349180990129677,0.93349180990129677)
 (-0.93349180990129677,-0.31116393663376557)
 (0.31116393663376557,0.31116393663376557)
 (-0.31116393663376557,-0.93349180990129677)
 (-0.93349180990129677,0.93349180990129677)
 (-0.93349180990129677,0.31116393663376557)
 (-0.31116393663376557,-0.31116393663376557)
 (0.31116393663376557,-0.31116393663376557)
 (0.93349180990129677,0.93349180990129677)
 (-0.93349180990129677,-0.93349180990129677)
 (-0.31116393663376557,-0.31116393663376557)
 (0.31116393663376557,-0.93349180990129677)
 (-0.31116393663376557,-0.31116393663376557)
 (0.31116393663376557,0.31116393663376557)
 (0.31116393663376557,-0.93349180990129677)
 (0.93349180990129677,-0.93349180990129677)
 (-0.31116393663376557,-0.93349180990129677)
 (0.93349180990129677,0.31116393663376557)
 (0.31116393663376557,-0.93349180990129677)
 (-0.93349180990129677,0.93349180990129677)
 (0.31116393663376557,0.31116393663376557)
 (-0.31116393663376557,0.31116393663376557)
 (-0.93349180990129677,0.31116393663376557)
 (0.93349180990129677,-0.93349180990129677)
 (0.93349180990129677,-0.31116393663376557)
 (-0.31116393663376557,-0.93349180990129677)
 (0.31116393663376557,0.93349180990129677)
 (0.31116393663376557,-0.31116393663376557)
 (-0.93349180990129677,-0.93349180990129677)
 (-0.93349180990129677,0.93349180990129677)
 (-0.93349180990129677,0.31116393663376557)
 (0.31116393663376557,-0.31116393663376557)
 (0.31116393663376557,0.93349180990129677)
 (0.93349180990129677,0.31116393663376557)
 (-0.31116393663376557,0.93349180990129677)
 (-0.31116393663376557,0.31116393663376557)
 (0.93349180990129677,0.31116393663376557)
 (-0.93349180990129677,-0.93349180990129677)
 (-0.93349180990129677,0.93349180990129677)
 (-0.31116393663376557,0.31116393663376557)
 (-0.93349180990129677,-0.31116393663376557)
 (0.93349180990129677,0.31116393663376557)
 (-0.93349180990129677,-0.31116393663376557)
 (0.93349180990129677,0.31116393663376557)
 (0.31116393663376557,-0.93349180990129677)
 (-0.93349180990129677,-0.31116393663376557)
 (0.31116393663376557,-0.93349180990129677)
 (-0.31116393663376557,0.31116393663376557)
 (0.31116393663376557,0.93349180990129677)
 (0.93349180990129677,0.31116393663376557)
 (-0.31116393663376557,0.93349180990129677)
 (-0.31116393663376557,0.31116393663376557)
 (-0.93349180990129677,-0.31116393663376557)
 (0.93349180990129677,-0.31116393663376557)
 (-0.93349180990129677,0.31116393663376557)
 (-0.31116393663376557,0.31116393663376557)
 (0.93349180990129677,-0.31116393663376557)
 (-0.31116393663376557,-0.31116393663376557)
 (-0.31116393663376557,0.31116393663376557)
 (-0.31116393663376557,0.31116393663376557)
 (0.31116393663376557,-0.93349180990129677)
 (-0.31116393663376557,-0.93349180990129677)
 (-0.31116393663376557,0.93349180990129677)
 (0.31116393663376557,-0.31116393663376557)
 (0.31116393663376557,-0.93349180990129677)
 (0.93349180990129677,0.93349180990129677)
 (-0.93349180990129677,0.31116393663376557)
 (0.31116393663376557,-0.93349180990129677)
 (0.93349180990129677,0.93349180990129677)
 (0.31116393663376557,0.93349180990129677)
 (-0.31116393663376557,0.93349180990129677)
 (-0.93349180990129677,0.31116393663376557)
 (0.93349180990129677,0.93349180990129677)
 (0.31116393663376557,0.93349180990129677)
 (0.31116393663376557,-0.93349180990129677)
 (0.31116393663376557,-0.31116393663376557)
 (0.31116393663376557,0.93349180990129677)
 (-0.31116393663376557,-0.93349180990129677)
 (-0.31116393663376557,-0.93349180990129677)
 (-0.31116393663376557,-0.31116393663376557)
 (0.93349180990129677,0.93349180990129677)
 (0.93349180990129677,0.93349180990129677)
 (-0.31116393663376557,-0.93349180990129677)
 (-0.31116393663376557,0.93349180990129677)
 (-0.31116393663376557,0.93349180990129677)
 (0.93349180990129677,-0.93349180990129677)
 (0.31116393663376557,-0.31116393663376557)
 (0.31116393663376557,0.31116393663376557)
 (0.31116393663376557,0.31116393663376557)
 (-0.93349180990129677,-0.93349180990129677)
 (0.93349180990129677,-0.31116393663376557)
 (-0.93349180990129677,-0.31116393663376557)
 (-0.93349180990129677,-0.93349180990129677)
 (0.31116393663376557,0.31116393663376557)
 (-0.93349180990129677,-0.31116393663376557)
 (-0.31116393663376557,-0.93349180990129677)
 (0.93349180990129677,-0.31116393663376557)
 (0.93349180990129677,0.93349180990129677)
 (-0.31116393663376557,-0.31116393663376557)
 (-0.93349180990129677,-0.93349180990129677)
 (0.93349180990129677,0.31116393663376557)
 (0.93349180990129677,0.93349180990129677)
 (0.93349180990129677,0.31116393663376557)
 (-0.31116393663376557,0.31116393663376557)
 (0.31116393663376557,-0.31116393663376557)
 (0.93349180990129677,-0.31116393663376557)
 (-0.93349180990129677,0.31116393663376557)
 (-0.93349180990129677,0.93349180990129677)
 (0.31116393663376557,-0.31116393663376557)
 (-0.31116393663376557,-0.31116393663376557)
 (-0.93349180990129677,0.93349180990129677)
 (-0.93349180990129677,0.93349180990129677)
 (0.93349180990129677,0.31116393663376557)
 (-0.31116393663376557,-0.93349180990129677)
 (0.93349180990129677,-0.93349180990129677)
 (-0.31116393663376557,0.93349180990129677)
 (-0.93349180990129677,0.31116393663376557)
 (-0.93349180990129677,-0.93349180990129677)
 (-0.93349180990129677,0.31116393663376557)
 (-0.93349180990129677,0.93349180990129677)
 (-0.31116393663376557,-0.31116393663376557)
 (0.31116393663376557,0.93349180990129677)
 (-0.31116393663376557,-0.93349180990129677)
 (-0.93349180990129677,-0.31116393663376557)
 (-0.93349180990129677,0.93349180990129677)
 (-0.93349180990129677,-0.31116393663376557)
 (0.93349180990129677,-0.93349180990129677)
 (-0.31116393663376557,0.93349180990129677)
 (0.93349180990129677,-0.93349180990129677)
 (-0.31116393663376557,0.31116393663376557)
 (0.93349180990129677,-0.93349180990129677)
 (0.31116393663376557,-0.31116393663376557)
 (-0.31116393663376557,0.93349180990129677)
 (0.93349180990129677,-0.31116393663376557)
 (-0.93349180990129677,-0.93349180990129677)
 (-0.93349180990129677,0.31116393663376557)
 (-0.31116393663376557,-0.93349180990129677)
 (-0.31116393663376557,-0.93349180990129677)
 (-0.93349180990129677,0.31116393663376557)
 (0.93349180990129677,-0.31116393663376557)
 (-0.31116393663376557,0.93349180990129677)
 (0.93349180990129677,-0.31116393663376557)
 (0.93349180990129677,-0.31116393663376557)
 (-0.93349180990129677,0.31116393663376557)
 (-0.31116393663376557,-0.93349180990129677)
 (0.31116393663376557,-0.93349180990129677)
 (0.93349180990129677,0.31116393663376557)
 (-0.31116393663376557,-0.93349180990129677)
 (0.93349180990129677,0.93349180990129677)
 (0.31116393663376557,-0.31116393663376557)
 (0.31116393663376557,0.93349180990129677)
 (0.31116393663376557,-0.93349180990129677)
 (-0.31116393663376557,-0.93349180990129677)
 (-0.31116393663376557,-0.31116393663376557)
 (-0.31116393663376557,0.93349180990129677)
 (-0.93349180990129677,0.93349180990129677)
 (-0.93349180990129677,0.31116393663376557)
 (-0.93349180990129677,-0.93349180990129677)
 (-0.31116393663376557,0.31116393663376557)
 (0.93349180990129677,0.31116393663376557)
 (-0.31116393663376557,0.31116393663376557)
 (-0.31116393663376557,-0.31116393663376557)
 (0.31116393663376557,0.31116393663376557)
 (-0.93349180990129677,-0.93349180990129677)
 (0.93349180990129677,-0.31116393663376557)
 (-0.93349180990129677,-0.93349180990129677)
 (0.31116393663376557,0.93349180990129677)
 (-0.93349180990129677,0.93349180990129677)
 (-0.31116393663376557,0.93349180990129677)
 (-0.93349180990129677,0.93349180990129677)
 (-0.93349180990129677,0.31116393663376557)
 (-0.93349180990129677,-0.31116393663376557)
