# Created by Octave 8.4.0, Thu Dec 11 09:16:05 2025 IST <gamana@Samsung>
# name: iq
# type: complex matrix
# rows: 2048
# columns: 1
 (-0.94812791701078847,0.31604263900359614)
 (-0.94812791701078847,0.94812791701078847)
 (-0.94812791701078847,-0.31604263900359614)
 (0.31604263900359614,0.94812791701078847)
 (-0.94812791701078847,-0.94812791701078847)
 (-0.31604263900359614,-0.94812791701078847)
 (-0.94812791701078847,0.31604263900359614)
 (0.31604263900359614,-0.94812791701078847)
 (-0.94812791701078847,0.94812791701078847)
 (0.94812791701078847,-0.31604263900359614)
 (-0.31604263900359614,0.94812791701078847)
 (-0.94812791701078847,0.94812791701078847)
 (0.31604263900359614,0.31604263900359614)
 (-0.31604263900359614,0.94812791701078847)
 (-0.31604263900359614,-0.31604263900359614)
 (-0.94812791701078847,0.94812791701078847)
 (0.31604263900359614,-0.94812791701078847)
 (0.31604263900359614,-0.31604263900359614)
 (-0.31604263900359614,0.31604263900359614)
 (0.94812791701078847,0.31604263900359614)
 (0.31604263900359614,0.31604263900359614)
 (0.94812791701078847,0.94812791701078847)
 (0.31604263900359614,0.94812791701078847)
 (-0.94812791701078847,0.94812791701078847)
 (0.94812791701078847,0.31604263900359614)
 (-0.31604263900359614,0.94812791701078847)
 (-0.31604263900359614,0.94812791701078847)
 (-0.31604263900359614,-0.31604263900359614)
 (0.94812791701078847,-0.31604263900359614)
 (-0.31604263900359614,0.31604263900359614)
 (-0.94812791701078847,-0.31604263900359614)
 (0.94812791701078847,-0.94812791701078847)
 (-0.31604263900359614,0.94812791701078847)
 (0.31604263900359614,0.31604263900359614)
 (0.31604263900359614,-0.31604263900359614)
 (0.31604263900359614,-0.31604263900359614)
 (-0.31604263900359614,-0.31604263900359614)
 (0.94812791701078847,-0.94812791701078847)
 (0.31604263900359614,-0.94812791701078847)
 (0.94812791701078847,0.31604263900359614)
 (0.31604263900359614,-0.94812791701078847)
 (0.94812791701078847,-0.94812791701078847)
 (-0.94812791701078847,0.31604263900359614)
 (0.94812791701078847,0.94812791701078847)
 (0.31604263900359614,-0.31604263900359614)
 (0.94812791701078847,0.31604263900359614)
 (-0.31604263900359614,-0.94812791701078847)
 (-0.94812791701078847,0.31604263900359614)
 (-0.31604263900359614,0.94812791701078847)
 (0.94812791701078847,0.31604263900359614)
 (-0.94812791701078847,-0.31604263900359614)
 (0.31604263900359614,0.94812791701078847)
 (0.31604263900359614,-0.31604263900359614)
 (-0.94812791701078847,-0.31604263900359614)
 (-0.94812791701078847,0.31604263900359614)
 (-0.94812791701078847,0.94812791701078847)
 (0.94812791701078847,-0.94812791701078847)
 (-0.31604263900359614,0.94812791701078847)
 (0.31604263900359614,0.94812791701078847)
 (-0.31604263900359614,-0.94812791701078847)
 (-0.94812791701078847,0.31604263900359614)
 (0.94812791701078847,-0.31604263900359614)
 (0.94812791701078847,-0.94812791701078847)
 (-0.94812791701078847,0.31604263900359614)
 (-0.94812791701078847,0.94812791701078847)
 (0.31604263900359614,0.94812791701078847)
 (-0.94812791701078847,0.94812791701078847)
 (-0.94812791701078847,0.31604263900359614)
 (-0.94812791701078847,-0.94812791701078847)
 (-0.31604263900359614,0.31604263900359614)
 (0.31604263900359614,-0.94812791701078847)
 (-0.94812791701078847,0.31604263900359614)
 (-0.94812791701078847,0.31604263900359614)
 (0.94812791701078847,0.31604263900359614)
 (0.94812791701078847,-0.94812791701078847)
 (0.31604263900359614,-0.31604263900359614)
 (-0.94812791701078847,-0.94812791701078847)
 (-0.94812791701078847,-0.94812791701078847)
 (-0.31604263900359614,-0.94812791701078847)
 (-0.31604263900359614,0.94812791701078847)
 (0.31604263900359614,-0.94812791701078847)
 (-0.94812791701078847,0.94812791701078847)
 (0.94812791701078847,-0.94812791701078847)
 (0.94812791701078847,0.94812791701078847)
 (-0.94812791701078847,0.94812791701078847)
 (0.31604263900359614,0.94812791701078847)
 (-0.31604263900359614,-0.94812791701078847)
 (0.31604263900359614,0.94812791701078847)
 (-0.31604263900359614,0.94812791701078847)
 (0.31604263900359614,-0.31604263900359614)
 (0.31604263900359614,-0.31604263900359614)
 (-0.94812791701078847,-0.94812791701078847)
 (-0.94812791701078847,0.94812791701078847)
 (-0.94812791701078847,0.94812791701078847)
 (-0.31604263900359614,0.94812791701078847)
 (-0.94812791701078847,-0.94812791701078847)
 (-0.94812791701078847,-0.31604263900359614)
 (0.94812791701078847,0.94812791701078847)
 (0.94812791701078847,-0.31604263900359614)
 (-0.31604263900359614,-0.31604263900359614)
 (0.94812791701078847,-0.31604263900359614)
 (-0.94812791701078847,-0.94812791701078847)
 (0.31604263900359614,0.31604263900359614)
 (0.31604263900359614,0.31604263900359614)
 (-0.31604263900359614,-0.31604263900359614)
 (-0.31604263900359614,0.94812791701078847)
 (-0.31604263900359614,0.31604263900359614)
 (-0.94812791701078847,-0.31604263900359614)
 (0.94812791701078847,-0.94812791701078847)
 (0.94812791701078847,-0.31604263900359614)
 (0.94812791701078847,0.94812791701078847)
 (0.94812791701078847,-0.94812791701078847)
 (-0.94812791701078847,-0.31604263900359614)
 (-0.31604263900359614,0.31604263900359614)
 (0.31604263900359614,-0.31604263900359614)
 (0.94812791701078847,-0.94812791701078847)
 (0.94812791701078847,-0.31604263900359614)
 (0.94812791701078847,0.94812791701078847)
 (-0.94812791701078847,0.94812791701078847)
 (0.31604263900359614,0.94812791701078847)
 (-0.31604263900359614,0.94812791701078847)
 (-0.94812791701078847,0.94812791701078847)
 (-0.31604263900359614,0.31604263900359614)
 (0.31604263900359614,-0.31604263900359614)
 (0.94812791701078847,0.31604263900359614)
 (0.31604263900359614,0.94812791701078847)
 (0.31604263900359614,0.94812791701078847)
 (-0.94812791701078847,0.31604263900359614)
 (-0.31604263900359614,-0.94812791701078847)
 (0.31604263900359614,0.31604263900359614)
 (-0.31604263900359614,-0.94812791701078847)
 (0.94812791701078847,0.94812791701078847)
 (0.94812791701078847,0.94812791701078847)
 (-0.31604263900359614,0.31604263900359614)
 (0.31604263900359614,-0.94812791701078847)
 (0.31604263900359614,0.94812791701078847)
 (0.94812791701078847,0.94812791701078847)
 (-0.31604263900359614,-0.94812791701078847)
 (-0.31604263900359614,-0.94812791701078847)
 (0.94812791701078847,0.94812791701078847)
 (-0.94812791701078847,0.31604263900359614)
 (-0.94812791701078847,-0.94812791701078847)
 (-0.31604263900359614,0.94812791701078847)
 (-0.31604263900359614,0.94812791701078847)
 (0.94812791701078847,-0.31604263900359614)
 (0.94812791701078847,-0.94812791701078847)
 (0.94812791701078847,-0.31604263900359614)
 (-0.94812791701078847,0.31604263900359614)
 (0.31604263900359614,-0.94812791701078847)
 (-0.31604263900359614,0.94812791701078847)
 (0.94812791701078847,-0.94812791701078847)
 (0.31604263900359614,0.94812791701078847)
 (-0.31604263900359614,-0.94812791701078847)
 (-0.94812791701078847,-0.31604263900359614)
 (-0.94812791701078847,0.94812791701078847)
 (0.94812791701078847,-0.94812791701078847)
 (-0.94812791701078847,-0.94812791701078847)
 (0.31604263900359614,-0.94812791701078847)
 (-0.31604263900359614,0.31604263900359614)
 (-0.31604263900359614,-0.94812791701078847)
 (-0.31604263900359614,0.94812791701078847)
 (0.31604263900359614,-0.31604263900359614)
 (-0.94812791701078847,0.94812791701078847)
 (-0.31604263900359614,-0.31604263900359614)
 (-0.94812791701078847,0.31604263900359614)
 (-0.31604263900359614,-0.94812791701078847)
 (-0.31604263900359614,-0.31604263900359614)
 (0.31604263900359614,-0.31604263900359614)
 (0.94812791701078847,-0.94812791701078847)
 (-0.31604263900359614,0.94812791701078847)
 (0.31604263900359614,-0.31604263900359614)
 (0.94812791701078847,-0.94812791701078847)
 (-0.94812791701078847,-0.31604263900359614)
 (-0.31604263900359614,-0.94812791701078847)
 (0.31604263900359614,-0.94812791701078847)
 (-0.31604263900359614,0.31604263900359614)
 (-0.94812791701078847,-0.94812791701078847)
 (-0.31604263900359614,-0.94812791701078847)
