# Created by Octave 8.4.0, Thu Dec 11 09:16:05 2025 IST <gamana@Samsung>
# name: iq
# type: complex matrix
# rows: 2048
# columns: 1
 (0.95732323717206103,-0.95732323717206103)
 (-0.95732323717206103,-0.31910774572402034)
 (-0.95732323717206103,0.31910774572402034)
 (0.95732323717206103,-0.95732323717206103)
 (-0.31910774572402034,-0.31910774572402034)
 (-0.95732323717206103,0.31910774572402034)
 (-0.95732323717206103,0.31910774572402034)
 (-0.31910774572402034,-0.95732323717206103)
 (-0.31910774572402034,0.31910774572402034)
 (0.31910774572402034,0.95732323717206103)
 (0.31910774572402034,-0.31910774572402034)
 (-0.31910774572402034,-0.31910774572402034)
 (-0.31910774572402034,-0.95732323717206103)
 (0.95732323717206103,-0.95732323717206103)
 (-0.31910774572402034,-0.31910774572402034)
 (-0.31910774572402034,0.95732323717206103)
 (0.31910774572402034,0.31910774572402034)
 (0.31910774572402034,0.31910774572402034)
 (-0.95732323717206103,-0.95732323717206103)
 (0.31910774572402034,-0.95732323717206103)
 (-0.31910774572402034,0.95732323717206103)
 (-0.95732323717206103,0.31910774572402034)
 (-0.95732323717206103,0.31910774572402034)
 (-0.31910774572402034,0.95732323717206103)
 (0.95732323717206103,0.95732323717206103)
 (-0.95732323717206103,-0.31910774572402034)
 (-0.95732323717206103,0.31910774572402034)
 (-0.31910774572402034,0.31910774572402034)
 (0.95732323717206103,-0.95732323717206103)
 (-0.31910774572402034,0.95732323717206103)
 (0.31910774572402034,0.95732323717206103)
 (0.95732323717206103,-0.95732323717206103)
 (0.95732323717206103,0.95732323717206103)
 (-0.95732323717206103,-0.95732323717206103)
 (-0.95732323717206103,-0.31910774572402034)
 (0.95732323717206103,-0.31910774572402034)
 (0.95732323717206103,0.31910774572402034)
 (-0.31910774572402034,0.31910774572402034)
 (-0.31910774572402034,-0.95732323717206103)
 (-0.31910774572402034,0.95732323717206103)
 (-0.95732323717206103,0.95732323717206103)
 (-0.95732323717206103,0.31910774572402034)
 (0.95732323717206103,0.31910774572402034)
 (0.31910774572402034,-0.31910774572402034)
 (0.95732323717206103,0.31910774572402034)
 (-0.95732323717206103,-0.95732323717206103)
 (-0.95732323717206103,0.95732323717206103)
 (0.31910774572402034,-0.31910774572402034)
 (0.31910774572402034,0.95732323717206103)
 (0.95732323717206103,-0.31910774572402034)
 (-0.31910774572402034,0.31910774572402034)
 (0.95732323717206103,-0.31910774572402034)
 (0.31910774572402034,-0.95732323717206103)
 (0.31910774572402034,0.95732323717206103)
 (-0.95732323717206103,0.95732323717206103)
 (-0.95732323717206103,-0.95732323717206103)
 (-0.31910774572402034,-0.95732323717206103)
 (0.95732323717206103,0.31910774572402034)
 (-0.31910774572402034,-0.95732323717206103)
 (0.95732323717206103,0.31910774572402034)
 (-0.95732323717206103,0.95732323717206103)
 (0.95732323717206103,0.31910774572402034)
 (0.95732323717206103,-0.31910774572402034)
 (0.31910774572402034,0.95732323717206103)
 (0.31910774572402034,0.31910774572402034)
 (0.95732323717206103,-0.31910774572402034)
 (0.31910774572402034,-0.95732323717206103)
 (-0.95732323717206103,0.31910774572402034)
 (0.95732323717206103,0.31910774572402034)
 (-0.95732323717206103,0.95732323717206103)
 (0.31910774572402034,-0.95732323717206103)
 (0.31910774572402034,0.95732323717206103)
 (-0.31910774572402034,0.95732323717206103)
 (0.95732323717206103,-0.95732323717206103)
 (-0.31910774572402034,-0.95732323717206103)
 (-0.31910774572402034,-0.31910774572402034)
 (0.95732323717206103,-0.31910774572402034)
 (-0.31910774572402034,-0.31910774572402034)
 (-0.31910774572402034,-0.31910774572402034)
 (0.31910774572402034,-0.95732323717206103)
 (-0.31910774572402034,0.95732323717206103)
 (-0.31910774572402034,0.95732323717206103)
 (0.95732323717206103,0.95732323717206103)
 (0.31910774572402034,0.31910774572402034)
 (-0.31910774572402034,-0.95732323717206103)
 (0.95732323717206103,0.95732323717206103)
 (0.31910774572402034,-0.95732323717206103)
 (0.95732323717206103,-0.95732323717206103)
 (-0.95732323717206103,-0.31910774572402034)
 (0.31910774572402034,-0.95732323717206103)
 (-0.31910774572402034,-0.31910774572402034)
 (0.31910774572402034,0.95732323717206103)
 (-0.31910774572402034,-0.31910774572402034)
 (0.31910774572402034,0.31910774572402034)
 (-0.95732323717206103,0.31910774572402034)
 (-0.31910774572402034,-0.95732323717206103)
 (0.31910774572402034,0.31910774572402034)
 (0.95732323717206103,-0.31910774572402034)
 (0.95732323717206103,-0.95732323717206103)
 (0.95732323717206103,0.95732323717206103)
 (0.95732323717206103,0.95732323717206103)
 (0.31910774572402034,-0.31910774572402034)
 (-0.31910774572402034,0.95732323717206103)
 (0.31910774572402034,-0.31910774572402034)
 (0.31910774572402034,0.95732323717206103)
 (0.95732323717206103,0.31910774572402034)
 (-0.31910774572402034,0.31910774572402034)
 (0.95732323717206103,0.31910774572402034)
 (0.31910774572402034,-0.95732323717206103)
 (-0.31910774572402034,0.31910774572402034)
 (0.31910774572402034,-0.95732323717206103)
 (0.31910774572402034,-0.95732323717206103)
 (-0.95732323717206103,-0.95732323717206103)
 (0.95732323717206103,0.95732323717206103)
 (-0.95732323717206103,-0.31910774572402034)
 (0.31910774572402034,0.31910774572402034)
 (0.31910774572402034,0.95732323717206103)
 (0.95732323717206103,-0.31910774572402034)
 (-0.95732323717206103,-0.31910774572402034)
 (0.31910774572402034,0.31910774572402034)
 (0.31910774572402034,0.95732323717206103)
 (0.31910774572402034,0.95732323717206103)
 (0.31910774572402034,-0.31910774572402034)
 (0.95732323717206103,-0.95732323717206103)
 (-0.95732323717206103,0.95732323717206103)
 (0.31910774572402034,0.95732323717206103)
 (-0.31910774572402034,-0.31910774572402034)
 (0.31910774572402034,-0.31910774572402034)
 (0.95732323717206103,-0.95732323717206103)
 (-0.31910774572402034,0.31910774572402034)
 (0.95732323717206103,0.31910774572402034)
 (0.95732323717206103,-0.31910774572402034)
 (-0.95732323717206103,0.95732323717206103)
 (-0.31910774572402034,0.31910774572402034)
 (0.31910774572402034,-0.95732323717206103)
 (0.95732323717206103,0.31910774572402034)
 (-0.31910774572402034,0.31910774572402034)
 (0.95732323717206103,0.95732323717206103)
 (0.95732323717206103,-0.31910774572402034)
 (-0.31910774572402034,-0.95732323717206103)
 (0.95732323717206103,0.95732323717206103)
 (-0.95732323717206103,0.31910774572402034)
 (0.31910774572402034,-0.95732323717206103)
 (0.31910774572402034,0.95732323717206103)
 (-0.31910774572402034,-0.95732323717206103)
 (-0.31910774572402034,-0.95732323717206103)
 (0.95732323717206103,0.95732323717206103)
 (-0.31910774572402034,0.31910774572402034)
 (-0.31910774572402034,0.95732323717206103)
 (-0.95732323717206103,0.95732323717206103)
 (0.31910774572402034,-0.31910774572402034)
 (-0.31910774572402034,0.31910774572402034)
 (-0.31910774572402034,-0.31910774572402034)
 (0.31910774572402034,-0.31910774572402034)
 (0.95732323717206103,-0.31910774572402034)
 (0.95732323717206103,0.95732323717206103)
 (-0.31910774572402034,-0.31910774572402034)
 (0.95732323717206103,-0.95732323717206103)
 (-0.95732323717206103,0.95732323717206103)
 (0.31910774572402034,-0.95732323717206103)
 (0.95732323717206103,-0.95732323717206103)
 (-0.95732323717206103,-0.31910774572402034)
 (-0.95732323717206103,-0.31910774572402034)
 (0.31910774572402034,-0.95732323717206103)
 (-0.31910774572402034,0.31910774572402034)
 (0.95732323717206103,0.95732323717206103)
 (0.31910774572402034,0.95732323717206103)
 (0.31910774572402034,0.95732323717206103)
 (-0.31910774572402034,-0.31910774572402034)
 (0.31910774572402034,0.95732323717206103)
 (-0.95732323717206103,0.31910774572402034)
 (0.95732323717206103,-0.31910774572402034)
 (-0.95732323717206103,-0.95732323717206103)
 (-0.31910774572402034,-0.95732323717206103)
 (-0.95732323717206103,0.95732323717206103)
 (-0.31910774572402034,0.95732323717206103)
 (0.95732323717206103,0.31910774572402034)
 (-0.95732323717206103,-0.95732323717206103)
 (0.95732323717206103,0.95732323717206103)
