# Created by Octave 8.4.0, Thu Dec 11 09:16:05 2025 IST <gamana@Samsung>
# name: iq
# type: complex matrix
# rows: 2048
# columns: 1
 (-0.96019205761920667,-0.96019205761920667)
 (0.32006401920640221,-0.32006401920640221)
 (-0.96019205761920667,-0.96019205761920667)
 (-0.96019205761920667,0.96019205761920667)
 (0.96019205761920667,0.96019205761920667)
 (0.96019205761920667,0.96019205761920667)
 (0.32006401920640221,-0.32006401920640221)
 (0.96019205761920667,0.32006401920640221)
 (0.32006401920640221,-0.96019205761920667)
 (-0.96019205761920667,-0.96019205761920667)
 (0.96019205761920667,-0.32006401920640221)
 (0.96019205761920667,-0.32006401920640221)
 (0.96019205761920667,-0.96019205761920667)
 (-0.32006401920640221,0.96019205761920667)
 (0.32006401920640221,0.96019205761920667)
 (-0.32006401920640221,0.32006401920640221)
 (-0.96019205761920667,0.96019205761920667)
 (0.96019205761920667,-0.32006401920640221)
 (-0.96019205761920667,0.32006401920640221)
 (0.96019205761920667,0.32006401920640221)
 (0.96019205761920667,-0.32006401920640221)
 (-0.96019205761920667,0.32006401920640221)
 (0.32006401920640221,0.96019205761920667)
 (-0.32006401920640221,0.96019205761920667)
 (0.32006401920640221,0.32006401920640221)
 (0.32006401920640221,0.32006401920640221)
 (-0.32006401920640221,-0.96019205761920667)
 (0.32006401920640221,-0.32006401920640221)
 (-0.96019205761920667,0.32006401920640221)
 (-0.32006401920640221,0.32006401920640221)
 (-0.32006401920640221,0.96019205761920667)
 (0.32006401920640221,-0.32006401920640221)
 (0.96019205761920667,0.96019205761920667)
 (0.32006401920640221,-0.32006401920640221)
 (0.96019205761920667,-0.32006401920640221)
 (-0.96019205761920667,0.32006401920640221)
 (-0.32006401920640221,-0.32006401920640221)
 (-0.96019205761920667,-0.32006401920640221)
 (0.32006401920640221,0.96019205761920667)
 (0.96019205761920667,-0.96019205761920667)
 (-0.32006401920640221,0.96019205761920667)
 (-0.32006401920640221,0.96019205761920667)
 (0.96019205761920667,-0.32006401920640221)
 (-0.32006401920640221,0.96019205761920667)
 (-0.96019205761920667,-0.96019205761920667)
 (-0.96019205761920667,0.32006401920640221)
 (-0.96019205761920667,-0.96019205761920667)
 (0.32006401920640221,-0.96019205761920667)
 (-0.32006401920640221,0.32006401920640221)
 (-0.96019205761920667,-0.32006401920640221)
 (0.32006401920640221,0.32006401920640221)
 (-0.32006401920640221,-0.32006401920640221)
 (-0.32006401920640221,-0.96019205761920667)
 (-0.32006401920640221,0.32006401920640221)
 (-0.96019205761920667,-0.32006401920640221)
 (0.96019205761920667,-0.32006401920640221)
 (0.32006401920640221,0.32006401920640221)
 (0.96019205761920667,-0.96019205761920667)
 (-0.96019205761920667,-0.96019205761920667)
 (0.96019205761920667,-0.96019205761920667)
 (-0.96019205761920667,0.96019205761920667)
 (0.96019205761920667,-0.32006401920640221)
 (0.96019205761920667,0.32006401920640221)
 (0.96019205761920667,0.32006401920640221)
 (0.32006401920640221,-0.96019205761920667)
 (0.32006401920640221,-0.96019205761920667)
 (0.32006401920640221,0.32006401920640221)
 (0.32006401920640221,0.32006401920640221)
 (0.96019205761920667,0.96019205761920667)
 (0.32006401920640221,0.96019205761920667)
 (-0.96019205761920667,0.32006401920640221)
 (0.32006401920640221,-0.32006401920640221)
 (-0.96019205761920667,-0.32006401920640221)
 (0.32006401920640221,-0.32006401920640221)
 (0.96019205761920667,-0.96019205761920667)
 (0.96019205761920667,0.96019205761920667)
 (-0.96019205761920667,0.96019205761920667)
 (-0.96019205761920667,0.32006401920640221)
 (-0.32006401920640221,0.96019205761920667)
 (-0.32006401920640221,-0.32006401920640221)
 (-0.32006401920640221,0.96019205761920667)
 (0.96019205761920667,0.32006401920640221)
 (0.96019205761920667,-0.32006401920640221)
 (0.32006401920640221,0.32006401920640221)
 (-0.96019205761920667,0.96019205761920667)
 (-0.96019205761920667,-0.96019205761920667)
 (-0.96019205761920667,0.96019205761920667)
 (0.96019205761920667,0.32006401920640221)
 (-0.32006401920640221,0.96019205761920667)
 (0.32006401920640221,-0.96019205761920667)
 (0.96019205761920667,0.96019205761920667)
 (-0.96019205761920667,-0.96019205761920667)
 (0.32006401920640221,0.96019205761920667)
 (0.32006401920640221,0.96019205761920667)
 (-0.32006401920640221,-0.96019205761920667)
 (0.96019205761920667,-0.32006401920640221)
 (0.32006401920640221,-0.96019205761920667)
 (0.32006401920640221,-0.32006401920640221)
 (-0.96019205761920667,0.96019205761920667)
 (-0.96019205761920667,0.32006401920640221)
 (-0.32006401920640221,0.32006401920640221)
 (0.32006401920640221,0.96019205761920667)
 (0.96019205761920667,-0.96019205761920667)
 (-0.96019205761920667,-0.32006401920640221)
 (-0.96019205761920667,0.96019205761920667)
 (-0.96019205761920667,0.96019205761920667)
 (0.32006401920640221,-0.32006401920640221)
 (-0.32006401920640221,0.32006401920640221)
 (0.96019205761920667,0.96019205761920667)
 (0.32006401920640221,0.32006401920640221)
 (-0.96019205761920667,0.96019205761920667)
 (-0.96019205761920667,0.32006401920640221)
 (-0.96019205761920667,0.96019205761920667)
 (-0.32006401920640221,-0.96019205761920667)
 (0.32006401920640221,-0.96019205761920667)
 (-0.32006401920640221,-0.32006401920640221)
 (-0.96019205761920667,0.32006401920640221)
 (0.32006401920640221,-0.96019205761920667)
 (0.32006401920640221,0.32006401920640221)
 (-0.96019205761920667,-0.96019205761920667)
 (-0.96019205761920667,0.32006401920640221)
 (-0.32006401920640221,-0.96019205761920667)
 (-0.32006401920640221,0.32006401920640221)
 (0.96019205761920667,-0.32006401920640221)
 (0.32006401920640221,0.96019205761920667)
 (-0.32006401920640221,-0.32006401920640221)
 (-0.96019205761920667,0.96019205761920667)
 (-0.32006401920640221,-0.96019205761920667)
 (-0.96019205761920667,-0.96019205761920667)
 (-0.32006401920640221,0.96019205761920667)
 (-0.96019205761920667,-0.96019205761920667)
 (0.96019205761920667,0.96019205761920667)
 (-0.32006401920640221,0.96019205761920667)
 (0.32006401920640221,0.32006401920640221)
 (0.96019205761920667,0.32006401920640221)
 (0.32006401920640221,0.32006401920640221)
 (0.32006401920640221,0.96019205761920667)
 (-0.32006401920640221,-0.32006401920640221)
 (0.96019205761920667,-0.96019205761920667)
 (-0.96019205761920667,-0.32006401920640221)
 (-0.96019205761920667,0.96019205761920667)
 (-0.96019205761920667,0.32006401920640221)
 (0.32006401920640221,0.96019205761920667)
 (-0.32006401920640221,0.32006401920640221)
 (0.32006401920640221,0.32006401920640221)
 (0.96019205761920667,-0.96019205761920667)
 (0.96019205761920667,0.96019205761920667)
 (0.32006401920640221,0.32006401920640221)
 (-0.32006401920640221,0.96019205761920667)
 (0.32006401920640221,0.96019205761920667)
 (0.96019205761920667,-0.96019205761920667)
 (0.96019205761920667,-0.32006401920640221)
 (-0.32006401920640221,0.96019205761920667)
 (-0.32006401920640221,-0.32006401920640221)
 (-0.96019205761920667,-0.32006401920640221)
 (-0.32006401920640221,-0.32006401920640221)
 (0.32006401920640221,-0.96019205761920667)
 (-0.32006401920640221,-0.96019205761920667)
 (-0.32006401920640221,-0.32006401920640221)
 (-0.96019205761920667,0.32006401920640221)
 (-0.32006401920640221,0.96019205761920667)
 (0.32006401920640221,-0.32006401920640221)
 (0.32006401920640221,0.32006401920640221)
 (-0.96019205761920667,0.32006401920640221)
 (0.32006401920640221,-0.96019205761920667)
 (-0.96019205761920667,0.32006401920640221)
 (-0.32006401920640221,-0.96019205761920667)
 (0.96019205761920667,-0.96019205761920667)
 (-0.32006401920640221,0.32006401920640221)
 (0.96019205761920667,0.32006401920640221)
 (-0.32006401920640221,-0.32006401920640221)
 (0.32006401920640221,-0.96019205761920667)
 (0.96019205761920667,0.96019205761920667)
 (0.96019205761920667,0.32006401920640221)
 (-0.96019205761920667,0.96019205761920667)
 (0.32006401920640221,0.96019205761920667)
 (-0.32006401920640221,0.96019205761920667)
 (0.96019205761920667,0.96019205761920667)
 (-0.32006401920640221,-0.32006401920640221)
